1 2 3 -1 -1 -1 -1 -1 -1 -1 -1 -1 -1 -1
2 1 6 7 -1 -1 -1 -1 -1 -1 -1 -1 -1 -1
3 1 -1 -1 -1 -1 -1 -1 -1 -1 -1 -1 -1 -1
4 5 1575 -1 -1 -1 -1 -1 -1 -1 -1 -1 -1 -1
5 4 1571 -1 -1 -1 -1 -1 -1 -1 -1 -1 -1 -1
6 2 14 -1 -1 -1 -1 -1 -1 -1 -1 -1 -1 -1
7 2 14 -1 -1 -1 -1 -1 -1 -1 -1 -1 -1 -1
8 9 10 -1 -1 -1 -1 -1 -1 -1 -1 -1 -1 -1
9 8 10 18 -1 -1 -1 -1 -1 -1 -1 -1 -1 -1
10 8 9 1572 -1 -1 -1 -1 -1 -1 -1 -1 -1 -1
11 12 1573 -1 -1 -1 -1 -1 -1 -1 -1 -1 -1 -1
12 11 13 -1 -1 -1 -1 -1 -1 -1 -1 -1 -1 -1
13 12 -1 -1 -1 -1 -1 -1 -1 -1 -1 -1 -1 -1
14 6 7 15 -1 -1 -1 -1 -1 -1 -1 -1 -1 -1
15 14 16 17 -1 -1 -1 -1 -1 -1 -1 -1 -1 -1
16 15 17 -1 -1 -1 -1 -1 -1 -1 -1 -1 -1 -1
17 15 16 -1 -1 -1 -1 -1 -1 -1 -1 -1 -1 -1
18 9 -1 -1 -1 -1 -1 -1 -1 -1 -1 -1 -1 -1
19 20 21 1577 -1 -1 -1 -1 -1 -1 -1 -1 -1 -1
20 19 21 -1 -1 -1 -1 -1 -1 -1 -1 -1 -1 -1
21 19 20 60 61 -1 -1 -1 -1 -1 -1 -1 -1 -1
22 23 1576 -1 -1 -1 -1 -1 -1 -1 -1 -1 -1 -1
23 22 24 -1 -1 -1 -1 -1 -1 -1 -1 -1 -1 -1
24 23 25 -1 -1 -1 -1 -1 -1 -1 -1 -1 -1 -1
25 24 30 32 36 37 -1 -1 -1 -1 -1 -1 -1 -1
26 27 28 29 -1 -1 -1 -1 -1 -1 -1 -1 -1 -1
27 26 29 -1 -1 -1 -1 -1 -1 -1 -1 -1 -1 -1
28 26 31 32 -1 -1 -1 -1 -1 -1 -1 -1 -1 -1
29 26 27 -1 -1 -1 -1 -1 -1 -1 -1 -1 -1 -1
30 25 31 32 -1 -1 -1 -1 -1 -1 -1 -1 -1 -1
31 28 30 32 40 41 -1 -1 -1 -1 -1 -1 -1 -1
32 25 28 30 31 -1 -1 -1 -1 -1 -1 -1 -1 -1
33 34 35 36 37 38 39 -1 -1 -1 -1 -1 -1 -1
34 33 35 38 39 42 43 44 -1 -1 -1 -1 -1 -1
35 33 34 39 42 45 -1 -1 -1 -1 -1 -1 -1 -1
36 25 33 37 39 -1 -1 -1 -1 -1 -1 -1 -1 -1
37 25 33 36 40 -1 -1 -1 -1 -1 -1 -1 -1 -1
38 33 34 39 63 -1 -1 -1 -1 -1 -1 -1 -1 -1
39 33 34 35 36 38 -1 -1 -1 -1 -1 -1 -1 -1
40 31 37 41 -1 -1 -1 -1 -1 -1 -1 -1 -1 -1
41 31 40 49 -1 -1 -1 -1 -1 -1 -1 -1 -1 -1
42 34 35 43 45 -1 -1 -1 -1 -1 -1 -1 -1 -1
43 34 42 44 47 50 -1 -1 -1 -1 -1 -1 -1 -1
44 34 43 46 47 -1 -1 -1 -1 -1 -1 -1 -1 -1
45 35 42 49 51 -1 -1 -1 -1 -1 -1 -1 -1 -1
46 44 47 48 -1 -1 -1 -1 -1 -1 -1 -1 -1 -1
47 43 44 46 50 52 -1 -1 -1 -1 -1 -1 -1 -1
48 46 64 65 -1 -1 -1 -1 -1 -1 -1 -1 -1 -1
49 41 45 51 -1 -1 -1 -1 -1 -1 -1 -1 -1 -1
50 43 47 52 54 57 -1 -1 -1 -1 -1 -1 -1 -1
51 45 49 53 -1 -1 -1 -1 -1 -1 -1 -1 -1 -1
52 47 50 57 58 68 -1 -1 -1 -1 -1 -1 -1 -1
53 51 54 55 56 -1 -1 -1 -1 -1 -1 -1 -1 -1
54 50 53 55 -1 -1 -1 -1 -1 -1 -1 -1 -1 -1
55 53 54 59 -1 -1 -1 -1 -1 -1 -1 -1 -1 -1
56 53 -1 -1 -1 -1 -1 -1 -1 -1 -1 -1 -1 -1
57 50 52 58 -1 -1 -1 -1 -1 -1 -1 -1 -1 -1
58 52 57 68 -1 -1 -1 -1 -1 -1 -1 -1 -1 -1
59 55 72 -1 -1 -1 -1 -1 -1 -1 -1 -1 -1 -1
60 21 61 -1 -1 -1 -1 -1 -1 -1 -1 -1 -1 -1
61 21 60 -1 -1 -1 -1 -1 -1 -1 -1 -1 -1 -1
62 63 -1 -1 -1 -1 -1 -1 -1 -1 -1 -1 -1 -1
63 38 62 -1 -1 -1 -1 -1 -1 -1 -1 -1 -1 -1
64 48 65 -1 -1 -1 -1 -1 -1 -1 -1 -1 -1 -1
65 48 64 -1 -1 -1 -1 -1 -1 -1 -1 -1 -1 -1
66 67 -1 -1 -1 -1 -1 -1 -1 -1 -1 -1 -1 -1
67 66 -1 -1 -1 -1 -1 -1 -1 -1 -1 -1 -1 -1
68 52 58 -1 -1 -1 -1 -1 -1 -1 -1 -1 -1 -1
69 70 71 -1 -1 -1 -1 -1 -1 -1 -1 -1 -1 -1
70 69 71 -1 -1 -1 -1 -1 -1 -1 -1 -1 -1 -1
71 69 70 -1 -1 -1 -1 -1 -1 -1 -1 -1 -1 -1
72 59 1186 1187 -1 -1 -1 -1 -1 -1 -1 -1 -1 -1
73 74 75 76 77 78 -1 -1 -1 -1 -1 -1 -1 -1
74 73 76 77 78 79 -1 -1 -1 -1 -1 -1 -1 -1
75 73 80 -1 -1 -1 -1 -1 -1 -1 -1 -1 -1 -1
76 73 74 77 78 79 81 82 -1 -1 -1 -1 -1 -1
77 73 74 76 78 80 81 82 83 84 -1 -1 -1 -1
78 73 74 76 77 79 81 82 83 84 -1 -1 -1 -1
79 74 76 78 81 -1 -1 -1 -1 -1 -1 -1 -1 -1
80 75 77 83 85 -1 -1 -1 -1 -1 -1 -1 -1 -1
81 76 77 78 79 82 84 -1 -1 -1 -1 -1 -1 -1
82 76 77 78 81 83 84 -1 -1 -1 -1 -1 -1 -1
83 77 78 80 82 84 85 -1 -1 -1 -1 -1 -1 -1
84 77 78 81 82 83 89 -1 -1 -1 -1 -1 -1 -1
85 80 83 86 -1 -1 -1 -1 -1 -1 -1 -1 -1 -1
86 85 89 90 91 92 -1 -1 -1 -1 -1 -1 -1 -1
87 88 1578 -1 -1 -1 -1 -1 -1 -1 -1 -1 -1 -1
88 87 95 96 -1 -1 -1 -1 -1 -1 -1 -1 -1 -1
89 84 86 90 91 93 94 -1 -1 -1 -1 -1 -1 -1
90 86 89 91 92 94 -1 -1 -1 -1 -1 -1 -1 -1
91 86 89 90 92 94 102 103 104 105 -1 -1 -1 -1
92 86 90 91 102 103 104 -1 -1 -1 -1 -1 -1 -1
93 89 94 -1 -1 -1 -1 -1 -1 -1 -1 -1 -1 -1
94 89 90 91 93 102 105 -1 -1 -1 -1 -1 -1 -1
95 88 97 98 99 -1 -1 -1 -1 -1 -1 -1 -1 -1
96 88 -1 -1 -1 -1 -1 -1 -1 -1 -1 -1 -1 -1
97 95 98 99 -1 -1 -1 -1 -1 -1 -1 -1 -1 -1
98 95 97 99 106 107 -1 -1 -1 -1 -1 -1 -1 -1
99 95 97 98 101 106 107 -1 -1 -1 -1 -1 -1 -1
100 101 -1 -1 -1 -1 -1 -1 -1 -1 -1 -1 -1 -1
101 99 100 -1 -1 -1 -1 -1 -1 -1 -1 -1 -1 -1
102 91 92 94 103 104 105 -1 -1 -1 -1 -1 -1 -1
103 91 92 102 104 108 -1 -1 -1 -1 -1 -1 -1 -1
104 91 92 102 103 105 -1 -1 -1 -1 -1 -1 -1 -1
105 91 94 102 104 109 -1 -1 -1 -1 -1 -1 -1 -1
106 98 99 107 -1 -1 -1 -1 -1 -1 -1 -1 -1 -1
107 98 99 106 110 111 -1 -1 -1 -1 -1 -1 -1 -1
108 103 198 -1 -1 -1 -1 -1 -1 -1 -1 -1 -1 -1
109 105 128 -1 -1 -1 -1 -1 -1 -1 -1 -1 -1 -1
110 107 -1 -1 -1 -1 -1 -1 -1 -1 -1 -1 -1 -1
111 107 -1 -1 -1 -1 -1 -1 -1 -1 -1 -1 -1 -1
112 113 114 -1 -1 -1 -1 -1 -1 -1 -1 -1 -1 -1
113 112 115 116 117 118 119 120 -1 -1 -1 -1 -1 -1
114 112 207 221 222 -1 -1 -1 -1 -1 -1 -1 -1 -1
115 113 116 117 118 119 120 121 -1 -1 -1 -1 -1 -1
116 113 115 117 118 119 120 -1 -1 -1 -1 -1 -1 -1
117 113 115 116 118 119 -1 -1 -1 -1 -1 -1 -1 -1
118 113 115 116 117 119 120 121 123 125 126 -1 -1 -1
119 113 115 116 117 118 125 126 -1 -1 -1 -1 -1 -1
120 113 115 116 118 121 128 -1 -1 -1 -1 -1 -1 -1
121 115 118 120 122 123 125 -1 -1 -1 -1 -1 -1 -1
122 121 123 124 -1 -1 -1 -1 -1 -1 -1 -1 -1 -1
123 118 121 122 124 125 -1 -1 -1 -1 -1 -1 -1 -1
124 122 123 127 -1 -1 -1 -1 -1 -1 -1 -1 -1 -1
125 118 119 121 123 126 -1 -1 -1 -1 -1 -1 -1 -1
126 118 119 125 -1 -1 -1 -1 -1 -1 -1 -1 -1 -1
127 124 565 566 -1 -1 -1 -1 -1 -1 -1 -1 -1 -1
128 109 120 -1 -1 -1 -1 -1 -1 -1 -1 -1 -1 -1
129 130 131 132 133 134 135 136 -1 -1 -1 -1 -1 -1
130 129 131 133 134 136 137 138 -1 -1 -1 -1 -1 -1
131 129 130 134 136 137 138 139 -1 -1 -1 -1 -1 -1
132 129 133 135 140 -1 -1 -1 -1 -1 -1 -1 -1 -1
133 129 130 132 134 135 145 147 -1 -1 -1 -1 -1 -1
134 129 130 131 133 135 137 141 142 148 149 150 -1 -1
135 129 132 133 134 145 147 149 154 -1 -1 -1 -1 -1
136 129 130 131 138 1369 1370 1374 -1 -1 -1 -1 -1 -1
137 130 131 134 138 139 141 142 143 -1 -1 -1 -1 -1
138 130 131 136 137 1370 1373 1374 -1 -1 -1 -1 -1 -1
139 131 137 141 143 144 -1 -1 -1 -1 -1 -1 -1 -1
140 132 145 146 -1 -1 -1 -1 -1 -1 -1 -1 -1 -1
141 134 137 139 142 143 148 150 151 152 -1 -1 -1 -1
142 134 137 141 148 149 150 151 152 155 156 157 -1 -1
143 137 139 141 144 160 161 284 289 296 -1 -1 -1 -1
144 139 143 283 284 285 289 -1 -1 -1 -1 -1 -1 -1
145 133 135 140 147 153 154 -1 -1 -1 -1 -1 -1 -1
146 140 153 259 -1 -1 -1 -1 -1 -1 -1 -1 -1 -1
147 133 135 145 149 154 -1 -1 -1 -1 -1 -1 -1 -1
148 134 141 142 149 150 155 156 157 -1 -1 -1 -1 -1
149 134 135 142 147 148 150 155 156 157 -1 -1 -1 -1
150 134 141 142 148 149 151 152 155 156 157 162 -1 -1
151 141 142 150 152 155 157 159 160 161 162 -1 -1 -1
152 141 142 150 151 155 156 157 159 162 163 164 165 -1
153 145 146 154 -1 -1 -1 -1 -1 -1 -1 -1 -1 -1
154 135 145 147 153 158 -1 -1 -1 -1 -1 -1 -1 -1
155 142 148 149 150 151 152 156 157 163 -1 -1 -1 -1
156 142 148 149 150 152 155 157 163 -1 -1 -1 -1 -1
157 142 148 149 150 151 152 155 156 159 163 166 167 168
158 154 169 170 171 -1 -1 -1 -1 -1 -1 -1 -1 -1
159 151 152 157 162 163 164 165 167 168 172 173 174 -1
160 143 151 161 162 289 296 298 302 -1 -1 -1 -1 -1
161 143 151 160 162 289 296 298 302 -1 -1 -1 -1 -1
162 150 151 152 159 160 161 174 298 302 -1 -1 -1 -1
163 152 155 156 157 159 165 166 167 168 172 -1 -1 -1
164 152 159 165 167 172 173 174 185 186 -1 -1 -1 -1
165 152 159 163 164 167 168 172 173 174 185 187 -1 -1
166 157 163 167 168 169 171 172 184 187 188 -1 -1 -1
167 157 159 163 164 165 166 168 172 173 185 187 188 -1
168 157 159 163 165 166 167 171 172 187 188 189 -1 -1
169 158 166 170 171 -1 -1 -1 -1 -1 -1 -1 -1 -1
170 158 169 171 182 183 -1 -1 -1 -1 -1 -1 -1 -1
171 158 166 168 169 170 184 -1 -1 -1 -1 -1 -1 -1
172 159 163 164 165 166 167 168 173 185 187 188 189 -1
173 159 164 165 167 172 174 185 186 187 -1 -1 -1 -1
174 159 162 164 165 173 186 298 302 303 -1 -1 -1 -1
175 176 177 178 179 180 181 -1 -1 -1 -1 -1 -1 -1
176 175 178 179 180 181 192 -1 -1 -1 -1 -1 -1 -1
177 175 178 -1 -1 -1 -1 -1 -1 -1 -1 -1 -1 -1
178 175 176 177 179 274 -1 -1 -1 -1 -1 -1 -1 -1
179 175 176 178 274 275 276 -1 -1 -1 -1 -1 -1 -1
180 175 176 181 191 -1 -1 -1 -1 -1 -1 -1 -1 -1
181 175 176 180 182 190 191 192 -1 -1 -1 -1 -1 -1
182 170 181 183 190 191 -1 -1 -1 -1 -1 -1 -1 -1
183 170 182 190 191 195 199 200 -1 -1 -1 -1 -1 -1
184 166 171 188 189 193 195 196 -1 -1 -1 -1 -1 -1
185 164 165 167 172 173 187 188 189 194 197 201 -1 -1
186 164 173 174 302 303 -1 -1 -1 -1 -1 -1 -1 -1
187 165 166 167 168 172 173 185 188 189 194 197 -1 -1
188 166 167 168 172 184 185 187 189 193 194 -1 -1 -1
189 168 172 184 185 187 188 193 194 196 197 203 204 -1
190 181 182 183 191 195 199 -1 -1 -1 -1 -1 -1 -1
191 180 181 182 183 190 199 -1 -1 -1 -1 -1 -1 -1
192 176 181 -1 -1 -1 -1 -1 -1 -1 -1 -1 -1 -1
193 184 188 189 195 196 200 202 203 -1 -1 -1 -1 -1
194 185 187 188 189 196 197 201 203 204 -1 -1 -1 -1
195 183 184 190 193 196 199 200 202 -1 -1 -1 -1 -1
196 184 189 193 194 195 197 200 202 203 204 212 213 -1
197 185 187 189 194 196 201 203 204 212 214 215 -1 -1
198 108 210 272 273 276 -1 -1 -1 -1 -1 -1 -1 -1
199 183 190 191 195 200 205 -1 -1 -1 -1 -1 -1 -1
200 183 193 195 196 199 202 212 213 216 217 218 219 -1
201 185 194 197 204 214 215 -1 -1 -1 -1 -1 -1 -1
202 193 195 196 200 203 212 213 216 219 -1 -1 -1 -1
203 189 193 194 196 197 202 204 212 213 214 215 220 -1
204 189 194 196 197 201 203 212 214 215 220 -1 -1 -1
205 199 216 217 218 226 227 228 229 -1 -1 -1 -1 -1
206 207 208 209 210 211 -1 -1 -1 -1 -1 -1 -1 -1
207 114 206 209 221 222 -1 -1 -1 -1 -1 -1 -1 -1
208 206 209 223 224 -1 -1 -1 -1 -1 -1 -1 -1 -1
209 206 207 208 221 224 225 -1 -1 -1 -1 -1 -1 -1
210 198 206 211 275 276 -1 -1 -1 -1 -1 -1 -1 -1
211 206 210 275 276 -1 -1 -1 -1 -1 -1 -1 -1 -1
212 196 197 200 202 203 204 213 215 219 220 -1 -1 -1
213 196 200 202 203 212 216 218 219 -1 -1 -1 -1 -1
214 197 201 203 204 215 220 230 -1 -1 -1 -1 -1 -1
215 197 201 203 204 212 214 220 230 -1 -1 -1 -1 -1
216 200 202 205 213 217 218 219 -1 -1 -1 -1 -1 -1
217 200 205 216 218 219 228 229 231 -1 -1 -1 -1 -1
218 200 205 213 216 217 219 228 229 231 232 -1 -1 -1
219 200 202 212 213 216 217 218 231 233 -1 -1 -1 -1
220 203 204 212 214 215 230 -1 -1 -1 -1 -1 -1 -1
221 114 207 209 222 224 225 234 -1 -1 -1 -1 -1 -1
222 114 207 221 225 234 -1 -1 -1 -1 -1 -1 -1 -1
223 208 224 226 -1 -1 -1 -1 -1 -1 -1 -1 -1 -1
224 208 209 221 223 225 236 -1 -1 -1 -1 -1 -1 -1
225 209 221 222 224 234 236 -1 -1 -1 -1 -1 -1 -1
226 205 223 227 228 -1 -1 -1 -1 -1 -1 -1 -1 -1
227 205 226 228 229 235 -1 -1 -1 -1 -1 -1 -1 -1
228 205 217 218 226 227 229 232 237 -1 -1 -1 -1 -1
229 205 217 218 227 228 231 232 237 -1 -1 -1 -1 -1
230 214 215 220 240 241 -1 -1 -1 -1 -1 -1 -1 -1
231 217 218 219 229 232 233 -1 -1 -1 -1 -1 -1 -1
232 218 228 229 231 233 237 -1 -1 -1 -1 -1 -1 -1
233 219 231 232 -1 -1 -1 -1 -1 -1 -1 -1 -1 -1
234 221 222 225 236 243 244 245 -1 -1 -1 -1 -1 -1
235 227 238 239 -1 -1 -1 -1 -1 -1 -1 -1 -1 -1
236 224 225 234 238 243 244 246 -1 -1 -1 -1 -1 -1
237 228 229 232 -1 -1 -1 -1 -1 -1 -1 -1 -1 -1
238 235 236 239 243 246 -1 -1 -1 -1 -1 -1 -1 -1
239 235 238 -1 -1 -1 -1 -1 -1 -1 -1 -1 -1 -1
240 230 242 -1 -1 -1 -1 -1 -1 -1 -1 -1 -1 -1
241 230 242 -1 -1 -1 -1 -1 -1 -1 -1 -1 -1 -1
242 240 241 249 250 251 -1 -1 -1 -1 -1 -1 -1 -1
243 234 236 238 244 245 246 -1 -1 -1 -1 -1 -1 -1
244 234 236 243 245 246 247 248 -1 -1 -1 -1 -1 -1
245 234 243 244 247 248 -1 -1 -1 -1 -1 -1 -1 -1
246 236 238 243 244 248 -1 -1 -1 -1 -1 -1 -1 -1
247 244 245 248 553 -1 -1 -1 -1 -1 -1 -1 -1 -1
248 244 245 246 247 553 -1 -1 -1 -1 -1 -1 -1 -1
249 242 250 251 586 590 -1 -1 -1 -1 -1 -1 -1 -1
250 242 249 251 590 -1 -1 -1 -1 -1 -1 -1 -1 -1
251 242 249 250 590 -1 -1 -1 -1 -1 -1 -1 -1 -1
252 253 254 255 256 257 -1 -1 -1 -1 -1 -1 -1 -1
253 252 254 262 263 264 -1 -1 -1 -1 -1 -1 -1 -1
254 252 253 255 263 -1 -1 -1 -1 -1 -1 -1 -1 -1
255 252 254 258 260 261 -1 -1 -1 -1 -1 -1 -1 -1
256 252 257 1254 1256 -1 -1 -1 -1 -1 -1 -1 -1 -1
257 252 256 1256 1268 -1 -1 -1 -1 -1 -1 -1 -1 -1
258 255 259 260 261 -1 -1 -1 -1 -1 -1 -1 -1 -1
259 146 258 260 -1 -1 -1 -1 -1 -1 -1 -1 -1 -1
260 255 258 259 261 265 -1 -1 -1 -1 -1 -1 -1 -1
261 255 258 260 265 -1 -1 -1 -1 -1 -1 -1 -1 -1
262 253 264 266 267 -1 -1 -1 -1 -1 -1 -1 -1 -1
263 253 254 264 266 267 268 -1 -1 -1 -1 -1 -1 -1
264 253 262 263 266 267 269 -1 -1 -1 -1 -1 -1 -1
265 260 261 -1 -1 -1 -1 -1 -1 -1 -1 -1 -1 -1
266 262 263 264 267 269 270 -1 -1 -1 -1 -1 -1 -1
267 262 263 264 266 268 269 270 -1 -1 -1 -1 -1 -1
268 263 267 269 -1 -1 -1 -1 -1 -1 -1 -1 -1 -1
269 264 266 267 268 270 271 -1 -1 -1 -1 -1 -1 -1
270 266 267 269 272 273 -1 -1 -1 -1 -1 -1 -1 -1
271 269 273 274 275 276 -1 -1 -1 -1 -1 -1 -1 -1
272 198 270 273 -1 -1 -1 -1 -1 -1 -1 -1 -1 -1
273 198 270 271 272 276 -1 -1 -1 -1 -1 -1 -1 -1
274 178 179 271 275 276 -1 -1 -1 -1 -1 -1 -1 -1
275 179 210 211 271 274 276 -1 -1 -1 -1 -1 -1 -1
276 179 198 210 211 271 273 274 275 -1 -1 -1 -1 -1
277 278 279 280 281 282 -1 -1 -1 -1 -1 -1 -1 -1
278 277 286 287 290 371 -1 -1 -1 -1 -1 -1 -1 -1
279 277 280 281 282 1460 1467 1468 -1 -1 -1 -1 -1 -1
280 277 279 281 1468 1486 -1 -1 -1 -1 -1 -1 -1 -1
281 277 279 280 282 363 1468 -1 -1 -1 -1 -1 -1 -1
282 277 279 281 363 1468 -1 -1 -1 -1 -1 -1 -1 -1
283 144 284 285 -1 -1 -1 -1 -1 -1 -1 -1 -1 -1
284 143 144 283 289 296 -1 -1 -1 -1 -1 -1 -1 -1
285 144 283 1367 1368 -1 -1 -1 -1 -1 -1 -1 -1 -1
286 278 287 288 -1 -1 -1 -1 -1 -1 -1 -1 -1 -1
287 278 286 288 290 291 -1 -1 -1 -1 -1 -1 -1 -1
288 286 287 292 294 295 -1 -1 -1 -1 -1 -1 -1 -1
289 143 144 160 161 284 296 298 -1 -1 -1 -1 -1 -1
290 278 287 291 371 -1 -1 -1 -1 -1 -1 -1 -1 -1
291 287 290 294 295 -1 -1 -1 -1 -1 -1 -1 -1 -1
292 288 293 -1 -1 -1 -1 -1 -1 -1 -1 -1 -1 -1
293 292 297 -1 -1 -1 -1 -1 -1 -1 -1 -1 -1 -1
294 288 291 295 297 299 300 -1 -1 -1 -1 -1 -1 -1
295 288 291 294 297 299 300 -1 -1 -1 -1 -1 -1 -1
296 143 160 161 284 289 298 -1 -1 -1 -1 -1 -1 -1
297 293 294 295 299 300 301 -1 -1 -1 -1 -1 -1 -1
298 160 161 162 174 289 296 302 303 -1 -1 -1 -1 -1
299 294 295 297 300 301 305 -1 -1 -1 -1 -1 -1 -1
300 294 295 297 299 305 309 317 -1 -1 -1 -1 -1 -1
301 297 299 304 -1 -1 -1 -1 -1 -1 -1 -1 -1 -1
302 160 161 162 174 186 298 303 304 -1 -1 -1 -1 -1
303 174 186 298 302 304 -1 -1 -1 -1 -1 -1 -1 -1
304 301 302 303 -1 -1 -1 -1 -1 -1 -1 -1 -1 -1
305 299 300 317 318 -1 -1 -1 -1 -1 -1 -1 -1 -1
306 307 308 309 310 -1 -1 -1 -1 -1 -1 -1 -1 -1
307 306 308 314 369 371 -1 -1 -1 -1 -1 -1 -1 -1
308 306 307 310 311 314 316 -1 -1 -1 -1 -1 -1 -1
309 300 306 310 317 318 -1 -1 -1 -1 -1 -1 -1 -1
310 306 308 309 322 323 -1 -1 -1 -1 -1 -1 -1 -1
311 308 312 313 314 315 316 -1 -1 -1 -1 -1 -1 -1
312 311 313 315 316 320 321 -1 -1 -1 -1 -1 -1 -1
313 311 312 315 316 320 -1 -1 -1 -1 -1 -1 -1 -1
314 307 308 311 315 369 370 373 -1 -1 -1 -1 -1 -1
315 311 312 313 314 320 321 373 -1 -1 -1 -1 -1 -1
316 308 311 312 313 322 -1 -1 -1 -1 -1 -1 -1 -1
317 300 305 309 318 -1 -1 -1 -1 -1 -1 -1 -1 -1
318 305 309 317 319 -1 -1 -1 -1 -1 -1 -1 -1 -1
319 318 323 326 -1 -1 -1 -1 -1 -1 -1 -1 -1 -1
320 312 313 315 321 325 -1 -1 -1 -1 -1 -1 -1 -1
321 312 315 320 325 374 375 376 -1 -1 -1 -1 -1 -1
322 310 316 323 324 -1 -1 -1 -1 -1 -1 -1 -1 -1
323 310 319 322 326 327 -1 -1 -1 -1 -1 -1 -1 -1
324 322 327 333 334 -1 -1 -1 -1 -1 -1 -1 -1 -1
325 320 321 376 410 411 412 -1 -1 -1 -1 -1 -1 -1
326 319 323 335 336 -1 -1 -1 -1 -1 -1 -1 -1 -1
327 323 324 336 340 -1 -1 -1 -1 -1 -1 -1 -1 -1
328 329 330 331 332 -1 -1 -1 -1 -1 -1 -1 -1 -1
329 328 330 331 332 337 338 -1 -1 -1 -1 -1 -1 -1
330 328 329 331 332 -1 -1 -1 -1 -1 -1 -1 -1 -1
331 328 329 330 332 338 341 342 -1 -1 -1 -1 -1 -1
332 328 329 330 331 337 338 -1 -1 -1 -1 -1 -1 -1
333 324 334 343 -1 -1 -1 -1 -1 -1 -1 -1 -1 -1
334 324 333 343 346 -1 -1 -1 -1 -1 -1 -1 -1 -1
335 326 336 339 -1 -1 -1 -1 -1 -1 -1 -1 -1 -1
336 326 327 335 339 340 344 -1 -1 -1 -1 -1 -1 -1
337 329 332 338 339 347 348 349 -1 -1 -1 -1 -1 -1
338 329 331 332 337 347 348 349 351 -1 -1 -1 -1 -1
339 335 336 337 344 347 349 350 -1 -1 -1 -1 -1 -1
340 327 336 -1 -1 -1 -1 -1 -1 -1 -1 -1 -1 -1
341 331 342 345 -1 -1 -1 -1 -1 -1 -1 -1 -1 -1
342 331 341 345 351 353 -1 -1 -1 -1 -1 -1 -1 -1
343 333 334 346 352 -1 -1 -1 -1 -1 -1 -1 -1 -1
344 336 339 347 349 350 354 355 -1 -1 -1 -1 -1 -1
345 341 342 353 -1 -1 -1 -1 -1 -1 -1 -1 -1 -1
346 334 343 352 361 362 -1 -1 -1 -1 -1 -1 -1 -1
347 337 338 339 344 348 349 350 354 -1 -1 -1 -1 -1
348 337 338 347 349 350 351 354 356 357 358 -1 -1 -1
349 337 338 339 344 347 348 350 351 354 356 357 358 -1
350 339 344 347 348 349 354 357 358 -1 -1 -1 -1 -1
351 338 342 348 349 353 356 357 -1 -1 -1 -1 -1 -1
352 343 346 362 -1 -1 -1 -1 -1 -1 -1 -1 -1 -1
353 342 345 351 356 359 360 -1 -1 -1 -1 -1 -1 -1
354 344 347 348 349 350 357 358 -1 -1 -1 -1 -1 -1
355 344 -1 -1 -1 -1 -1 -1 -1 -1 -1 -1 -1 -1
356 348 349 351 353 357 360 -1 -1 -1 -1 -1 -1 -1
357 348 349 350 351 354 356 358 -1 -1 -1 -1 -1 -1
358 348 349 350 354 357 -1 -1 -1 -1 -1 -1 -1 -1
359 353 360 -1 -1 -1 -1 -1 -1 -1 -1 -1 -1 -1
360 353 356 359 -1 -1 -1 -1 -1 -1 -1 -1 -1 -1
361 346 362 -1 -1 -1 -1 -1 -1 -1 -1 -1 -1 -1
362 346 352 361 -1 -1 -1 -1 -1 -1 -1 -1 -1 -1
363 281 282 364 365 366 -1 -1 -1 -1 -1 -1 -1 -1
364 363 365 366 367 368 1579 -1 -1 -1 -1 -1 -1 -1
365 363 364 366 367 368 369 370 -1 -1 -1 -1 -1 -1
366 363 364 365 368 369 370 -1 -1 -1 -1 -1 -1 -1
367 364 365 368 370 372 373 -1 -1 -1 -1 -1 -1 -1
368 364 365 366 367 370 372 373 374 -1 -1 -1 -1 -1
369 307 314 365 366 370 371 -1 -1 -1 -1 -1 -1 -1
370 314 365 366 367 368 369 372 373 -1 -1 -1 -1 -1
371 278 290 307 369 -1 -1 -1 -1 -1 -1 -1 -1 -1
372 367 368 370 373 374 375 -1 -1 -1 -1 -1 -1 -1
373 314 315 367 368 370 372 374 375 -1 -1 -1 -1 -1
374 321 368 372 373 375 -1 -1 -1 -1 -1 -1 -1 -1
375 321 372 373 374 376 397 -1 -1 -1 -1 -1 -1 -1
376 321 325 375 410 411 -1 -1 -1 -1 -1 -1 -1 -1
377 378 379 380 -1 -1 -1 -1 -1 -1 -1 -1 -1 -1
378 377 379 380 381 382 383 -1 -1 -1 -1 -1 -1 -1
379 377 378 381 383 -1 -1 -1 -1 -1 -1 -1 -1 -1
380 377 378 1476 1479 1480 1481 1482 -1 -1 -1 -1 -1 -1
381 378 379 382 384 -1 -1 -1 -1 -1 -1 -1 -1 -1
382 378 381 384 -1 -1 -1 -1 -1 -1 -1 -1 -1 -1
383 378 379 395 -1 -1 -1 -1 -1 -1 -1 -1 -1 -1
384 381 382 393 394 395 -1 -1 -1 -1 -1 -1 -1 -1
385 386 387 -1 -1 -1 -1 -1 -1 -1 -1 -1 -1 -1
386 385 390 391 392 -1 -1 -1 -1 -1 -1 -1 -1 -1
387 385 1570 -1 -1 -1 -1 -1 -1 -1 -1 -1 -1 -1
388 389 -1 -1 -1 -1 -1 -1 -1 -1 -1 -1 -1 -1
389 388 401 404 465 -1 -1 -1 -1 -1 -1 -1 -1 -1
390 386 400 401 402 -1 -1 -1 -1 -1 -1 -1 -1 -1
391 386 392 1519 -1 -1 -1 -1 -1 -1 -1 -1 -1 -1
392 386 391 1519 -1 -1 -1 -1 -1 -1 -1 -1 -1 -1
393 384 394 396 397 -1 -1 -1 -1 -1 -1 -1 -1 -1
394 384 393 395 396 397 398 399 -1 -1 -1 -1 -1 -1
395 383 384 394 398 -1 -1 -1 -1 -1 -1 -1 -1 -1
396 393 394 397 399 -1 -1 -1 -1 -1 -1 -1 -1 -1
397 375 393 394 396 -1 -1 -1 -1 -1 -1 -1 -1 -1
398 394 395 399 466 467 -1 -1 -1 -1 -1 -1 -1 -1
399 394 396 398 467 469 -1 -1 -1 -1 -1 -1 -1 -1
400 390 401 402 403 -1 -1 -1 -1 -1 -1 -1 -1 -1
401 389 390 400 403 404 -1 -1 -1 -1 -1 -1 -1 -1
402 390 400 405 406 407 -1 -1 -1 -1 -1 -1 -1 -1
403 400 401 405 408 -1 -1 -1 -1 -1 -1 -1 -1 -1
404 389 401 420 465 -1 -1 -1 -1 -1 -1 -1 -1 -1
405 402 403 406 409 -1 -1 -1 -1 -1 -1 -1 -1 -1
406 402 405 407 409 -1 -1 -1 -1 -1 -1 -1 -1 -1
407 402 406 468 -1 -1 -1 -1 -1 -1 -1 -1 -1 -1
408 403 416 417 421 -1 -1 -1 -1 -1 -1 -1 -1 -1
409 405 406 425 -1 -1 -1 -1 -1 -1 -1 -1 -1 -1
410 325 376 411 412 469 474 -1 -1 -1 -1 -1 -1 -1
411 325 376 410 412 447 469 474 -1 -1 -1 -1 -1 -1
412 325 410 411 444 447 448 474 -1 -1 -1 -1 -1 -1
413 414 415 416 417 418 419 420 421 -1 -1 -1 -1 -1
414 413 415 417 418 420 422 423 424 -1 -1 -1 -1 -1
415 413 414 416 417 418 419 420 422 424 426 -1 -1 -1
416 408 413 415 417 419 421 427 -1 -1 -1 -1 -1 -1
417 408 413 414 415 416 418 419 421 426 427 -1 -1 -1
418 413 414 415 417 419 422 426 429 430 -1 -1 -1 -1
419 413 415 416 417 418 426 427 430 -1 -1 -1 -1 -1
420 404 413 414 415 421 423 470 -1 -1 -1 -1 -1 -1
421 408 413 416 417 420 -1 -1 -1 -1 -1 -1 -1 -1
422 414 415 418 424 428 -1 -1 -1 -1 -1 -1 -1 -1
423 414 420 424 466 470 471 -1 -1 -1 -1 -1 -1 -1
424 414 415 422 423 466 467 470 471 472 -1 -1 -1 -1
425 409 431 432 433 -1 -1 -1 -1 -1 -1 -1 -1 -1
426 415 417 418 419 427 429 430 436 -1 -1 -1 -1 -1
427 416 417 419 426 430 434 435 436 -1 -1 -1 -1 -1
428 422 429 437 438 439 440 -1 -1 -1 -1 -1 -1 -1
429 418 426 428 430 -1 -1 -1 -1 -1 -1 -1 -1 -1
430 418 419 426 427 429 434 436 -1 -1 -1 -1 -1 -1
431 425 432 433 441 442 443 -1 -1 -1 -1 -1 -1 -1
432 425 431 433 435 441 442 443 -1 -1 -1 -1 -1 -1
433 425 431 432 442 449 -1 -1 -1 -1 -1 -1 -1 -1
434 427 430 435 436 441 443 452 -1 -1 -1 -1 -1 -1
435 427 432 434 436 441 443 450 452 -1 -1 -1 -1 -1
436 426 427 430 434 435 452 455 -1 -1 -1 -1 -1 -1
437 428 438 439 440 -1 -1 -1 -1 -1 -1 -1 -1 -1
438 428 437 439 440 -1 -1 -1 -1 -1 -1 -1 -1 -1
439 428 437 438 440 453 454 -1 -1 -1 -1 -1 -1 -1
440 428 437 438 439 448 453 474 -1 -1 -1 -1 -1 -1
441 431 432 434 435 442 443 -1 -1 -1 -1 -1 -1 -1
442 431 432 433 441 443 449 450 451 -1 -1 -1 -1 -1
443 431 432 434 435 441 442 449 450 452 -1 -1 -1 -1
444 412 445 446 447 448 -1 -1 -1 -1 -1 -1 -1 -1
445 444 446 448 453 456 457 -1 -1 -1 -1 -1 -1 -1
446 444 445 457 -1 -1 -1 -1 -1 -1 -1 -1 -1 -1
447 411 412 444 448 -1 -1 -1 -1 -1 -1 -1 -1 -1
448 412 440 444 445 447 453 474 -1 -1 -1 -1 -1 -1
449 433 442 443 450 451 462 463 -1 -1 -1 -1 -1 -1
450 435 442 443 449 452 458 459 461 462 463 -1 -1 -1
451 442 449 462 463 -1 -1 -1 -1 -1 -1 -1 -1 -1
452 434 435 436 443 450 458 459 460 461 -1 -1 -1 -1
453 439 440 445 448 456 -1 -1 -1 -1 -1 -1 -1 -1
454 439 475 1580 -1 -1 -1 -1 -1 -1 -1 -1 -1 -1
455 436 460 464 475 -1 -1 -1 -1 -1 -1 -1 -1 -1
456 445 453 -1 -1 -1 -1 -1 -1 -1 -1 -1 -1 -1
457 445 446 -1 -1 -1 -1 -1 -1 -1 -1 -1 -1 -1
458 450 452 459 460 461 463 -1 -1 -1 -1 -1 -1 -1
459 450 452 458 460 461 464 -1 -1 -1 -1 -1 -1 -1
460 452 455 458 459 464 -1 -1 -1 -1 -1 -1 -1 -1
461 450 452 458 459 462 463 -1 -1 -1 -1 -1 -1 -1
462 449 450 451 461 463 -1 -1 -1 -1 -1 -1 -1 -1
463 449 450 451 458 461 462 -1 -1 -1 -1 -1 -1 -1
464 455 459 460 -1 -1 -1 -1 -1 -1 -1 -1 -1 -1
465 389 404 -1 -1 -1 -1 -1 -1 -1 -1 -1 -1 -1
466 398 423 424 467 470 471 472 -1 -1 -1 -1 -1 -1
467 398 399 424 466 469 471 472 473 -1 -1 -1 -1 -1
468 407 525 532 533 -1 -1 -1 -1 -1 -1 -1 -1 -1
469 399 410 411 467 472 473 474 -1 -1 -1 -1 -1 -1
470 420 423 424 466 471 -1 -1 -1 -1 -1 -1 -1 -1
471 423 424 466 467 470 472 -1 -1 -1 -1 -1 -1 -1
472 424 466 467 469 471 473 -1 -1 -1 -1 -1 -1 -1
473 467 469 472 474 -1 -1 -1 -1 -1 -1 -1 -1 -1
474 410 411 412 440 448 469 473 -1 -1 -1 -1 -1 -1
475 454 455 -1 -1 -1 -1 -1 -1 -1 -1 -1 -1 -1
476 477 478 479 -1 -1 -1 -1 -1 -1 -1 -1 -1 -1
477 476 518 -1 -1 -1 -1 -1 -1 -1 -1 -1 -1 -1
478 476 479 540 542 -1 -1 -1 -1 -1 -1 -1 -1 -1
479 476 478 488 542 546 547 -1 -1 -1 -1 -1 -1 -1
480 481 -1 -1 -1 -1 -1 -1 -1 -1 -1 -1 -1 -1
481 480 492 493 494 -1 -1 -1 -1 -1 -1 -1 -1 -1
482 483 484 485 486 487 488 -1 -1 -1 -1 -1 -1 -1
483 482 484 485 486 487 488 -1 -1 -1 -1 -1 -1 -1
484 482 483 485 486 487 489 490 -1 -1 -1 -1 -1 -1
485 482 483 484 486 487 491 -1 -1 -1 -1 -1 -1 -1
486 482 483 484 485 487 491 -1 -1 -1 -1 -1 -1 -1
487 482 483 484 485 486 489 -1 -1 -1 -1 -1 -1 -1
488 479 482 483 490 542 547 548 551 -1 -1 -1 -1 -1
489 484 487 497 -1 -1 -1 -1 -1 -1 -1 -1 -1 -1
490 484 488 497 547 548 551 -1 -1 -1 -1 -1 -1 -1
491 485 486 493 495 -1 -1 -1 -1 -1 -1 -1 -1 -1
492 481 493 494 -1 -1 -1 -1 -1 -1 -1 -1 -1 -1
493 481 491 492 494 495 -1 -1 -1 -1 -1 -1 -1 -1
494 481 492 493 496 -1 -1 -1 -1 -1 -1 -1 -1 -1
495 491 493 504 507 -1 -1 -1 -1 -1 -1 -1 -1 -1
496 494 498 499 -1 -1 -1 -1 -1 -1 -1 -1 -1 -1
497 489 490 551 -1 -1 -1 -1 -1 -1 -1 -1 -1 -1
498 496 499 504 505 506 -1 -1 -1 -1 -1 -1 -1 -1
499 496 498 505 506 -1 -1 -1 -1 -1 -1 -1 -1 -1
500 501 502 -1 -1 -1 -1 -1 -1 -1 -1 -1 -1 -1
501 500 502 503 -1 -1 -1 -1 -1 -1 -1 -1 -1 -1
502 500 501 503 513 514 -1 -1 -1 -1 -1 -1 -1 -1
503 501 502 513 -1 -1 -1 -1 -1 -1 -1 -1 -1 -1
504 495 498 506 507 509 510 -1 -1 -1 -1 -1 -1 -1
505 498 499 506 515 -1 -1 -1 -1 -1 -1 -1 -1 -1
506 498 499 504 505 510 -1 -1 -1 -1 -1 -1 -1 -1
507 495 504 508 509 510 -1 -1 -1 -1 -1 -1 -1 -1
508 507 509 511 512 -1 -1 -1 -1 -1 -1 -1 -1 -1
509 504 507 508 510 511 -1 -1 -1 -1 -1 -1 -1 -1
510 504 506 507 509 -1 -1 -1 -1 -1 -1 -1 -1 -1
511 508 509 512 -1 -1 -1 -1 -1 -1 -1 -1 -1 -1
512 508 511 -1 -1 -1 -1 -1 -1 -1 -1 -1 -1 -1
513 502 503 514 516 -1 -1 -1 -1 -1 -1 -1 -1 -1
514 502 513 516 552 -1 -1 -1 -1 -1 -1 -1 -1 -1
515 505 797 798 799 801 804 -1 -1 -1 -1 -1 -1 -1
516 513 514 -1 -1 -1 -1 -1 -1 -1 -1 -1 -1 -1
517 518 519 520 -1 -1 -1 -1 -1 -1 -1 -1 -1 -1
518 477 517 519 -1 -1 -1 -1 -1 -1 -1 -1 -1 -1
519 517 518 526 528 529 534 535 537 -1 -1 -1 -1 -1
520 517 530 531 1524 -1 -1 -1 -1 -1 -1 -1 -1 -1
521 522 523 -1 -1 -1 -1 -1 -1 -1 -1 -1 -1 -1
522 521 -1 -1 -1 -1 -1 -1 -1 -1 -1 -1 -1 -1
523 521 536 -1 -1 -1 -1 -1 -1 -1 -1 -1 -1 -1
524 525 526 527 528 529 530 531 -1 -1 -1 -1 -1 -1
525 468 524 527 532 533 -1 -1 -1 -1 -1 -1 -1 -1
526 519 524 527 528 529 534 535 -1 -1 -1 -1 -1 -1
527 524 525 526 528 529 533 534 535 -1 -1 -1 -1 -1
528 519 524 526 527 529 534 535 537 -1 -1 -1 -1 -1
529 519 524 526 527 528 533 534 535 537 -1 -1 -1 -1
530 520 524 531 1517 -1 -1 -1 -1 -1 -1 -1 -1 -1
531 520 524 530 1524 -1 -1 -1 -1 -1 -1 -1 -1 -1
532 468 525 533 -1 -1 -1 -1 -1 -1 -1 -1 -1 -1
533 468 525 527 529 532 535 -1 -1 -1 -1 -1 -1 -1
534 519 526 527 528 529 535 537 -1 -1 -1 -1 -1 -1
535 519 526 527 528 529 533 534 537 538 -1 -1 -1 -1
536 523 539 540 -1 -1 -1 -1 -1 -1 -1 -1 -1 -1
537 519 528 529 534 535 538 -1 -1 -1 -1 -1 -1 -1
538 535 537 541 -1 -1 -1 -1 -1 -1 -1 -1 -1 -1
539 536 -1 -1 -1 -1 -1 -1 -1 -1 -1 -1 -1 -1
540 478 536 -1 -1 -1 -1 -1 -1 -1 -1 -1 -1 -1
541 538 545 546 -1 -1 -1 -1 -1 -1 -1 -1 -1 -1
542 478 479 488 547 548 -1 -1 -1 -1 -1 -1 -1 -1
543 544 -1 -1 -1 -1 -1 -1 -1 -1 -1 -1 -1 -1
544 543 -1 -1 -1 -1 -1 -1 -1 -1 -1 -1 -1 -1
545 541 546 -1 -1 -1 -1 -1 -1 -1 -1 -1 -1 -1
546 479 541 545 -1 -1 -1 -1 -1 -1 -1 -1 -1 -1
547 479 488 490 542 548 -1 -1 -1 -1 -1 -1 -1 -1
548 488 490 542 547 550 551 -1 -1 -1 -1 -1 -1 -1
549 550 -1 -1 -1 -1 -1 -1 -1 -1 -1 -1 -1 -1
550 548 549 551 -1 -1 -1 -1 -1 -1 -1 -1 -1 -1
551 488 490 497 548 550 -1 -1 -1 -1 -1 -1 -1 -1
552 514 -1 -1 -1 -1 -1 -1 -1 -1 -1 -1 -1 -1
553 247 248 554 -1 -1 -1 -1 -1 -1 -1 -1 -1 -1
554 553 555 556 -1 -1 -1 -1 -1 -1 -1 -1 -1 -1
555 554 556 557 -1 -1 -1 -1 -1 -1 -1 -1 -1 -1
556 554 555 558 -1 -1 -1 -1 -1 -1 -1 -1 -1 -1
557 555 597 611 -1 -1 -1 -1 -1 -1 -1 -1 -1 -1
558 556 559 -1 -1 -1 -1 -1 -1 -1 -1 -1 -1 -1
559 558 560 561 -1 -1 -1 -1 -1 -1 -1 -1 -1 -1
560 559 561 -1 -1 -1 -1 -1 -1 -1 -1 -1 -1 -1
561 559 560 -1 -1 -1 -1 -1 -1 -1 -1 -1 -1 -1
562 563 -1 -1 -1 -1 -1 -1 -1 -1 -1 -1 -1 -1
563 562 564 -1 -1 -1 -1 -1 -1 -1 -1 -1 -1 -1
564 563 -1 -1 -1 -1 -1 -1 -1 -1 -1 -1 -1 -1
565 127 566 567 570 -1 -1 -1 -1 -1 -1 -1 -1 -1
566 127 565 570 -1 -1 -1 -1 -1 -1 -1 -1 -1 -1
567 565 -1 -1 -1 -1 -1 -1 -1 -1 -1 -1 -1 -1
568 569 -1 -1 -1 -1 -1 -1 -1 -1 -1 -1 -1 -1
569 568 571 -1 -1 -1 -1 -1 -1 -1 -1 -1 -1 -1
570 565 566 -1 -1 -1 -1 -1 -1 -1 -1 -1 -1 -1
571 569 572 -1 -1 -1 -1 -1 -1 -1 -1 -1 -1 -1
572 571 573 574 -1 -1 -1 -1 -1 -1 -1 -1 -1 -1
573 572 574 -1 -1 -1 -1 -1 -1 -1 -1 -1 -1 -1
574 572 573 -1 -1 -1 -1 -1 -1 -1 -1 -1 -1 -1
575 576 577 -1 -1 -1 -1 -1 -1 -1 -1 -1 -1 -1
576 575 577 1581 -1 -1 -1 -1 -1 -1 -1 -1 -1 -1
577 575 576 -1 -1 -1 -1 -1 -1 -1 -1 -1 -1 -1
578 579 -1 -1 -1 -1 -1 -1 -1 -1 -1 -1 -1 -1
579 578 -1 -1 -1 -1 -1 -1 -1 -1 -1 -1 -1 -1
580 581 1582 -1 -1 -1 -1 -1 -1 -1 -1 -1 -1 -1
581 580 -1 -1 -1 -1 -1 -1 -1 -1 -1 -1 -1 -1
582 583 584 -1 -1 -1 -1 -1 -1 -1 -1 -1 -1 -1
583 582 584 585 587 589 591 592 -1 -1 -1 -1 -1 -1
584 582 583 591 592 -1 -1 -1 -1 -1 -1 -1 -1 -1
585 583 586 587 588 589 -1 -1 -1 -1 -1 -1 -1 -1
586 249 585 587 588 593 -1 -1 -1 -1 -1 -1 -1 -1
587 583 585 586 588 589 592 593 594 -1 -1 -1 -1 -1
588 585 586 587 589 592 593 594 600 601 -1 -1 -1 -1
589 583 585 587 588 591 592 593 594 600 601 -1 -1 -1
590 249 250 251 599 602 603 604 -1 -1 -1 -1 -1 -1
591 583 584 589 592 -1 -1 -1 -1 -1 -1 -1 -1 -1
592 583 584 587 588 589 591 601 -1 -1 -1 -1 -1 -1
593 586 587 588 589 594 599 600 601 -1 -1 -1 -1 -1
594 587 588 589 593 599 600 601 608 -1 -1 -1 -1 -1
595 596 -1 -1 -1 -1 -1 -1 -1 -1 -1 -1 -1 -1
596 595 605 606 607 -1 -1 -1 -1 -1 -1 -1 -1 -1
597 557 598 -1 -1 -1 -1 -1 -1 -1 -1 -1 -1 -1
598 597 1584 -1 -1 -1 -1 -1 -1 -1 -1 -1 -1 -1
599 590 593 594 602 603 604 -1 -1 -1 -1 -1 -1 -1
600 588 589 593 594 601 608 610 -1 -1 -1 -1 -1 -1
601 588 589 592 593 594 600 608 610 -1 -1 -1 -1 -1
602 590 599 603 604 606 609 -1 -1 -1 -1 -1 -1 -1
603 590 599 602 604 609 612 -1 -1 -1 -1 -1 -1 -1
604 590 599 602 603 608 609 612 616 -1 -1 -1 -1 -1
605 596 606 607 -1 -1 -1 -1 -1 -1 -1 -1 -1 -1
606 596 602 605 607 609 613 -1 -1 -1 -1 -1 -1 -1
607 596 605 606 609 613 -1 -1 -1 -1 -1 -1 -1 -1
608 594 600 601 604 610 612 616 617 -1 -1 -1 -1 -1
609 602 603 604 606 607 613 -1 -1 -1 -1 -1 -1 -1
610 600 601 608 619 620 -1 -1 -1 -1 -1 -1 -1 -1
611 557 614 615 -1 -1 -1 -1 -1 -1 -1 -1 -1 -1
612 603 604 608 616 617 618 -1 -1 -1 -1 -1 -1 -1
613 606 607 609 -1 -1 -1 -1 -1 -1 -1 -1 -1 -1
614 611 615 621 622 -1 -1 -1 -1 -1 -1 -1 -1 -1
615 611 614 621 626 627 -1 -1 -1 -1 -1 -1 -1 -1
616 604 608 612 617 618 -1 -1 -1 -1 -1 -1 -1 -1
617 608 612 616 618 628 -1 -1 -1 -1 -1 -1 -1 -1
618 612 616 617 628 633 -1 -1 -1 -1 -1 -1 -1 -1
619 610 620 623 624 625 -1 -1 -1 -1 -1 -1 -1 -1
620 610 619 623 624 625 629 630 -1 -1 -1 -1 -1 -1
621 614 615 622 631 632 -1 -1 -1 -1 -1 -1 -1 -1
622 614 621 631 632 -1 -1 -1 -1 -1 -1 -1 -1 -1
623 619 620 624 625 629 630 635 -1 -1 -1 -1 -1 -1
624 619 620 623 625 629 630 -1 -1 -1 -1 -1 -1 -1
625 619 620 623 624 630 635 -1 -1 -1 -1 -1 -1 -1
626 615 627 634 -1 -1 -1 -1 -1 -1 -1 -1 -1 -1
627 615 626 632 -1 -1 -1 -1 -1 -1 -1 -1 -1 -1
628 617 618 633 635 -1 -1 -1 -1 -1 -1 -1 -1 -1
629 620 623 624 630 -1 -1 -1 -1 -1 -1 -1 -1 -1
630 620 623 624 625 629 635 641 -1 -1 -1 -1 -1 -1
631 621 622 632 636 -1 -1 -1 -1 -1 -1 -1 -1 -1
632 621 622 627 631 636 -1 -1 -1 -1 -1 -1 -1 -1
633 618 628 635 642 -1 -1 -1 -1 -1 -1 -1 -1 -1
634 626 638 643 -1 -1 -1 -1 -1 -1 -1 -1 -1 -1
635 623 625 628 630 633 641 -1 -1 -1 -1 -1 -1 -1
636 631 632 -1 -1 -1 -1 -1 -1 -1 -1 -1 -1 -1
637 638 639 640 -1 -1 -1 -1 -1 -1 -1 -1 -1 -1
638 634 637 639 643 644 -1 -1 -1 -1 -1 -1 -1 -1
639 637 638 640 644 645 -1 -1 -1 -1 -1 -1 -1 -1
640 637 639 644 645 -1 -1 -1 -1 -1 -1 -1 -1 -1
641 630 635 655 656 660 -1 -1 -1 -1 -1 -1 -1 -1
642 633 645 653 654 655 -1 -1 -1 -1 -1 -1 -1 -1
643 634 638 644 646 647 648 -1 -1 -1 -1 -1 -1 -1
644 638 639 640 643 645 649 -1 -1 -1 -1 -1 -1 -1
645 639 640 642 644 653 659 -1 -1 -1 -1 -1 -1 -1
646 643 647 648 650 651 -1 -1 -1 -1 -1 -1 -1 -1
647 643 646 648 650 651 652 -1 -1 -1 -1 -1 -1 -1
648 643 646 647 649 651 666 667 -1 -1 -1 -1 -1 -1
649 644 648 666 672 673 674 -1 -1 -1 -1 -1 -1 -1
650 646 647 651 652 -1 -1 -1 -1 -1 -1 -1 -1 -1
651 646 647 648 650 652 666 667 668 -1 -1 -1 -1 -1
652 647 650 651 669 -1 -1 -1 -1 -1 -1 -1 -1 -1
653 642 645 654 655 656 657 658 659 -1 -1 -1 -1 -1
654 642 653 655 656 657 658 659 670 671 -1 -1 -1 -1
655 641 642 653 654 656 657 658 -1 -1 -1 -1 -1 -1
656 641 653 654 655 657 658 660 664 -1 -1 -1 -1 -1
657 653 654 655 656 658 660 664 671 -1 -1 -1 -1 -1
658 653 654 655 656 657 660 661 664 671 676 -1 -1 -1
659 645 653 654 670 672 674 -1 -1 -1 -1 -1 -1 -1
660 641 656 657 658 661 662 663 664 665 -1 -1 -1 -1
661 658 660 663 664 665 671 676 677 678 -1 -1 -1 -1
662 660 663 -1 -1 -1 -1 -1 -1 -1 -1 -1 -1 -1
663 660 661 662 664 665 -1 -1 -1 -1 -1 -1 -1 -1
664 656 657 658 660 661 663 665 671 676 677 -1 -1 -1
665 660 661 663 664 676 678 680 -1 -1 -1 -1 -1 -1
666 648 649 651 667 668 673 -1 -1 -1 -1 -1 -1 -1
667 648 651 666 668 673 675 -1 -1 -1 -1 -1 -1 -1
668 651 666 667 675 679 -1 -1 -1 -1 -1 -1 -1 -1
669 652 675 -1 -1 -1 -1 -1 -1 -1 -1 -1 -1 -1
670 654 659 671 -1 -1 -1 -1 -1 -1 -1 -1 -1 -1
671 654 657 658 661 664 670 676 677 -1 -1 -1 -1 -1
672 649 659 674 -1 -1 -1 -1 -1 -1 -1 -1 -1 -1
673 649 666 667 674 -1 -1 -1 -1 -1 -1 -1 -1 -1
674 649 659 672 673 -1 -1 -1 -1 -1 -1 -1 -1 -1
675 667 668 669 679 -1 -1 -1 -1 -1 -1 -1 -1 -1
676 658 661 664 665 671 677 -1 -1 -1 -1 -1 -1 -1
677 661 664 671 676 678 -1 -1 -1 -1 -1 -1 -1 -1
678 661 665 677 680 -1 -1 -1 -1 -1 -1 -1 -1 -1
679 668 675 -1 -1 -1 -1 -1 -1 -1 -1 -1 -1 -1
680 665 678 681 -1 -1 -1 -1 -1 -1 -1 -1 -1 -1
681 680 749 756 -1 -1 -1 -1 -1 -1 -1 -1 -1 -1
682 683 684 685 686 -1 -1 -1 -1 -1 -1 -1 -1 -1
683 682 684 685 687 -1 -1 -1 -1 -1 -1 -1 -1 -1
684 682 683 685 686 -1 -1 -1 -1 -1 -1 -1 -1 -1
685 682 683 684 687 -1 -1 -1 -1 -1 -1 -1 -1 -1
686 682 684 769 770 -1 -1 -1 -1 -1 -1 -1 -1 -1
687 683 685 698 -1 -1 -1 -1 -1 -1 -1 -1 -1 -1
688 689 690 691 692 693 694 695 -1 -1 -1 -1 -1 -1
689 688 691 693 696 697 -1 -1 -1 -1 -1 -1 -1 -1
690 688 693 694 695 702 703 -1 -1 -1 -1 -1 -1 -1
691 688 689 693 697 768 -1 -1 -1 -1 -1 -1 -1 -1
692 688 694 776 777 779 -1 -1 -1 -1 -1 -1 -1 -1
693 688 689 690 691 694 695 702 703 -1 -1 -1 -1 -1
694 688 690 692 693 695 710 779 -1 -1 -1 -1 -1 -1
695 688 690 693 694 702 703 -1 -1 -1 -1 -1 -1 -1
696 689 697 699 768 772 774 775 -1 -1 -1 -1 -1 -1
697 689 691 696 768 -1 -1 -1 -1 -1 -1 -1 -1 -1
698 687 -1 -1 -1 -1 -1 -1 -1 -1 -1 -1 -1 -1
699 696 700 701 -1 -1 -1 -1 -1 -1 -1 -1 -1 -1
700 699 701 704 706 714 715 -1 -1 -1 -1 -1 -1 -1
701 699 700 704 706 707 -1 -1 -1 -1 -1 -1 -1 -1
702 690 693 695 703 708 -1 -1 -1 -1 -1 -1 -1 -1
703 690 693 695 702 708 709 -1 -1 -1 -1 -1 -1 -1
704 700 701 705 706 707 -1 -1 -1 -1 -1 -1 -1 -1
705 704 716 717 718 -1 -1 -1 -1 -1 -1 -1 -1 -1
706 700 701 704 715 716 719 -1 -1 -1 -1 -1 -1 -1
707 701 704 775 -1 -1 -1 -1 -1 -1 -1 -1 -1 -1
708 702 703 709 -1 -1 -1 -1 -1 -1 -1 -1 -1 -1
709 703 708 711 721 -1 -1 -1 -1 -1 -1 -1 -1 -1
710 694 711 712 713 -1 -1 -1 -1 -1 -1 -1 -1 -1
711 709 710 721 723 -1 -1 -1 -1 -1 -1 -1 -1 -1
712 710 713 782 -1 -1 -1 -1 -1 -1 -1 -1 -1 -1
713 710 712 -1 -1 -1 -1 -1 -1 -1 -1 -1 -1 -1
714 700 715 722 -1 -1 -1 -1 -1 -1 -1 -1 -1 -1
715 700 706 714 722 724 -1 -1 -1 -1 -1 -1 -1 -1
716 705 706 717 718 719 720 -1 -1 -1 -1 -1 -1 -1
717 705 716 718 720 -1 -1 -1 -1 -1 -1 -1 -1 -1
718 705 716 717 719 720 725 726 -1 -1 -1 -1 -1 -1
719 706 716 718 724 725 726 -1 -1 -1 -1 -1 -1 -1
720 716 717 718 726 729 -1 -1 -1 -1 -1 -1 -1 -1
721 709 711 723 730 731 732 -1 -1 -1 -1 -1 -1 -1
722 714 715 724 734 735 736 -1 -1 -1 -1 -1 -1 -1
723 711 721 727 728 730 732 -1 -1 -1 -1 -1 -1 -1
724 715 719 722 725 734 736 738 -1 -1 -1 -1 -1 -1
725 718 719 724 726 737 -1 -1 -1 -1 -1 -1 -1 -1
726 718 719 720 725 729 737 -1 -1 -1 -1 -1 -1 -1
727 723 728 -1 -1 -1 -1 -1 -1 -1 -1 -1 -1 -1
728 723 727 733 -1 -1 -1 -1 -1 -1 -1 -1 -1 -1
729 720 726 -1 -1 -1 -1 -1 -1 -1 -1 -1 -1 -1
730 721 723 731 732 733 741 -1 -1 -1 -1 -1 -1 -1
731 721 730 732 741 745 746 -1 -1 -1 -1 -1 -1 -1
732 721 723 730 731 741 746 -1 -1 -1 -1 -1 -1 -1
733 728 730 742 -1 -1 -1 -1 -1 -1 -1 -1 -1 -1
734 722 724 735 736 739 740 -1 -1 -1 -1 -1 -1 -1
735 722 734 736 739 740 -1 -1 -1 -1 -1 -1 -1 -1
736 722 724 734 735 739 740 744 -1 -1 -1 -1 -1 -1
737 725 726 738 743 -1 -1 -1 -1 -1 -1 -1 -1 -1
738 724 737 743 744 -1 -1 -1 -1 -1 -1 -1 -1 -1
739 734 735 736 740 745 -1 -1 -1 -1 -1 -1 -1 -1
740 734 735 736 739 744 -1 -1 -1 -1 -1 -1 -1 -1
741 730 731 732 746 747 -1 -1 -1 -1 -1 -1 -1 -1
742 733 747 -1 -1 -1 -1 -1 -1 -1 -1 -1 -1 -1
743 737 738 744 750 -1 -1 -1 -1 -1 -1 -1 -1 -1
744 736 738 740 743 750 -1 -1 -1 -1 -1 -1 -1 -1
745 731 739 746 751 752 753 -1 -1 -1 -1 -1 -1 -1
746 731 732 741 745 751 752 754 -1 -1 -1 -1 -1 -1
747 741 742 754 755 -1 -1 -1 -1 -1 -1 -1 -1 -1
748 749 -1 -1 -1 -1 -1 -1 -1 -1 -1 -1 -1 -1
749 681 748 756 757 -1 -1 -1 -1 -1 -1 -1 -1 -1
750 743 744 760 761 -1 -1 -1 -1 -1 -1 -1 -1 -1
751 745 746 752 753 754 -1 -1 -1 -1 -1 -1 -1 -1
752 745 746 751 753 754 -1 -1 -1 -1 -1 -1 -1 -1
753 745 751 752 754 763 764 -1 -1 -1 -1 -1 -1 -1
754 746 747 751 752 753 -1 -1 -1 -1 -1 -1 -1 -1
755 747 758 759 -1 -1 -1 -1 -1 -1 -1 -1 -1 -1
756 681 749 757 -1 -1 -1 -1 -1 -1 -1 -1 -1 -1
757 749 756 762 -1 -1 -1 -1 -1 -1 -1 -1 -1 -1
758 755 759 -1 -1 -1 -1 -1 -1 -1 -1 -1 -1 -1
759 755 758 -1 -1 -1 -1 -1 -1 -1 -1 -1 -1 -1
760 750 763 764 -1 -1 -1 -1 -1 -1 -1 -1 -1 -1
761 750 762 -1 -1 -1 -1 -1 -1 -1 -1 -1 -1 -1
762 757 761 -1 -1 -1 -1 -1 -1 -1 -1 -1 -1 -1
763 753 760 764 -1 -1 -1 -1 -1 -1 -1 -1 -1 -1
764 753 760 763 -1 -1 -1 -1 -1 -1 -1 -1 -1 -1
765 766 767 768 -1 -1 -1 -1 -1 -1 -1 -1 -1 -1
766 765 767 773 -1 -1 -1 -1 -1 -1 -1 -1 -1 -1
767 765 766 773 -1 -1 -1 -1 -1 -1 -1 -1 -1 -1
768 691 696 697 765 772 774 -1 -1 -1 -1 -1 -1 -1
769 686 770 771 772 -1 -1 -1 -1 -1 -1 -1 -1 -1
770 686 769 771 -1 -1 -1 -1 -1 -1 -1 -1 -1 -1
771 769 770 772 774 775 -1 -1 -1 -1 -1 -1 -1 -1
772 696 768 769 771 774 775 -1 -1 -1 -1 -1 -1 -1
773 766 767 -1 -1 -1 -1 -1 -1 -1 -1 -1 -1 -1
774 696 768 771 772 775 -1 -1 -1 -1 -1 -1 -1 -1
775 696 707 771 772 774 -1 -1 -1 -1 -1 -1 -1 -1
776 692 777 778 779 -1 -1 -1 -1 -1 -1 -1 -1 -1
777 692 776 778 779 -1 -1 -1 -1 -1 -1 -1 -1 -1
778 776 777 779 780 781 -1 -1 -1 -1 -1 -1 -1 -1
779 692 694 776 777 778 -1 -1 -1 -1 -1 -1 -1 -1
780 778 781 784 794 -1 -1 -1 -1 -1 -1 -1 -1 -1
781 778 780 794 805 -1 -1 -1 -1 -1 -1 -1 -1 -1
782 712 818 830 -1 -1 -1 -1 -1 -1 -1 -1 -1 -1
783 784 785 786 787 -1 -1 -1 -1 -1 -1 -1 -1 -1
784 780 783 785 794 -1 -1 -1 -1 -1 -1 -1 -1 -1
785 783 784 786 787 794 -1 -1 -1 -1 -1 -1 -1 -1
786 783 785 787 791 795 -1 -1 -1 -1 -1 -1 -1 -1
787 783 785 786 794 -1 -1 -1 -1 -1 -1 -1 -1 -1
788 789 790 791 792 793 -1 -1 -1 -1 -1 -1 -1 -1
789 788 790 792 793 -1 -1 -1 -1 -1 -1 -1 -1 -1
790 788 789 791 792 793 795 -1 -1 -1 -1 -1 -1 -1
791 786 788 790 793 795 796 -1 -1 -1 -1 -1 -1 -1
792 788 789 790 793 795 796 801 802 -1 -1 -1 -1 -1
793 788 789 790 791 792 795 796 -1 -1 -1 -1 -1 -1
794 780 781 784 785 787 805 -1 -1 -1 -1 -1 -1 -1
795 786 790 791 792 793 796 806 -1 -1 -1 -1 -1 -1
796 791 792 793 795 806 810 819 -1 -1 -1 -1 -1 -1
797 515 798 799 800 -1 -1 -1 -1 -1 -1 -1 -1 -1
798 515 797 799 801 803 804 -1 -1 -1 -1 -1 -1 -1
799 515 797 798 801 804 -1 -1 -1 -1 -1 -1 -1 -1
800 797 885 886 887 888 889 -1 -1 -1 -1 -1 -1 -1
801 515 792 798 799 802 803 804 -1 -1 -1 -1 -1 -1
802 792 801 803 804 807 808 809 810 -1 -1 -1 -1 -1
803 798 801 802 804 807 808 809 -1 -1 -1 -1 -1 -1
804 515 798 799 801 802 803 -1 -1 -1 -1 -1 -1 -1
805 781 794 811 812 813 -1 -1 -1 -1 -1 -1 -1 -1
806 795 796 810 814 815 819 820 -1 -1 -1 -1 -1 -1
807 802 803 808 809 810 817 -1 -1 -1 -1 -1 -1 -1
808 802 803 807 809 810 -1 -1 -1 -1 -1 -1 -1 -1
809 802 803 807 808 817 821 824 -1 -1 -1 -1 -1 -1
810 796 802 806 807 808 819 820 -1 -1 -1 -1 -1 -1
811 805 812 813 814 815 816 -1 -1 -1 -1 -1 -1 -1
812 805 811 813 815 816 818 -1 -1 -1 -1 -1 -1 -1
813 805 811 812 815 816 818 825 -1 -1 -1 -1 -1 -1
814 806 811 815 819 820 826 -1 -1 -1 -1 -1 -1 -1
815 806 811 812 813 814 816 825 826 -1 -1 -1 -1 -1
816 811 812 813 815 818 825 831 833 -1 -1 -1 -1 -1
817 807 809 821 824 832 -1 -1 -1 -1 -1 -1 -1 -1
818 782 812 813 816 825 830 831 -1 -1 -1 -1 -1 -1
819 796 806 810 814 820 -1 -1 -1 -1 -1 -1 -1 -1
820 806 810 814 819 826 827 828 829 -1 -1 -1 -1 -1
821 809 817 822 823 -1 -1 -1 -1 -1 -1 -1 -1 -1
822 821 823 834 -1 -1 -1 -1 -1 -1 -1 -1 -1 -1
823 821 822 834 887 -1 -1 -1 -1 -1 -1 -1 -1 -1
824 809 817 827 832 -1 -1 -1 -1 -1 -1 -1 -1 -1
825 813 815 816 818 826 830 831 833 -1 -1 -1 -1 -1
826 814 815 820 825 828 829 833 835 -1 -1 -1 -1 -1
827 820 824 829 -1 -1 -1 -1 -1 -1 -1 -1 -1 -1
828 820 826 829 835 -1 -1 -1 -1 -1 -1 -1 -1 -1
829 820 826 827 828 835 -1 -1 -1 -1 -1 -1 -1 -1
830 782 818 825 831 839 -1 -1 -1 -1 -1 -1 -1 -1
831 816 818 825 830 833 839 840 -1 -1 -1 -1 -1 -1
832 817 824 836 837 838 -1 -1 -1 -1 -1 -1 -1 -1
833 816 825 826 831 840 841 -1 -1 -1 -1 -1 -1 -1
834 822 823 842 843 -1 -1 -1 -1 -1 -1 -1 -1 -1
835 826 828 829 841 848 849 -1 -1 -1 -1 -1 -1 -1
836 832 837 838 -1 -1 -1 -1 -1 -1 -1 -1 -1 -1
837 832 836 838 850 851 852 853 -1 -1 -1 -1 -1 -1
838 832 836 837 850 851 -1 -1 -1 -1 -1 -1 -1 -1
839 830 831 840 847 -1 -1 -1 -1 -1 -1 -1 -1 -1
840 831 833 839 847 -1 -1 -1 -1 -1 -1 -1 -1 -1
841 833 835 848 849 -1 -1 -1 -1 -1 -1 -1 -1 -1
842 834 843 844 845 -1 -1 -1 -1 -1 -1 -1 -1 -1
843 834 842 844 846 -1 -1 -1 -1 -1 -1 -1 -1 -1
844 842 843 845 846 854 -1 -1 -1 -1 -1 -1 -1 -1
845 842 844 854 928 936 -1 -1 -1 -1 -1 -1 -1 -1
846 843 844 856 857 -1 -1 -1 -1 -1 -1 -1 -1 -1
847 839 840 -1 -1 -1 -1 -1 -1 -1 -1 -1 -1 -1
848 835 841 849 -1 -1 -1 -1 -1 -1 -1 -1 -1 -1
849 835 841 848 858 859 -1 -1 -1 -1 -1 -1 -1 -1
850 837 838 851 853 855 -1 -1 -1 -1 -1 -1 -1 -1
851 837 838 850 852 853 855 860 -1 -1 -1 -1 -1 -1
852 837 851 853 855 856 861 -1 -1 -1 -1 -1 -1 -1
853 837 850 851 852 855 856 860 861 -1 -1 -1 -1 -1
854 844 845 919 924 927 928 -1 -1 -1 -1 -1 -1 -1
855 850 851 852 853 860 861 862 -1 -1 -1 -1 -1 -1
856 846 852 853 857 861 -1 -1 -1 -1 -1 -1 -1 -1
857 846 856 861 867 868 869 870 -1 -1 -1 -1 -1 -1
858 849 859 863 865 866 -1 -1 -1 -1 -1 -1 -1 -1
859 849 858 860 862 863 865 866 -1 -1 -1 -1 -1 -1
860 851 853 855 859 862 863 864 -1 -1 -1 -1 -1 -1
861 852 853 855 856 857 862 869 871 872 -1 -1 -1 -1
862 855 859 860 861 863 864 871 872 -1 -1 -1 -1 -1
863 858 859 860 862 864 866 880 -1 -1 -1 -1 -1 -1
864 860 862 863 871 872 880 -1 -1 -1 -1 -1 -1 -1
865 858 859 866 877 878 879 -1 -1 -1 -1 -1 -1 -1
866 858 859 863 865 877 878 880 -1 -1 -1 -1 -1 -1
867 857 868 870 873 874 -1 -1 -1 -1 -1 -1 -1 -1
868 857 867 869 870 873 -1 -1 -1 -1 -1 -1 -1 -1
869 857 861 868 870 871 -1 -1 -1 -1 -1 -1 -1 -1
870 857 867 868 869 873 -1 -1 -1 -1 -1 -1 -1 -1
871 861 862 864 869 872 881 -1 -1 -1 -1 -1 -1 -1
872 861 862 864 871 881 -1 -1 -1 -1 -1 -1 -1 -1
873 867 868 870 874 875 876 -1 -1 -1 -1 -1 -1 -1
874 867 873 875 876 936 939 -1 -1 -1 -1 -1 -1 -1
875 873 874 876 936 938 939 -1 -1 -1 -1 -1 -1 -1
876 873 874 875 936 939 956 -1 -1 -1 -1 -1 -1 -1
877 865 866 878 879 -1 -1 -1 -1 -1 -1 -1 -1 -1
878 865 866 877 879 880 882 -1 -1 -1 -1 -1 -1 -1
879 865 877 878 882 883 884 -1 -1 -1 -1 -1 -1 -1
880 863 864 866 878 882 -1 -1 -1 -1 -1 -1 -1 -1
881 871 872 -1 -1 -1 -1 -1 -1 -1 -1 -1 -1 -1
882 878 879 880 -1 -1 -1 -1 -1 -1 -1 -1 -1 -1
883 879 884 890 -1 -1 -1 -1 -1 -1 -1 -1 -1 -1
884 879 883 890 -1 -1 -1 -1 -1 -1 -1 -1 -1 -1
885 800 886 887 -1 -1 -1 -1 -1 -1 -1 -1 -1 -1
886 800 885 887 889 -1 -1 -1 -1 -1 -1 -1 -1 -1
887 800 823 885 886 -1 -1 -1 -1 -1 -1 -1 -1 -1
888 800 889 891 -1 -1 -1 -1 -1 -1 -1 -1 -1 -1
889 800 886 888 891 895 -1 -1 -1 -1 -1 -1 -1 -1
890 883 884 -1 -1 -1 -1 -1 -1 -1 -1 -1 -1 -1
891 888 889 892 895 908 -1 -1 -1 -1 -1 -1 -1 -1
892 891 893 894 895 -1 -1 -1 -1 -1 -1 -1 -1 -1
893 892 894 895 896 -1 -1 -1 -1 -1 -1 -1 -1 -1
894 892 893 895 896 901 -1 -1 -1 -1 -1 -1 -1 -1
895 889 891 892 893 894 896 -1 -1 -1 -1 -1 -1 -1
896 893 894 895 901 904 910 -1 -1 -1 -1 -1 -1 -1
897 898 899 900 -1 -1 -1 -1 -1 -1 -1 -1 -1 -1
898 897 900 -1 -1 -1 -1 -1 -1 -1 -1 -1 -1 -1
899 897 963 -1 -1 -1 -1 -1 -1 -1 -1 -1 -1 -1
900 897 898 912 -1 -1 -1 -1 -1 -1 -1 -1 -1 -1
901 894 896 904 907 910 913 -1 -1 -1 -1 -1 -1 -1
902 903 904 905 906 907 -1 -1 -1 -1 -1 -1 -1 -1
903 902 904 905 906 907 909 -1 -1 -1 -1 -1 -1 -1
904 896 901 902 903 905 906 907 909 910 -1 -1 -1 -1
905 902 903 904 906 907 909 911 -1 -1 -1 -1 -1 -1
906 902 903 904 905 907 909 910 911 -1 -1 -1 -1 -1
907 901 902 903 904 905 906 909 910 911 914 -1 -1 -1
908 891 915 916 -1 -1 -1 -1 -1 -1 -1 -1 -1 -1
909 903 904 905 906 907 911 912 -1 -1 -1 -1 -1 -1
910 896 901 904 906 907 913 917 -1 -1 -1 -1 -1 -1
911 905 906 907 909 914 918 -1 -1 -1 -1 -1 -1 -1
912 900 909 964 -1 -1 -1 -1 -1 -1 -1 -1 -1 -1
913 901 910 915 917 920 -1 -1 -1 -1 -1 -1 -1 -1
914 907 911 918 921 -1 -1 -1 -1 -1 -1 -1 -1 -1
915 908 913 916 919 -1 -1 -1 -1 -1 -1 -1 -1 -1
916 908 915 919 -1 -1 -1 -1 -1 -1 -1 -1 -1 -1
917 910 913 920 922 923 -1 -1 -1 -1 -1 -1 -1 -1
918 911 914 921 -1 -1 -1 -1 -1 -1 -1 -1 -1 -1
919 854 915 916 924 -1 -1 -1 -1 -1 -1 -1 -1 -1
920 913 917 922 923 925 926 -1 -1 -1 -1 -1 -1 -1
921 914 918 964 967 -1 -1 -1 -1 -1 -1 -1 -1 -1
922 917 920 923 925 926 927 929 -1 -1 -1 -1 -1 -1
923 917 920 922 925 926 927 929 930 -1 -1 -1 -1 -1
924 854 919 927 928 -1 -1 -1 -1 -1 -1 -1 -1 -1
925 920 922 923 926 927 929 930 931 -1 -1 -1 -1 -1
926 920 922 923 925 929 930 932 934 -1 -1 -1 -1 -1
927 854 922 923 924 925 928 929 931 -1 -1 -1 -1 -1
928 845 854 924 927 931 936 -1 -1 -1 -1 -1 -1 -1
929 922 923 925 926 927 930 931 -1 -1 -1 -1 -1 -1
930 923 925 926 929 934 937 940 -1 -1 -1 -1 -1 -1
931 925 927 928 929 936 938 939 -1 -1 -1 -1 -1 -1
932 926 933 934 935 -1 -1 -1 -1 -1 -1 -1 -1 -1
933 932 934 935 937 -1 -1 -1 -1 -1 -1 -1 -1 -1
934 926 930 932 933 935 937 941 -1 -1 -1 -1 -1 -1
935 932 933 934 937 941 -1 -1 -1 -1 -1 -1 -1 -1
936 845 874 875 876 928 931 938 939 -1 -1 -1 -1 -1
937 930 933 934 935 941 946 947 -1 -1 -1 -1 -1 -1
938 875 931 936 939 940 -1 -1 -1 -1 -1 -1 -1 -1
939 874 875 876 931 936 938 -1 -1 -1 -1 -1 -1 -1
940 930 938 947 951 -1 -1 -1 -1 -1 -1 -1 -1 -1
941 934 935 937 946 947 952 953 954 955 -1 -1 -1 -1
942 943 944 945 -1 -1 -1 -1 -1 -1 -1 -1 -1 -1
943 942 945 948 949 950 -1 -1 -1 -1 -1 -1 -1 -1
944 942 945 967 -1 -1 -1 -1 -1 -1 -1 -1 -1 -1
945 942 943 944 948 -1 -1 -1 -1 -1 -1 -1 -1 -1
946 937 941 947 952 953 954 955 -1 -1 -1 -1 -1 -1
947 937 940 941 946 951 953 954 958 -1 -1 -1 -1 -1
948 943 945 949 -1 -1 -1 -1 -1 -1 -1 -1 -1 -1
949 943 948 950 959 -1 -1 -1 -1 -1 -1 -1 -1 -1
950 943 949 962 -1 -1 -1 -1 -1 -1 -1 -1 -1 -1
951 940 947 954 957 958 -1 -1 -1 -1 -1 -1 -1 -1
952 941 946 953 955 961 -1 -1 -1 -1 -1 -1 -1 -1
953 941 946 947 952 954 955 961 -1 -1 -1 -1 -1 -1
954 941 946 947 951 953 955 958 -1 -1 -1 -1 -1 -1
955 941 946 952 953 954 961 -1 -1 -1 -1 -1 -1 -1
956 876 957 -1 -1 -1 -1 -1 -1 -1 -1 -1 -1 -1
957 951 956 958 -1 -1 -1 -1 -1 -1 -1 -1 -1 -1
958 947 951 954 957 -1 -1 -1 -1 -1 -1 -1 -1 -1
959 949 960 -1 -1 -1 -1 -1 -1 -1 -1 -1 -1 -1
960 959 -1 -1 -1 -1 -1 -1 -1 -1 -1 -1 -1 -1
961 952 953 955 -1 -1 -1 -1 -1 -1 -1 -1 -1 -1
962 950 -1 -1 -1 -1 -1 -1 -1 -1 -1 -1 -1 -1
963 899 -1 -1 -1 -1 -1 -1 -1 -1 -1 -1 -1 -1
964 912 921 967 -1 -1 -1 -1 -1 -1 -1 -1 -1 -1
965 966 -1 -1 -1 -1 -1 -1 -1 -1 -1 -1 -1 -1
966 965 -1 -1 -1 -1 -1 -1 -1 -1 -1 -1 -1 -1
967 921 944 964 -1 -1 -1 -1 -1 -1 -1 -1 -1 -1
968 969 970 -1 -1 -1 -1 -1 -1 -1 -1 -1 -1 -1
969 968 970 -1 -1 -1 -1 -1 -1 -1 -1 -1 -1 -1
970 968 969 971 972 -1 -1 -1 -1 -1 -1 -1 -1 -1
971 970 975 976 977 -1 -1 -1 -1 -1 -1 -1 -1 -1
972 970 978 -1 -1 -1 -1 -1 -1 -1 -1 -1 -1 -1
973 974 -1 -1 -1 -1 -1 -1 -1 -1 -1 -1 -1 -1
974 973 -1 -1 -1 -1 -1 -1 -1 -1 -1 -1 -1 -1
975 971 976 981 1585 -1 -1 -1 -1 -1 -1 -1 -1 -1
976 971 975 977 981 983 -1 -1 -1 -1 -1 -1 -1 -1
977 971 976 983 985 -1 -1 -1 -1 -1 -1 -1 -1 -1
978 972 982 -1 -1 -1 -1 -1 -1 -1 -1 -1 -1 -1
979 980 -1 -1 -1 -1 -1 -1 -1 -1 -1 -1 -1 -1
980 979 -1 -1 -1 -1 -1 -1 -1 -1 -1 -1 -1 -1
981 975 976 -1 -1 -1 -1 -1 -1 -1 -1 -1 -1 -1
982 978 984 -1 -1 -1 -1 -1 -1 -1 -1 -1 -1 -1
983 976 977 985 -1 -1 -1 -1 -1 -1 -1 -1 -1 -1
984 982 1039 -1 -1 -1 -1 -1 -1 -1 -1 -1 -1 -1
985 977 983 988 989 -1 -1 -1 -1 -1 -1 -1 -1 -1
986 987 -1 -1 -1 -1 -1 -1 -1 -1 -1 -1 -1 -1
987 986 993 994 995 -1 -1 -1 -1 -1 -1 -1 -1 -1
988 985 989 990 991 992 -1 -1 -1 -1 -1 -1 -1 -1
989 985 988 990 992 1027 1028 -1 -1 -1 -1 -1 -1 -1
990 988 989 992 1028 -1 -1 -1 -1 -1 -1 -1 -1 -1
991 988 1001 1002 1026 -1 -1 -1 -1 -1 -1 -1 -1 -1
992 988 989 990 1001 1014 -1 -1 -1 -1 -1 -1 -1 -1
993 987 994 995 996 -1 -1 -1 -1 -1 -1 -1 -1 -1
994 987 993 995 996 997 -1 -1 -1 -1 -1 -1 -1 -1
995 987 993 994 996 998 999 1000 -1 -1 -1 -1 -1 -1
996 993 994 995 998 999 1000 -1 -1 -1 -1 -1 -1 -1
997 994 1008 -1 -1 -1 -1 -1 -1 -1 -1 -1 -1 -1
998 995 996 999 1000 -1 -1 -1 -1 -1 -1 -1 -1 -1
999 995 996 998 1000 1017 -1 -1 -1 -1 -1 -1 -1 -1
1000 995 996 998 999 1017 -1 -1 -1 -1 -1 -1 -1 -1
1001 991 992 1002 1003 1004 -1 -1 -1 -1 -1 -1 -1 -1
1002 991 1001 1003 1004 1006 1009 -1 -1 -1 -1 -1 -1 -1
1003 1001 1002 1004 1009 1016 1018 -1 -1 -1 -1 -1 -1 -1
1004 1001 1002 1003 1009 1016 1018 1021 -1 -1 -1 -1 -1 -1
1005 1006 1007 1008 -1 -1 -1 -1 -1 -1 -1 -1 -1 -1
1006 1002 1005 1007 1009 -1 -1 -1 -1 -1 -1 -1 -1 -1
1007 1005 1006 1009 -1 -1 -1 -1 -1 -1 -1 -1 -1 -1
1008 997 1005 -1 -1 -1 -1 -1 -1 -1 -1 -1 -1 -1
1009 1002 1003 1004 1006 1007 1018 -1 -1 -1 -1 -1 -1 -1
1010 1011 1012 1013 1014 1015 -1 -1 -1 -1 -1 -1 -1 -1
1011 1010 1012 1014 1015 1016 -1 -1 -1 -1 -1 -1 -1 -1
1012 1010 1011 1013 1014 1015 -1 -1 -1 -1 -1 -1 -1 -1
1013 1010 1012 1014 1027 1028 1029 -1 -1 -1 -1 -1 -1 -1
1014 992 1010 1011 1012 1013 1028 -1 -1 -1 -1 -1 -1 -1
1015 1010 1011 1012 1020 -1 -1 -1 -1 -1 -1 -1 -1 -1
1016 1003 1004 1011 1020 1021 -1 -1 -1 -1 -1 -1 -1 -1
1017 999 1000 1031 -1 -1 -1 -1 -1 -1 -1 -1 -1 -1
1018 1003 1004 1009 1019 -1 -1 -1 -1 -1 -1 -1 -1 -1
1019 1018 1022 1023 -1 -1 -1 -1 -1 -1 -1 -1 -1 -1
1020 1015 1016 1021 -1 -1 -1 -1 -1 -1 -1 -1 -1 -1
1021 1004 1016 1020 -1 -1 -1 -1 -1 -1 -1 -1 -1 -1
1022 1019 1023 -1 -1 -1 -1 -1 -1 -1 -1 -1 -1 -1
1023 1019 1022 -1 -1 -1 -1 -1 -1 -1 -1 -1 -1 -1
1024 1025 1026 -1 -1 -1 -1 -1 -1 -1 -1 -1 -1 -1
1025 1024 1026 -1 -1 -1 -1 -1 -1 -1 -1 -1 -1 -1
1026 991 1024 1025 -1 -1 -1 -1 -1 -1 -1 -1 -1 -1
1027 989 1013 1028 1029 -1 -1 -1 -1 -1 -1 -1 -1 -1
1028 989 990 1013 1014 1027 1029 -1 -1 -1 -1 -1 -1 -1
1029 1013 1027 1028 1030 -1 -1 -1 -1 -1 -1 -1 -1 -1
1030 1029 1052 1063 -1 -1 -1 -1 -1 -1 -1 -1 -1 -1
1031 1017 -1 -1 -1 -1 -1 -1 -1 -1 -1 -1 -1 -1
1032 1033 1034 1035 1036 -1 -1 -1 -1 -1 -1 -1 -1 -1
1033 1032 1034 1035 1036 -1 -1 -1 -1 -1 -1 -1 -1 -1
1034 1032 1033 1035 1082 1084 -1 -1 -1 -1 -1 -1 -1 -1
1035 1032 1033 1034 1036 -1 -1 -1 -1 -1 -1 -1 -1 -1
1036 1032 1033 1035 1037 -1 -1 -1 -1 -1 -1 -1 -1 -1
1037 1036 1038 1039 1040 -1 -1 -1 -1 -1 -1 -1 -1 -1
1038 1037 1047 1048 1049 1050 1051 -1 -1 -1 -1 -1 -1 -1
1039 984 1037 1040 -1 -1 -1 -1 -1 -1 -1 -1 -1 -1
1040 1037 1039 1047 1050 -1 -1 -1 -1 -1 -1 -1 -1 -1
1041 1042 1043 1044 1045 1046 -1 -1 -1 -1 -1 -1 -1 -1
1042 1041 1043 1044 1080 -1 -1 -1 -1 -1 -1 -1 -1 -1
1043 1041 1042 1044 1045 1081 1086 1087 1088 -1 -1 -1 -1 -1
1044 1041 1042 1043 1045 -1 -1 -1 -1 -1 -1 -1 -1 -1
1045 1041 1043 1044 1046 1088 1089 -1 -1 -1 -1 -1 -1 -1
1046 1041 1045 1089 -1 -1 -1 -1 -1 -1 -1 -1 -1 -1
1047 1038 1040 1050 1052 -1 -1 -1 -1 -1 -1 -1 -1 -1
1048 1038 1049 1050 1051 1053 -1 -1 -1 -1 -1 -1 -1 -1
1049 1038 1048 1053 1090 -1 -1 -1 -1 -1 -1 -1 -1 -1
1050 1038 1040 1047 1048 1051 -1 -1 -1 -1 -1 -1 -1 -1
1051 1038 1048 1050 1054 -1 -1 -1 -1 -1 -1 -1 -1 -1
1052 1030 1047 1063 -1 -1 -1 -1 -1 -1 -1 -1 -1 -1
1053 1048 1049 1058 1090 1091 -1 -1 -1 -1 -1 -1 -1 -1
1054 1051 1055 -1 -1 -1 -1 -1 -1 -1 -1 -1 -1 -1
1055 1054 1064 1066 -1 -1 -1 -1 -1 -1 -1 -1 -1 -1
1056 1057 1058 1059 1060 1061 1062 -1 -1 -1 -1 -1 -1 -1
1057 1056 1058 1091 -1 -1 -1 -1 -1 -1 -1 -1 -1 -1
1058 1053 1056 1057 1059 1061 1091 -1 -1 -1 -1 -1 -1 -1
1059 1056 1058 1061 1062 1091 -1 -1 -1 -1 -1 -1 -1 -1
1060 1056 1096 1097 -1 -1 -1 -1 -1 -1 -1 -1 -1 -1
1061 1056 1058 1059 1062 1098 -1 -1 -1 -1 -1 -1 -1 -1
1062 1056 1059 1061 1097 1098 1099 1100 -1 -1 -1 -1 -1 -1
1063 1030 1052 1064 1065 -1 -1 -1 -1 -1 -1 -1 -1 -1
1064 1055 1063 1066 1069 -1 -1 -1 -1 -1 -1 -1 -1 -1
1065 1063 1070 1071 -1 -1 -1 -1 -1 -1 -1 -1 -1 -1
1066 1055 1064 1067 1068 -1 -1 -1 -1 -1 -1 -1 -1 -1
1067 1066 1068 1098 -1 -1 -1 -1 -1 -1 -1 -1 -1 -1
1068 1066 1067 1098 1103 -1 -1 -1 -1 -1 -1 -1 -1 -1
1069 1064 1104 1105 -1 -1 -1 -1 -1 -1 -1 -1 -1 -1
1070 1065 1071 1072 -1 -1 -1 -1 -1 -1 -1 -1 -1 -1
1071 1065 1070 1072 -1 -1 -1 -1 -1 -1 -1 -1 -1 -1
1072 1070 1071 -1 -1 -1 -1 -1 -1 -1 -1 -1 -1 -1
1073 1074 1075 1076 1077 -1 -1 -1 -1 -1 -1 -1 -1 -1
1074 1073 1075 1101 1102 -1 -1 -1 -1 -1 -1 -1 -1 -1
1075 1073 1074 1106 -1 -1 -1 -1 -1 -1 -1 -1 -1 -1
1076 1073 1100 -1 -1 -1 -1 -1 -1 -1 -1 -1 -1 -1
1077 1073 1115 1116 1117 -1 -1 -1 -1 -1 -1 -1 -1 -1
1078 1079 1080 1081 -1 -1 -1 -1 -1 -1 -1 -1 -1 -1
1079 1078 1081 1082 1083 1086 1087 -1 -1 -1 -1 -1 -1 -1
1080 1042 1078 1081 -1 -1 -1 -1 -1 -1 -1 -1 -1 -1
1081 1043 1078 1079 1080 1086 1087 -1 -1 -1 -1 -1 -1 -1
1082 1034 1079 1083 1084 1085 -1 -1 -1 -1 -1 -1 -1 -1
1083 1079 1082 1084 1085 1086 1087 -1 -1 -1 -1 -1 -1 -1
1084 1034 1082 1083 1085 -1 -1 -1 -1 -1 -1 -1 -1 -1
1085 1082 1083 1084 1087 -1 -1 -1 -1 -1 -1 -1 -1 -1
1086 1043 1079 1081 1083 1087 1088 -1 -1 -1 -1 -1 -1 -1
1087 1043 1079 1081 1083 1085 1086 1088 -1 -1 -1 -1 -1 -1
1088 1043 1045 1086 1087 1089 -1 -1 -1 -1 -1 -1 -1 -1
1089 1045 1046 1088 -1 -1 -1 -1 -1 -1 -1 -1 -1 -1
1090 1049 1053 1091 -1 -1 -1 -1 -1 -1 -1 -1 -1 -1
1091 1053 1057 1058 1059 1090 -1 -1 -1 -1 -1 -1 -1 -1
1092 1093 1094 1095 -1 -1 -1 -1 -1 -1 -1 -1 -1 -1
1093 1092 1094 1095 1127 1129 1132 1133 -1 -1 -1 -1 -1 -1
1094 1092 1093 1095 1127 1129 1132 -1 -1 -1 -1 -1 -1 -1
1095 1092 1093 1094 1132 1133 1150 -1 -1 -1 -1 -1 -1 -1
1096 1060 1097 -1 -1 -1 -1 -1 -1 -1 -1 -1 -1 -1
1097 1060 1062 1096 1099 1100 -1 -1 -1 -1 -1 -1 -1 -1
1098 1061 1062 1067 1068 1099 1103 -1 -1 -1 -1 -1 -1 -1
1099 1062 1097 1098 1100 1103 -1 -1 -1 -1 -1 -1 -1 -1
1100 1062 1076 1097 1099 1103 -1 -1 -1 -1 -1 -1 -1 -1
1101 1074 1102 -1 -1 -1 -1 -1 -1 -1 -1 -1 -1 -1
1102 1074 1101 1150 1151 1156 -1 -1 -1 -1 -1 -1 -1 -1
1103 1068 1098 1099 1100 -1 -1 -1 -1 -1 -1 -1 -1 -1
1104 1069 1105 -1 -1 -1 -1 -1 -1 -1 -1 -1 -1 -1
1105 1069 1104 1107 1108 -1 -1 -1 -1 -1 -1 -1 -1 -1
1106 1075 1156 1159 1161 1162 -1 -1 -1 -1 -1 -1 -1 -1
1107 1105 1108 1109 1110 -1 -1 -1 -1 -1 -1 -1 -1 -1
1108 1105 1107 1109 1110 1384 1385 -1 -1 -1 -1 -1 -1 -1
1109 1107 1108 1110 1112 1380 -1 -1 -1 -1 -1 -1 -1 -1
1110 1107 1108 1109 1380 1384 -1 -1 -1 -1 -1 -1 -1 -1
1111 1112 1113 1114 -1 -1 -1 -1 -1 -1 -1 -1 -1 -1
1112 1109 1111 1113 1114 1380 -1 -1 -1 -1 -1 -1 -1 -1
1113 1111 1112 1114 -1 -1 -1 -1 -1 -1 -1 -1 -1 -1
1114 1111 1112 1113 1387 1388 -1 -1 -1 -1 -1 -1 -1 -1
1115 1077 1116 1117 1162 1381 1386 -1 -1 -1 -1 -1 -1 -1
1116 1077 1115 1117 1381 1386 1390 -1 -1 -1 -1 -1 -1 -1
1117 1077 1115 1116 1381 1386 -1 -1 -1 -1 -1 -1 -1 -1
1118 1119 1120 1586 -1 -1 -1 -1 -1 -1 -1 -1 -1 -1
1119 1118 1124 1125 -1 -1 -1 -1 -1 -1 -1 -1 -1 -1
1120 1118 1124 1126 -1 -1 -1 -1 -1 -1 -1 -1 -1 -1
1121 1122 1123 -1 -1 -1 -1 -1 -1 -1 -1 -1 -1 -1
1122 1121 1145 -1 -1 -1 -1 -1 -1 -1 -1 -1 -1 -1
1123 1121 1146 1147 -1 -1 -1 -1 -1 -1 -1 -1 -1 -1
1124 1119 1120 1125 -1 -1 -1 -1 -1 -1 -1 -1 -1 -1
1125 1119 1124 -1 -1 -1 -1 -1 -1 -1 -1 -1 -1 -1
1126 1120 1127 1128 1129 -1 -1 -1 -1 -1 -1 -1 -1 -1
1127 1093 1094 1126 1128 1129 1130 1131 -1 -1 -1 -1 -1 -1
1128 1126 1127 1129 -1 -1 -1 -1 -1 -1 -1 -1 -1 -1
1129 1093 1094 1126 1127 1128 1131 -1 -1 -1 -1 -1 -1 -1
1130 1127 1131 -1 -1 -1 -1 -1 -1 -1 -1 -1 -1 -1
1131 1127 1129 1130 1133 -1 -1 -1 -1 -1 -1 -1 -1 -1
1132 1093 1094 1095 1133 1150 -1 -1 -1 -1 -1 -1 -1 -1
1133 1093 1095 1131 1132 1150 1151 -1 -1 -1 -1 -1 -1 -1
1134 1135 1136 1137 -1 -1 -1 -1 -1 -1 -1 -1 -1 -1
1135 1134 1136 1137 1141 -1 -1 -1 -1 -1 -1 -1 -1 -1
1136 1134 1135 1141 1142 -1 -1 -1 -1 -1 -1 -1 -1 -1
1137 1134 1135 1149 -1 -1 -1 -1 -1 -1 -1 -1 -1 -1
1138 1139 1140 -1 -1 -1 -1 -1 -1 -1 -1 -1 -1 -1
1139 1138 1147 -1 -1 -1 -1 -1 -1 -1 -1 -1 -1 -1
1140 1138 1153 -1 -1 -1 -1 -1 -1 -1 -1 -1 -1 -1
1141 1135 1136 1142 1152 -1 -1 -1 -1 -1 -1 -1 -1 -1
1142 1136 1141 1152 -1 -1 -1 -1 -1 -1 -1 -1 -1 -1
1143 1144 -1 -1 -1 -1 -1 -1 -1 -1 -1 -1 -1 -1
1144 1143 1157 -1 -1 -1 -1 -1 -1 -1 -1 -1 -1 -1
1145 1122 -1 -1 -1 -1 -1 -1 -1 -1 -1 -1 -1 -1
1146 1123 1147 1148 -1 -1 -1 -1 -1 -1 -1 -1 -1 -1
1147 1123 1139 1146 -1 -1 -1 -1 -1 -1 -1 -1 -1 -1
1148 1146 1149 -1 -1 -1 -1 -1 -1 -1 -1 -1 -1 -1
1149 1137 1148 -1 -1 -1 -1 -1 -1 -1 -1 -1 -1 -1
1150 1095 1102 1132 1133 1151 -1 -1 -1 -1 -1 -1 -1 -1
1151 1102 1133 1150 1154 1155 1156 -1 -1 -1 -1 -1 -1 -1
1152 1141 1142 1154 1155 -1 -1 -1 -1 -1 -1 -1 -1 -1
1153 1140 1157 1158 -1 -1 -1 -1 -1 -1 -1 -1 -1 -1
1154 1151 1152 1155 -1 -1 -1 -1 -1 -1 -1 -1 -1 -1
1155 1151 1152 1154 1156 1159 -1 -1 -1 -1 -1 -1 -1 -1
1156 1102 1106 1151 1155 1159 -1 -1 -1 -1 -1 -1 -1 -1
1157 1144 1153 1587 -1 -1 -1 -1 -1 -1 -1 -1 -1 -1
1158 1153 1160 -1 -1 -1 -1 -1 -1 -1 -1 -1 -1 -1
1159 1106 1155 1156 1161 -1 -1 -1 -1 -1 -1 -1 -1 -1
1160 1158 1590 -1 -1 -1 -1 -1 -1 -1 -1 -1 -1 -1
1161 1106 1159 1162 -1 -1 -1 -1 -1 -1 -1 -1 -1 -1
1162 1106 1115 1161 1381 1382 1383 -1 -1 -1 -1 -1 -1 -1
1163 1164 1165 1166 1167 -1 -1 -1 -1 -1 -1 -1 -1 -1
1164 1163 1165 1166 1167 -1 -1 -1 -1 -1 -1 -1 -1 -1
1165 1163 1164 1175 -1 -1 -1 -1 -1 -1 -1 -1 -1 -1
1166 1163 1164 1167 -1 -1 -1 -1 -1 -1 -1 -1 -1 -1
1167 1163 1164 1166 -1 -1 -1 -1 -1 -1 -1 -1 -1 -1
1168 1169 -1 -1 -1 -1 -1 -1 -1 -1 -1 -1 -1 -1
1169 1168 1170 -1 -1 -1 -1 -1 -1 -1 -1 -1 -1 -1
1170 1169 -1 -1 -1 -1 -1 -1 -1 -1 -1 -1 -1 -1
1171 1172 -1 -1 -1 -1 -1 -1 -1 -1 -1 -1 -1 -1
1172 1171 -1 -1 -1 -1 -1 -1 -1 -1 -1 -1 -1 -1
1173 1174 1574 1591 -1 -1 -1 -1 -1 -1 -1 -1 -1 -1
1174 1173 -1 -1 -1 -1 -1 -1 -1 -1 -1 -1 -1 -1
1175 1165 -1 -1 -1 -1 -1 -1 -1 -1 -1 -1 -1 -1
1176 1177 -1 -1 -1 -1 -1 -1 -1 -1 -1 -1 -1 -1
1177 1176 -1 -1 -1 -1 -1 -1 -1 -1 -1 -1 -1 -1
1178 1179 1180 -1 -1 -1 -1 -1 -1 -1 -1 -1 -1 -1
1179 1178 1180 -1 -1 -1 -1 -1 -1 -1 -1 -1 -1 -1
1180 1178 1179 1226 1227 -1 -1 -1 -1 -1 -1 -1 -1 -1
1181 1182 1594 -1 -1 -1 -1 -1 -1 -1 -1 -1 -1 -1
1182 1181 -1 -1 -1 -1 -1 -1 -1 -1 -1 -1 -1 -1
1183 1184 1185 -1 -1 -1 -1 -1 -1 -1 -1 -1 -1 -1
1184 1183 1185 1188 1189 -1 -1 -1 -1 -1 -1 -1 -1 -1
1185 1183 1184 1188 1189 1191 1193 1194 -1 -1 -1 -1 -1 -1
1186 72 1187 1190 1192 -1 -1 -1 -1 -1 -1 -1 -1 -1
1187 72 1186 1192 1197 1203 1204 -1 -1 -1 -1 -1 -1 -1
1188 1184 1185 1193 1200 -1 -1 -1 -1 -1 -1 -1 -1 -1
1189 1184 1185 1191 1194 1197 1202 -1 -1 -1 -1 -1 -1 -1
1190 1186 1191 1192 -1 -1 -1 -1 -1 -1 -1 -1 -1 -1
1191 1185 1189 1190 1192 1194 1197 -1 -1 -1 -1 -1 -1 -1
1192 1186 1187 1190 1191 1197 1203 1204 -1 -1 -1 -1 -1 -1
1193 1185 1188 1194 1200 1205 1206 -1 -1 -1 -1 -1 -1 -1
1194 1185 1189 1191 1193 1197 1200 1202 1214 1215 -1 -1 -1 -1
1195 1196 -1 -1 -1 -1 -1 -1 -1 -1 -1 -1 -1 -1
1196 1195 1201 -1 -1 -1 -1 -1 -1 -1 -1 -1 -1 -1
1197 1187 1189 1191 1192 1194 1202 1204 1207 1208 -1 -1 -1 -1
1198 1199 -1 -1 -1 -1 -1 -1 -1 -1 -1 -1 -1 -1
1199 1198 1211 1212 1213 -1 -1 -1 -1 -1 -1 -1 -1 -1
1200 1188 1193 1194 1205 1206 1214 1218 1219 -1 -1 -1 -1 -1
1201 1196 1216 1217 -1 -1 -1 -1 -1 -1 -1 -1 -1 -1
1202 1189 1194 1197 1207 1208 1214 1215 1220 -1 -1 -1 -1 -1
1203 1187 1192 1204 1209 1210 -1 -1 -1 -1 -1 -1 -1 -1
1204 1187 1192 1197 1203 1207 1209 -1 -1 -1 -1 -1 -1 -1
1205 1193 1200 1206 1216 1218 -1 -1 -1 -1 -1 -1 -1 -1
1206 1193 1200 1205 1214 1216 1218 1219 -1 -1 -1 -1 -1 -1
1207 1197 1202 1204 1208 -1 -1 -1 -1 -1 -1 -1 -1 -1
1208 1197 1202 1207 1220 1224 -1 -1 -1 -1 -1 -1 -1 -1
1209 1203 1204 1210 1222 1223 -1 -1 -1 -1 -1 -1 -1 -1
1210 1203 1209 1211 1212 1213 1222 -1 -1 -1 -1 -1 -1 -1
1211 1199 1210 1212 1213 -1 -1 -1 -1 -1 -1 -1 -1 -1
1212 1199 1210 1211 1213 1592 -1 -1 -1 -1 -1 -1 -1 -1
1213 1199 1210 1211 1212 1222 1226 1227 -1 -1 -1 -1 -1 -1
1214 1194 1200 1202 1206 1215 1219 1220 -1 -1 -1 -1 -1 -1
1215 1194 1202 1214 1219 1220 1225 -1 -1 -1 -1 -1 -1 -1
1216 1201 1205 1206 1217 1218 1221 -1 -1 -1 -1 -1 -1 -1
1217 1201 1216 1221 -1 -1 -1 -1 -1 -1 -1 -1 -1 -1
1218 1200 1205 1206 1216 1221 -1 -1 -1 -1 -1 -1 -1 -1
1219 1200 1206 1214 1215 1220 1225 1228 -1 -1 -1 -1 -1 -1
1220 1202 1208 1214 1215 1219 1224 1225 -1 -1 -1 -1 -1 -1
1221 1216 1217 1218 1230 1231 1237 -1 -1 -1 -1 -1 -1 -1
1222 1209 1210 1213 1223 1226 1227 -1 -1 -1 -1 -1 -1 -1
1223 1209 1222 1227 1229 -1 -1 -1 -1 -1 -1 -1 -1 -1
1224 1208 1220 1225 1241 1242 -1 -1 -1 -1 -1 -1 -1 -1
1225 1215 1219 1220 1224 1228 1232 1233 -1 -1 -1 -1 -1 -1
1226 1180 1213 1222 1227 1234 -1 -1 -1 -1 -1 -1 -1 -1
1227 1180 1213 1222 1223 1226 1229 1234 1235 -1 -1 -1 -1 -1
1228 1219 1225 1230 1231 1232 -1 -1 -1 -1 -1 -1 -1 -1
1229 1223 1227 1234 1235 -1 -1 -1 -1 -1 -1 -1 -1 -1
1230 1221 1228 1231 -1 -1 -1 -1 -1 -1 -1 -1 -1 -1
1231 1221 1228 1230 1236 1237 -1 -1 -1 -1 -1 -1 -1 -1
1232 1225 1228 1233 1262 -1 -1 -1 -1 -1 -1 -1 -1 -1
1233 1225 1232 1242 1243 1262 -1 -1 -1 -1 -1 -1 -1 -1
1234 1226 1227 1229 1235 1246 -1 -1 -1 -1 -1 -1 -1 -1
1235 1227 1229 1234 1241 1245 -1 -1 -1 -1 -1 -1 -1 -1
1236 1231 1237 1238 1239 1240 -1 -1 -1 -1 -1 -1 -1 -1
1237 1221 1231 1236 1239 -1 -1 -1 -1 -1 -1 -1 -1 -1
1238 1236 1239 1240 1264 1265 -1 -1 -1 -1 -1 -1 -1 -1
1239 1236 1237 1238 1240 -1 -1 -1 -1 -1 -1 -1 -1 -1
1240 1236 1238 1239 1264 1265 -1 -1 -1 -1 -1 -1 -1 -1
1241 1224 1235 1242 1243 1244 -1 -1 -1 -1 -1 -1 -1 -1
1242 1224 1233 1241 1243 1244 -1 -1 -1 -1 -1 -1 -1 -1
1243 1233 1241 1242 1244 1263 -1 -1 -1 -1 -1 -1 -1 -1
1244 1241 1242 1243 1248 1249 -1 -1 -1 -1 -1 -1 -1 -1
1245 1235 1247 -1 -1 -1 -1 -1 -1 -1 -1 -1 -1 -1
1246 1234 1593 -1 -1 -1 -1 -1 -1 -1 -1 -1 -1 -1
1247 1245 1248 1249 -1 -1 -1 -1 -1 -1 -1 -1 -1 -1
1248 1244 1247 1249 1250 1251 -1 -1 -1 -1 -1 -1 -1 -1
1249 1244 1247 1248 -1 -1 -1 -1 -1 -1 -1 -1 -1 -1
1250 1248 1263 1266 1267 -1 -1 -1 -1 -1 -1 -1 -1 -1
1251 1248 1258 1259 1261 -1 -1 -1 -1 -1 -1 -1 -1 -1
1252 1253 -1 -1 -1 -1 -1 -1 -1 -1 -1 -1 -1 -1
1253 1252 -1 -1 -1 -1 -1 -1 -1 -1 -1 -1 -1 -1
1254 256 1255 1256 1257 -1 -1 -1 -1 -1 -1 -1 -1 -1
1255 1254 1256 1264 1265 1266 -1 -1 -1 -1 -1 -1 -1 -1
1256 256 257 1254 1255 1265 1266 1268 -1 -1 -1 -1 -1 -1
1257 1254 -1 -1 -1 -1 -1 -1 -1 -1 -1 -1 -1 -1
1258 1251 1259 1260 -1 -1 -1 -1 -1 -1 -1 -1 -1 -1
1259 1251 1258 1260 -1 -1 -1 -1 -1 -1 -1 -1 -1 -1
1260 1258 1259 1267 1268 -1 -1 -1 -1 -1 -1 -1 -1 -1
1261 1251 1595 -1 -1 -1 -1 -1 -1 -1 -1 -1 -1 -1
1262 1232 1233 1263 -1 -1 -1 -1 -1 -1 -1 -1 -1 -1
1263 1243 1250 1262 -1 -1 -1 -1 -1 -1 -1 -1 -1 -1
1264 1238 1240 1255 1265 1266 -1 -1 -1 -1 -1 -1 -1 -1
1265 1238 1240 1255 1256 1264 1266 -1 -1 -1 -1 -1 -1 -1
1266 1250 1255 1256 1264 1265 1267 1268 -1 -1 -1 -1 -1 -1
1267 1250 1260 1266 1268 -1 -1 -1 -1 -1 -1 -1 -1 -1
1268 257 1256 1260 1266 1267 -1 -1 -1 -1 -1 -1 -1 -1
1269 1270 1271 1272 1273 1274 1275 1276 -1 -1 -1 -1 -1 -1
1270 1269 1271 1273 1274 1276 1277 -1 -1 -1 -1 -1 -1 -1
1271 1269 1270 1272 1273 1274 1275 1276 1277 1278 -1 -1 -1 -1
1272 1269 1271 1274 1275 1276 1278 1282 1283 -1 -1 -1 -1 -1
1273 1269 1270 1271 1274 1276 1277 -1 -1 -1 -1 -1 -1 -1
1274 1269 1270 1271 1272 1273 1275 1276 1277 1278 -1 -1 -1 -1
1275 1269 1271 1272 1274 1276 1278 1282 1287 -1 -1 -1 -1 -1
1276 1269 1270 1271 1272 1273 1274 1275 1278 1282 1287 -1 -1 -1
1277 1270 1271 1273 1274 1279 1281 -1 -1 -1 -1 -1 -1 -1
1278 1271 1272 1274 1275 1276 1287 1295 -1 -1 -1 -1 -1 -1
1279 1277 1280 1281 -1 -1 -1 -1 -1 -1 -1 -1 -1 -1
1280 1279 1281 1284 1285 1286 1293 -1 -1 -1 -1 -1 -1 -1
1281 1277 1279 1280 1293 1296 1297 -1 -1 -1 -1 -1 -1 -1
1282 1272 1275 1276 1283 -1 -1 -1 -1 -1 -1 -1 -1 -1
1283 1272 1282 1288 1289 -1 -1 -1 -1 -1 -1 -1 -1 -1
1284 1280 1285 1286 -1 -1 -1 -1 -1 -1 -1 -1 -1 -1
1285 1280 1284 1286 1294 -1 -1 -1 -1 -1 -1 -1 -1 -1
1286 1280 1284 1285 1293 1294 1300 -1 -1 -1 -1 -1 -1 -1
1287 1275 1276 1278 1295 1299 -1 -1 -1 -1 -1 -1 -1 -1
1288 1283 1289 1290 1291 1292 1298 -1 -1 -1 -1 -1 -1 -1
1289 1283 1288 1291 1292 1298 -1 -1 -1 -1 -1 -1 -1 -1
1290 1288 1291 1292 -1 -1 -1 -1 -1 -1 -1 -1 -1 -1
1291 1288 1289 1290 1292 -1 -1 -1 -1 -1 -1 -1 -1 -1
1292 1288 1289 1290 1291 1301 -1 -1 -1 -1 -1 -1 -1 -1
1293 1280 1281 1286 1297 1300 1303 -1 -1 -1 -1 -1 -1 -1
1294 1285 1286 1300 -1 -1 -1 -1 -1 -1 -1 -1 -1 -1
1295 1278 1287 1296 1299 1302 -1 -1 -1 -1 -1 -1 -1 -1
1296 1281 1295 1297 1302 -1 -1 -1 -1 -1 -1 -1 -1 -1
1297 1281 1293 1296 -1 -1 -1 -1 -1 -1 -1 -1 -1 -1
1298 1288 1289 1304 1305 1306 -1 -1 -1 -1 -1 -1 -1 -1
1299 1287 1295 1302 1304 1307 -1 -1 -1 -1 -1 -1 -1 -1
1300 1286 1293 1294 1303 -1 -1 -1 -1 -1 -1 -1 -1 -1
1301 1292 1305 1308 1309 1310 1311 1312 -1 -1 -1 -1 -1 -1
1302 1295 1296 1299 1314 -1 -1 -1 -1 -1 -1 -1 -1 -1
1303 1293 1300 -1 -1 -1 -1 -1 -1 -1 -1 -1 -1 -1
1304 1298 1299 1306 1307 1313 -1 -1 -1 -1 -1 -1 -1 -1
1305 1298 1301 1306 1310 1311 1316 -1 -1 -1 -1 -1 -1 -1
1306 1298 1304 1305 1310 1313 1316 -1 -1 -1 -1 -1 -1 -1
1307 1299 1304 1313 1321 1322 1323 -1 -1 -1 -1 -1 -1 -1
1308 1301 1309 1315 -1 -1 -1 -1 -1 -1 -1 -1 -1 -1
1309 1301 1308 1311 1312 1315 -1 -1 -1 -1 -1 -1 -1 -1
1310 1301 1305 1306 1311 1313 1316 1317 -1 -1 -1 -1 -1 -1
1311 1301 1305 1309 1310 1312 1316 1317 1318 1319 -1 -1 -1 -1
1312 1301 1309 1311 1315 1317 1318 1327 -1 -1 -1 -1 -1 -1
1313 1304 1306 1307 1310 1316 1321 1322 1324 1325 -1 -1 -1 -1
1314 1302 1320 1326 -1 -1 -1 -1 -1 -1 -1 -1 -1 -1
1315 1308 1309 1312 1318 -1 -1 -1 -1 -1 -1 -1 -1 -1
1316 1305 1306 1310 1311 1313 1317 1319 1321 1324 1325 -1 -1 -1
1317 1310 1311 1312 1316 1318 1319 1327 1329 1330 1331 -1 -1 -1
1318 1311 1312 1315 1317 1327 1329 1332 -1 -1 -1 -1 -1 -1
1319 1311 1316 1317 1324 1325 1327 1328 1329 1330 1331 1333 1335 -1
1320 1314 -1 -1 -1 -1 -1 -1 -1 -1 -1 -1 -1 -1
1321 1307 1313 1316 1322 1323 1324 1325 1328 -1 -1 -1 -1 -1
1322 1307 1313 1321 1323 1324 1325 1328 -1 -1 -1 -1 -1 -1
1323 1307 1321 1322 1326 1334 1336 -1 -1 -1 -1 -1 -1 -1
1324 1313 1316 1319 1321 1322 1325 1328 1333 -1 -1 -1 -1 -1
1325 1313 1316 1319 1321 1322 1324 1328 1330 1333 1335 -1 -1 -1
1326 1314 1323 1334 -1 -1 -1 -1 -1 -1 -1 -1 -1 -1
1327 1312 1317 1318 1319 1329 1330 1331 1332 1333 1337 -1 -1 -1
1328 1319 1321 1322 1324 1325 1330 1333 1335 1341 -1 -1 -1 -1
1329 1317 1318 1319 1327 1330 1331 1332 1333 1335 -1 -1 -1 -1
1330 1317 1319 1325 1327 1328 1329 1331 1332 1333 1335 -1 -1 -1
1331 1317 1319 1327 1329 1330 1332 1333 1335 1337 1346 -1 -1 -1
1332 1318 1327 1329 1330 1331 1333 1337 1346 1350 -1 -1 -1 -1
1333 1319 1324 1325 1327 1328 1329 1330 1331 1332 1335 -1 -1 -1
1334 1323 1326 1336 1342 -1 -1 -1 -1 -1 -1 -1 -1 -1
1335 1319 1325 1328 1329 1330 1331 1333 1344 1345 -1 -1 -1 -1
1336 1323 1334 1341 1342 1351 1352 -1 -1 -1 -1 -1 -1 -1
1337 1327 1331 1332 1346 1350 -1 -1 -1 -1 -1 -1 -1 -1
1338 1339 1340 -1 -1 -1 -1 -1 -1 -1 -1 -1 -1 -1
1339 1338 1340 1343 -1 -1 -1 -1 -1 -1 -1 -1 -1 -1
1340 1338 1339 1349 1359 -1 -1 -1 -1 -1 -1 -1 -1 -1
1341 1328 1336 1344 1351 1352 1353 -1 -1 -1 -1 -1 -1 -1
1342 1334 1336 1343 1351 1352 1354 1355 -1 -1 -1 -1 -1 -1
1343 1339 1342 1354 1359 1360 1361 1362 -1 -1 -1 -1 -1 -1
1344 1335 1341 1345 1351 1353 -1 -1 -1 -1 -1 -1 -1 -1
1345 1335 1344 1356 1357 1363 -1 -1 -1 -1 -1 -1 -1 -1
1346 1331 1332 1337 1350 1356 1357 -1 -1 -1 -1 -1 -1 -1
1347 1348 1349 -1 -1 -1 -1 -1 -1 -1 -1 -1 -1 -1
1348 1347 1349 1375 -1 -1 -1 -1 -1 -1 -1 -1 -1 -1
1349 1340 1347 1348 1359 1364 1375 1376 1377 -1 -1 -1 -1 -1
1350 1332 1337 1346 1357 1358 -1 -1 -1 -1 -1 -1 -1 -1
1351 1336 1341 1342 1344 1352 1353 -1 -1 -1 -1 -1 -1 -1
1352 1336 1341 1342 1351 1353 1355 1366 -1 -1 -1 -1 -1 -1
1353 1341 1344 1351 1352 1370 -1 -1 -1 -1 -1 -1 -1 -1
1354 1342 1343 1355 1360 1361 1362 1366 -1 -1 -1 -1 -1 -1
1355 1342 1352 1354 1360 1362 1366 1367 1368 -1 -1 -1 -1 -1
1356 1345 1346 1357 1363 1369 -1 -1 -1 -1 -1 -1 -1 -1
1357 1345 1346 1350 1356 1358 1363 1371 -1 -1 -1 -1 -1 -1
1358 1350 1357 1371 -1 -1 -1 -1 -1 -1 -1 -1 -1 -1
1359 1340 1343 1349 1361 1362 1364 1365 -1 -1 -1 -1 -1 -1
1360 1343 1354 1355 1361 1362 1366 1367 1368 -1 -1 -1 -1 -1
1361 1343 1354 1359 1360 1362 1364 1365 -1 -1 -1 -1 -1 -1
1362 1343 1354 1355 1359 1360 1361 1367 -1 -1 -1 -1 -1 -1
1363 1345 1356 1357 1369 1371 1372 -1 -1 -1 -1 -1 -1 -1
1364 1349 1359 1361 1365 1377 -1 -1 -1 -1 -1 -1 -1 -1
1365 1359 1361 1364 1377 1379 -1 -1 -1 -1 -1 -1 -1 -1
1366 1352 1354 1355 1360 1367 1368 1373 -1 -1 -1 -1 -1 -1
1367 285 1355 1360 1362 1366 1368 1373 -1 -1 -1 -1 -1 -1
1368 285 1355 1360 1366 1367 1373 -1 -1 -1 -1 -1 -1 -1
1369 136 1356 1363 1370 1372 1374 -1 -1 -1 -1 -1 -1 -1
1370 136 138 1353 1369 1373 1374 -1 -1 -1 -1 -1 -1 -1
1371 1357 1358 1363 -1 -1 -1 -1 -1 -1 -1 -1 -1 -1
1372 1363 1369 1374 -1 -1 -1 -1 -1 -1 -1 -1 -1 -1
1373 138 1366 1367 1368 1370 -1 -1 -1 -1 -1 -1 -1 -1
1374 136 138 1369 1370 1372 -1 -1 -1 -1 -1 -1 -1 -1
1375 1348 1349 1376 1377 -1 -1 -1 -1 -1 -1 -1 -1 -1
1376 1349 1375 1377 1378 -1 -1 -1 -1 -1 -1 -1 -1 -1
1377 1349 1364 1365 1375 1376 1378 1379 -1 -1 -1 -1 -1 -1
1378 1376 1377 1379 -1 -1 -1 -1 -1 -1 -1 -1 -1 -1
1379 1365 1377 1378 -1 -1 -1 -1 -1 -1 -1 -1 -1 -1
1380 1109 1110 1112 1387 1388 1393 1394 -1 -1 -1 -1 -1 -1
1381 1115 1116 1117 1162 1383 1386 -1 -1 -1 -1 -1 -1 -1
1382 1162 1383 1391 1392 -1 -1 -1 -1 -1 -1 -1 -1 -1
1383 1162 1381 1382 1386 1391 1395 -1 -1 -1 -1 -1 -1 -1
1384 1108 1110 1385 1389 -1 -1 -1 -1 -1 -1 -1 -1 -1
1385 1108 1384 1389 -1 -1 -1 -1 -1 -1 -1 -1 -1 -1
1386 1115 1116 1117 1381 1383 1395 1398 -1 -1 -1 -1 -1 -1
1387 1114 1380 1388 1390 1393 1394 1396 -1 -1 -1 -1 -1 -1
1388 1114 1380 1387 1393 1394 1396 -1 -1 -1 -1 -1 -1 -1
1389 1384 1385 1401 -1 -1 -1 -1 -1 -1 -1 -1 -1 -1
1390 1116 1387 1396 1402 -1 -1 -1 -1 -1 -1 -1 -1 -1
1391 1382 1383 1392 1395 1397 -1 -1 -1 -1 -1 -1 -1 -1
1392 1382 1391 1397 -1 -1 -1 -1 -1 -1 -1 -1 -1 -1
1393 1380 1387 1388 1394 1399 1400 -1 -1 -1 -1 -1 -1 -1
1394 1380 1387 1388 1393 1396 1399 1400 -1 -1 -1 -1 -1 -1
1395 1383 1386 1391 1398 1403 1404 -1 -1 -1 -1 -1 -1 -1
1396 1387 1388 1390 1394 1402 -1 -1 -1 -1 -1 -1 -1 -1
1397 1391 1392 1404 1408 -1 -1 -1 -1 -1 -1 -1 -1 -1
1398 1386 1395 1407 -1 -1 -1 -1 -1 -1 -1 -1 -1 -1
1399 1393 1394 1400 1405 -1 -1 -1 -1 -1 -1 -1 -1 -1
1400 1393 1394 1399 1405 1411 -1 -1 -1 -1 -1 -1 -1 -1
1401 1389 1406 -1 -1 -1 -1 -1 -1 -1 -1 -1 -1 -1
1402 1390 1396 1412 1413 -1 -1 -1 -1 -1 -1 -1 -1 -1
1403 1395 1404 1409 1410 -1 -1 -1 -1 -1 -1 -1 -1 -1
1404 1395 1397 1403 1408 1409 1410 1414 -1 -1 -1 -1 -1 -1
1405 1399 1400 1406 1411 -1 -1 -1 -1 -1 -1 -1 -1 -1
1406 1401 1405 1416 1417 -1 -1 -1 -1 -1 -1 -1 -1 -1
1407 1398 1420 1421 -1 -1 -1 -1 -1 -1 -1 -1 -1 -1
1408 1397 1404 1409 1410 1414 1415 -1 -1 -1 -1 -1 -1 -1
1409 1403 1404 1408 1410 1414 1418 1419 -1 -1 -1 -1 -1 -1
1410 1403 1404 1408 1409 1414 1415 1418 -1 -1 -1 -1 -1 -1
1411 1400 1405 1412 1423 1424 1427 -1 -1 -1 -1 -1 -1 -1
1412 1402 1411 1413 1422 1423 1424 1425 -1 -1 -1 -1 -1 -1
1413 1402 1412 1422 1423 1425 1426 -1 -1 -1 -1 -1 -1 -1
1414 1404 1408 1409 1410 1415 1418 -1 -1 -1 -1 -1 -1 -1
1415 1408 1410 1414 1418 1434 1435 -1 -1 -1 -1 -1 -1 -1
1416 1406 1417 1428 1429 -1 -1 -1 -1 -1 -1 -1 -1 -1
1417 1406 1416 1428 1429 -1 -1 -1 -1 -1 -1 -1 -1 -1
1418 1409 1410 1414 1415 1419 1434 -1 -1 -1 -1 -1 -1 -1
1419 1409 1418 1420 1421 1432 1434 1437 1438 1440 -1 -1 -1 -1
1420 1407 1419 1421 1432 1433 -1 -1 -1 -1 -1 -1 -1 -1
1421 1407 1419 1420 1432 1433 1437 1438 1439 1440 -1 -1 -1 -1
1422 1412 1413 1423 1425 1426 -1 -1 -1 -1 -1 -1 -1 -1
1423 1411 1412 1413 1422 1424 1425 1426 1430 1431 -1 -1 -1 -1
1424 1411 1412 1423 1425 1427 1430 1431 1441 -1 -1 -1 -1 -1
1425 1412 1413 1422 1423 1424 1426 1430 1431 1441 -1 -1 -1 -1
1426 1413 1422 1423 1425 1431 1436 -1 -1 -1 -1 -1 -1 -1
1427 1411 1424 1428 1441 1487 -1 -1 -1 -1 -1 -1 -1 -1
1428 1416 1417 1427 1441 1487 -1 -1 -1 -1 -1 -1 -1 -1
1429 1416 1417 -1 -1 -1 -1 -1 -1 -1 -1 -1 -1 -1
1430 1423 1424 1425 1431 1441 1445 -1 -1 -1 -1 -1 -1 -1
1431 1423 1424 1425 1426 1430 1436 1445 1446 -1 -1 -1 -1 -1
1432 1419 1420 1421 1433 1437 1438 1439 1440 1442 -1 -1 -1 -1
1433 1420 1421 1432 1436 1437 1439 1440 1442 1447 -1 -1 -1 -1
1434 1415 1418 1419 1435 1438 1443 1444 -1 -1 -1 -1 -1 -1
1435 1415 1434 1443 1444 1449 1450 1451 -1 -1 -1 -1 -1 -1
1436 1426 1431 1433 1446 1447 -1 -1 -1 -1 -1 -1 -1 -1
1437 1419 1421 1432 1433 1438 1439 1440 1442 1447 1448 -1 -1 -1
1438 1419 1421 1432 1434 1437 1439 1440 1442 1443 1444 1448 1451 -1
1439 1421 1432 1433 1437 1438 1440 1442 1447 1452 -1 -1 -1 -1
1440 1419 1421 1432 1433 1437 1438 1439 1442 1444 1448 -1 -1 -1
1441 1424 1425 1427 1428 1430 1487 1488 -1 -1 -1 -1 -1 -1
1442 1432 1433 1437 1438 1439 1440 1447 1448 1452 -1 -1 -1 -1
1443 1434 1435 1438 1444 1448 1449 1450 1451 -1 -1 -1 -1 -1
1444 1434 1435 1438 1440 1443 1448 1449 1450 1451 1453 1454 -1 -1
1445 1430 1431 1446 1464 1470 1489 -1 -1 -1 -1 -1 -1 -1
1446 1431 1436 1445 1447 1461 1464 -1 -1 -1 -1 -1 -1 -1
1447 1433 1436 1437 1439 1442 1446 1452 1461 1463 -1 -1 -1 -1
1448 1437 1438 1440 1442 1443 1444 1450 1451 1454 -1 -1 -1 -1
1449 1435 1443 1444 1450 1451 1453 -1 -1 -1 -1 -1 -1 -1
1450 1435 1443 1444 1448 1449 1451 1453 1454 -1 -1 -1 -1 -1
1451 1435 1438 1443 1444 1448 1449 1450 1453 1454 1459 -1 -1 -1
1452 1439 1442 1447 1461 1463 1465 1472 -1 -1 -1 -1 -1 -1
1453 1444 1449 1450 1451 1454 1459 1476 1478 1480 -1 -1 -1 -1
1454 1444 1448 1450 1451 1453 1459 1479 1480 -1 -1 -1 -1 -1
1455 1456 1457 1458 -1 -1 -1 -1 -1 -1 -1 -1 -1 -1
1456 1455 1457 1458 1460 -1 -1 -1 -1 -1 -1 -1 -1 -1
1457 1455 1456 1458 1487 1488 -1 -1 -1 -1 -1 -1 -1 -1
1458 1455 1456 1457 1460 -1 -1 -1 -1 -1 -1 -1 -1 -1
1459 1451 1453 1454 1476 1479 1480 1481 -1 -1 -1 -1 -1 -1
1460 279 1456 1458 1467 1469 -1 -1 -1 -1 -1 -1 -1 -1
1461 1446 1447 1452 1462 1463 1464 1465 1466 -1 -1 -1 -1 -1
1462 1461 1465 1466 1471 1472 1473 1474 1475 -1 -1 -1 -1 -1
1463 1447 1452 1461 1465 -1 -1 -1 -1 -1 -1 -1 -1 -1
1464 1445 1446 1461 1465 1466 1470 1489 -1 -1 -1 -1 -1 -1
1465 1452 1461 1462 1463 1464 1466 -1 -1 -1 -1 -1 -1 -1
1466 1461 1462 1464 1465 1470 1471 1484 1489 -1 -1 -1 -1 -1
1467 279 1460 1468 1469 1470 -1 -1 -1 -1 -1 -1 -1 -1
1468 279 280 281 282 1467 -1 -1 -1 -1 -1 -1 -1 -1
1469 1460 1467 1470 1489 -1 -1 -1 -1 -1 -1 -1 -1 -1
1470 1445 1464 1466 1467 1469 1489 -1 -1 -1 -1 -1 -1 -1
1471 1462 1466 1484 1485 -1 -1 -1 -1 -1 -1 -1 -1 -1
1472 1452 1462 1473 1474 1475 1479 1490 -1 -1 -1 -1 -1 -1
1473 1462 1472 1474 1475 1490 -1 -1 -1 -1 -1 -1 -1 -1
1474 1462 1472 1473 1475 1490 -1 -1 -1 -1 -1 -1 -1 -1
1475 1462 1472 1473 1474 1490 -1 -1 -1 -1 -1 -1 -1 -1
1476 380 1453 1459 1477 1478 1479 1480 1481 1482 -1 -1 -1 -1
1477 1476 1478 1480 1483 -1 -1 -1 -1 -1 -1 -1 -1 -1
1478 1453 1476 1477 1480 1481 -1 -1 -1 -1 -1 -1 -1 -1
1479 380 1454 1459 1472 1476 1480 1481 1482 1490 -1 -1 -1 -1
1480 380 1453 1454 1459 1476 1477 1478 1479 1481 1482 -1 -1 -1
1481 380 1459 1476 1478 1479 1480 1482 -1 -1 -1 -1 -1 -1
1482 380 1476 1479 1480 1481 1490 -1 -1 -1 -1 -1 -1 -1
1483 1477 1518 1521 1522 -1 -1 -1 -1 -1 -1 -1 -1 -1
1484 1466 1471 1485 -1 -1 -1 -1 -1 -1 -1 -1 -1 -1
1485 1471 1484 -1 -1 -1 -1 -1 -1 -1 -1 -1 -1 -1
1486 280 -1 -1 -1 -1 -1 -1 -1 -1 -1 -1 -1 -1
1487 1427 1428 1441 1457 1488 -1 -1 -1 -1 -1 -1 -1 -1
1488 1441 1457 1487 -1 -1 -1 -1 -1 -1 -1 -1 -1 -1
1489 1445 1464 1466 1469 1470 -1 -1 -1 -1 -1 -1 -1 -1
1490 1472 1473 1474 1475 1479 1482 -1 -1 -1 -1 -1 -1 -1
1491 1492 -1 -1 -1 -1 -1 -1 -1 -1 -1 -1 -1 -1
1492 1491 1499 1501 1529 -1 -1 -1 -1 -1 -1 -1 -1 -1
1493 1494 1495 1496 1497 1498 -1 -1 -1 -1 -1 -1 -1 -1
1494 1493 1495 1497 1498 1506 1507 1508 -1 -1 -1 -1 -1 -1
1495 1493 1494 -1 -1 -1 -1 -1 -1 -1 -1 -1 -1 -1
1496 1493 1499 1500 1501 -1 -1 -1 -1 -1 -1 -1 -1 -1
1497 1493 1494 1498 1500 1506 1507 1508 -1 -1 -1 -1 -1 -1
1498 1493 1494 1497 1500 1508 -1 -1 -1 -1 -1 -1 -1 -1
1499 1492 1496 1500 1501 -1 -1 -1 -1 -1 -1 -1 -1 -1
1500 1496 1497 1498 1499 1501 -1 -1 -1 -1 -1 -1 -1 -1
1501 1492 1496 1499 1500 1529 1530 -1 -1 -1 -1 -1 -1 -1
1502 1503 1504 1505 -1 -1 -1 -1 -1 -1 -1 -1 -1 -1
1503 1502 1504 1525 1528 -1 -1 -1 -1 -1 -1 -1 -1 -1
1504 1502 1503 1525 1526 1528 -1 -1 -1 -1 -1 -1 -1 -1
1505 1502 1531 1532 -1 -1 -1 -1 -1 -1 -1 -1 -1 -1
1506 1494 1497 1507 -1 -1 -1 -1 -1 -1 -1 -1 -1 -1
1507 1494 1497 1506 1508 -1 -1 -1 -1 -1 -1 -1 -1 -1
1508 1494 1497 1498 1507 1535 1536 1537 -1 -1 -1 -1 -1 -1
1509 1510 1511 1512 1513 1514 1515 -1 -1 -1 -1 -1 -1 -1
1510 1509 1513 1514 1515 -1 -1 -1 -1 -1 -1 -1 -1 -1
1511 1509 1512 1528 1531 -1 -1 -1 -1 -1 -1 -1 -1 -1
1512 1509 1511 1513 1531 1532 -1 -1 -1 -1 -1 -1 -1 -1
1513 1509 1510 1512 1514 1515 -1 -1 -1 -1 -1 -1 -1 -1
1514 1509 1510 1513 1515 1549 -1 -1 -1 -1 -1 -1 -1 -1
1515 1509 1510 1513 1514 1556 1557 -1 -1 -1 -1 -1 -1 -1
1516 1517 -1 -1 -1 -1 -1 -1 -1 -1 -1 -1 -1 -1
1517 530 1516 -1 -1 -1 -1 -1 -1 -1 -1 -1 -1 -1
1518 1483 1519 1520 1521 1522 -1 -1 -1 -1 -1 -1 -1 -1
1519 391 392 1518 1523 -1 -1 -1 -1 -1 -1 -1 -1 -1
1520 1518 1521 1555 1560 1568 -1 -1 -1 -1 -1 -1 -1 -1
1521 1483 1518 1520 1560 -1 -1 -1 -1 -1 -1 -1 -1 -1
1522 1483 1518 -1 -1 -1 -1 -1 -1 -1 -1 -1 -1 -1
1523 1519 1569 -1 -1 -1 -1 -1 -1 -1 -1 -1 -1 -1
1524 520 531 -1 -1 -1 -1 -1 -1 -1 -1 -1 -1 -1
1525 1503 1504 -1 -1 -1 -1 -1 -1 -1 -1 -1 -1 -1
1526 1504 1527 1528 -1 -1 -1 -1 -1 -1 -1 -1 -1 -1
1527 1526 1596 -1 -1 -1 -1 -1 -1 -1 -1 -1 -1 -1
1528 1503 1504 1511 1526 -1 -1 -1 -1 -1 -1 -1 -1 -1
1529 1492 1501 1530 1533 1534 -1 -1 -1 -1 -1 -1 -1 -1
1530 1501 1529 1533 1534 1538 -1 -1 -1 -1 -1 -1 -1 -1
1531 1505 1511 1512 1532 -1 -1 -1 -1 -1 -1 -1 -1 -1
1532 1505 1512 1531 -1 -1 -1 -1 -1 -1 -1 -1 -1 -1
1533 1529 1530 1534 1538 1539 1540 -1 -1 -1 -1 -1 -1 -1
1534 1529 1530 1533 1538 1539 1540 1541 1542 -1 -1 -1 -1 -1
1535 1508 1537 -1 -1 -1 -1 -1 -1 -1 -1 -1 -1 -1
1536 1508 1537 1543 -1 -1 -1 -1 -1 -1 -1 -1 -1 -1
1537 1508 1535 1536 1543 -1 -1 -1 -1 -1 -1 -1 -1 -1
1538 1530 1533 1534 1539 1540 1541 1542 1544 1545 -1 -1 -1 -1
1539 1533 1534 1538 1540 1541 1542 1544 -1 -1 -1 -1 -1 -1
1540 1533 1534 1538 1539 1541 1542 1544 1546 -1 -1 -1 -1 -1
1541 1534 1538 1539 1540 1542 1544 1546 -1 -1 -1 -1 -1 -1
1542 1534 1538 1539 1540 1541 1544 1546 1548 1550 -1 -1 -1 -1
1543 1536 1537 1547 -1 -1 -1 -1 -1 -1 -1 -1 -1 -1
1544 1538 1539 1540 1541 1542 1546 1548 -1 -1 -1 -1 -1 -1
1545 1538 1551 1552 1553 -1 -1 -1 -1 -1 -1 -1 -1 -1
1546 1540 1541 1542 1544 1548 1549 1550 1558 1559 -1 -1 -1 -1
1547 1543 1555 1560 -1 -1 -1 -1 -1 -1 -1 -1 -1 -1
1548 1542 1544 1546 1549 1550 1558 1559 1563 1564 -1 -1 -1 -1
1549 1514 1546 1548 1556 1558 -1 -1 -1 -1 -1 -1 -1 -1
1550 1542 1546 1548 1558 1559 1561 1563 1564 -1 -1 -1 -1 -1
1551 1545 1552 1553 1554 1555 -1 -1 -1 -1 -1 -1 -1 -1
1552 1545 1551 1553 1554 1555 -1 -1 -1 -1 -1 -1 -1 -1
1553 1545 1551 1552 1554 1561 1562 -1 -1 -1 -1 -1 -1 -1
1554 1551 1552 1553 1555 -1 -1 -1 -1 -1 -1 -1 -1 -1
1555 1520 1547 1551 1552 1554 1560 -1 -1 -1 -1 -1 -1 -1
1556 1515 1549 1557 -1 -1 -1 -1 -1 -1 -1 -1 -1 -1
1557 1515 1556 1565 1567 -1 -1 -1 -1 -1 -1 -1 -1 -1
1558 1546 1548 1549 1550 1559 1563 1564 -1 -1 -1 -1 -1 -1
1559 1546 1548 1550 1558 1563 1564 -1 -1 -1 -1 -1 -1 -1
1560 1520 1521 1547 1555 -1 -1 -1 -1 -1 -1 -1 -1 -1
1561 1550 1553 1562 1563 -1 -1 -1 -1 -1 -1 -1 -1 -1
1562 1553 1561 1568 1569 -1 -1 -1 -1 -1 -1 -1 -1 -1
1563 1548 1550 1558 1559 1561 1564 -1 -1 -1 -1 -1 -1 -1
1564 1548 1550 1558 1559 1563 -1 -1 -1 -1 -1 -1 -1 -1
1565 1557 1566 1567 -1 -1 -1 -1 -1 -1 -1 -1 -1 -1
1566 1565 -1 -1 -1 -1 -1 -1 -1 -1 -1 -1 -1 -1
1567 1557 1565 -1 -1 -1 -1 -1 -1 -1 -1 -1 -1 -1
1568 1520 1562 1569 -1 -1 -1 -1 -1 -1 -1 -1 -1 -1
1569 1523 1562 1568 -1 -1 -1 -1 -1 -1 -1 -1 -1 -1
1570 387 -1 -1 -1 -1 -1 -1 -1 -1 -1 -1 -1 -1
1571 5 -1 -1 -1 -1 -1 -1 -1 -1 -1 -1 -1 -1
1572 10 -1 -1 -1 -1 -1 -1 -1 -1 -1 -1 -1 -1
1573 11 -1 -1 -1 -1 -1 -1 -1 -1 -1 -1 -1 -1
1574 1173 -1 -1 -1 -1 -1 -1 -1 -1 -1 -1 -1 -1
1575 4 -1 -1 -1 -1 -1 -1 -1 -1 -1 -1 -1 -1
1576 22 -1 -1 -1 -1 -1 -1 -1 -1 -1 -1 -1 -1
1577 19 -1 -1 -1 -1 -1 -1 -1 -1 -1 -1 -1 -1
1578 87 -1 -1 -1 -1 -1 -1 -1 -1 -1 -1 -1 -1
1579 364 -1 -1 -1 -1 -1 -1 -1 -1 -1 -1 -1 -1
1580 454 -1 -1 -1 -1 -1 -1 -1 -1 -1 -1 -1 -1
1581 576 -1 -1 -1 -1 -1 -1 -1 -1 -1 -1 -1 -1
1582 580 1583 -1 -1 -1 -1 -1 -1 -1 -1 -1 -1 -1
1583 1582 -1 -1 -1 -1 -1 -1 -1 -1 -1 -1 -1 -1
1584 598 -1 -1 -1 -1 -1 -1 -1 -1 -1 -1 -1 -1
1585 975 -1 -1 -1 -1 -1 -1 -1 -1 -1 -1 -1 -1
1586 1118 -1 -1 -1 -1 -1 -1 -1 -1 -1 -1 -1 -1
1587 1157 -1 -1 -1 -1 -1 -1 -1 -1 -1 -1 -1 -1
1588 1589 -1 -1 -1 -1 -1 -1 -1 -1 -1 -1 -1 -1
1589 1588 -1 -1 -1 -1 -1 -1 -1 -1 -1 -1 -1 -1
1590 1160 -1 -1 -1 -1 -1 -1 -1 -1 -1 -1 -1 -1
1591 1173 -1 -1 -1 -1 -1 -1 -1 -1 -1 -1 -1 -1
1592 1212 -1 -1 -1 -1 -1 -1 -1 -1 -1 -1 -1 -1
1593 1246 -1 -1 -1 -1 -1 -1 -1 -1 -1 -1 -1 -1
1594 1181 -1 -1 -1 -1 -1 -1 -1 -1 -1 -1 -1 -1
1595 1261 -1 -1 -1 -1 -1 -1 -1 -1 -1 -1 -1 -1
1596 1527 1597 -1 -1 -1 -1 -1 -1 -1 -1 -1 -1 -1
1597 1596 -1 -1 -1 -1 -1 -1 -1 -1 -1 -1 -1 -1
