1 0
2 0
3 10
4 14
5 16
6 17
7 0
8 2
9 8
10 0
11 0
12 3
13 0
14 7
15 7
16 10
17 7
18 35
19 4
20 3
21 1
22 3
23 1
24 48
25 7
26 6
27 4
28 14
29 6
30 0
31 26
32 13
33 2
34 5
35 24
36 8
37 14
38 7
39 24
40 12
41 5
42 8
43 8
44 8
45 4
46 0
47 0
48 9
49 4
50 17
51 41
52 4
53 10
54 5
55 2
56 48
57 2
58 23
59 16
60 16
61 33
62 48
63 7
64 0
65 21
66 22
67 2
68 0
69 8
70 8
71 1
72 28
73 53
74 5
75 12
76 22
77 6
78 6
79 23
80 23
81 21
82 0
83 10
84 36
85 10
86 28
87 9
88 2
89 10
90 30
91 3
92 1
93 8
94 11
95 4
96 17
97 6
98 8
99 14
100 2
101 12
102 14
103 43
104 9
105 8
106 10
107 6
108 13
109 17
110 4
111 0
112 23
113 3
114 12
115 13
116 10
117 10
118 20
119 5
120 16
121 8
122 4
123 18
124 34
125 7
126 24
127 3
128 18
129 5
130 4
131 13
132 5
133 6
134 35
135 30
136 4
137 4
138 12
139 40
140 12
141 5
142 0
143 2
144 38
145 28
146 4
147 14
148 18
149 7
150 8
151 10
152 8
153 0
154 2
155 0
156 4
157 2
158 29
159 9
160 15
161 1
162 49
163 5
164 0
165 9
166 58
167 12
168 8
169 7
170 5
171 6
172 11
173 15
174 15
175 5
176 29
177 13
178 8
179 13
180 24
181 10
182 2
183 11
184 3
185 20
186 1
187 0
188 24
189 0
190 0
191 10
192 6
193 8
194 8
195 12
196 0
197 5
198 9
199 0
200 2
201 0
202 1
203 10
204 2
205 20
206 9
207 13
208 17
209 32
210 4
211 3
212 2
213 0
214 15
215 4
216 1
217 13
218 37
219 16
220 5
221 1
222 32
223 7
224 3
225 35
226 3
227 1
228 35
229 5
230 4
231 16
232 2
233 81
234 0
235 1
236 3
237 7
238 24
239 25
240 11
241 11
242 0
243 11
244 10
245 1
246 10
247 14
248 25
249 9
250 24
251 15
252 3
253 21
254 40
255 7
256 10
257 8
258 19
259 0
260 17
261 12
262 3
263 49
264 0
265 28
266 0
267 46
268 1
269 1
270 10
271 32
272 1
273 7
274 0
275 35
276 2
277 11
278 0
279 5
280 2
281 17
282 8
283 39
284 8
285 2
286 7
287 23
288 8
289 0
290 17
291 6
292 0
293 24
294 0
295 18
296 4
297 0
298 16
299 3
300 3
301 0
302 10
303 7
304 2
305 10
306 0
307 13
308 16
309 23
310 2
311 42
312 0
313 9
314 30
315 7
316 19
317 0
318 16
319 2
320 8
321 30
322 10
323 4
324 5
325 16
326 7
327 0
328 27
329 4
330 6
331 9
332 36
333 11
334 3
335 10
336 7
337 23
338 4
339 3
340 4
341 76
342 13
343 7
344 37
345 19
346 20
347 6
348 7
349 5
350 1
351 61
352 14
353 4
354 7
355 18
356 12
357 3
358 9
359 12
360 5
361 13
362 1
363 7
364 21
365 9
366 4
367 44
368 1
369 2
370 0
371 17
372 6
373 0
374 2
375 15
376 2
377 13
378 54
379 21
380 16
381 23
382 2
383 4
384 41
385 64
386 5
387 16
388 28
389 30
390 5
391 55
392 77
393 5
394 2
395 21
396 8
397 32
398 44
399 0
400 10
401 10
402 13
403 2
404 7
405 7
406 16
407 1
408 44
409 2
410 5
411 28
412 2
413 41
414 10
415 14
416 14
417 0
418 43
419 38
420 11
421 37
422 14
423 2
424 15
425 42
426 0
427 33
428 7
429 0
430 4
431 0
432 21
433 12
434 3
435 3
436 13
437 0
438 3
439 18
440 37
441 14
442 3
443 5
444 0
445 0
446 10
447 9
448 12
449 6
450 6
451 15
452 17
453 20
454 29
455 16
456 19
457 27
458 10
459 13
460 3
461 8
462 6
463 18
464 20
465 2
466 15
467 25
468 73
469 5
470 35
471 19
472 24
473 17
474 2
475 21
476 16
477 6
478 2
479 0
480 4
481 27
482 3
483 1
484 1
485 4
486 15
487 18
488 2
489 0
490 6
491 14
492 6
493 0
494 45
495 8
496 17
497 3
498 20
499 2
500 7
501 5
502 2
503 3
504 5
505 6
506 10
507 16
508 24
509 6
510 4
511 5
512 0
513 20
514 3
515 5
516 6
517 16
518 0
519 0
520 20
521 13
522 6
523 5
524 6
525 10
526 3
527 8
528 11
529 0
530 23
531 2
532 10
533 21
534 3
535 32
536 5
537 7
538 6
539 38
540 17
541 10
542 14
543 10
544 30
545 5
546 1
547 18
548 1
549 54
550 20
551 2
552 15
553 11
554 23
555 8
556 10
557 57
558 37
559 43
560 21
561 10
562 27
563 16
564 3
565 6
566 3
567 10
568 14
569 54
570 9
571 16
572 16
573 45
574 58
575 26
576 10
577 20
578 1
579 9
580 3
581 12
582 3
583 31
584 44
585 1
586 3
587 4
588 28
589 3
590 12
591 32
592 29
593 8
594 36
595 32
596 46
597 51
598 16
599 5
600 4
601 3
602 2
603 8
604 7
605 20
606 12
607 27
608 14
609 0
610 7
611 44
612 17
613 4
614 23
615 21
616 27
617 4
618 5
619 6
620 0
621 1
622 9
623 27
624 27
625 0
626 22
627 36
628 18
629 4
630 14
631 7
632 9
633 20
634 30
635 6
636 5
637 10
638 10
639 3
640 0
641 27
642 7
643 44
644 1
645 72
646 6
647 28
648 14
649 9
650 7
651 42
652 13
653 8
654 17
655 31
656 10
657 7
658 41
659 19
660 25
661 7
662 18
663 16
664 3
665 12
666 4
667 12
668 30
669 24
670 41
671 11
672 33
673 19
674 16
675 9
676 2
677 11
678 6
679 11
680 28
681 2
682 33
683 10
684 21
685 3
686 53
687 16
688 9
689 36
690 12
691 0
692 32
693 6
694 8
695 7
696 61
697 13
698 42
699 7
700 2
701 10
702 5
703 21
704 28
705 6
706 18
707 7
708 0
709 0
710 8
711 67
712 4
713 10
714 0
715 17
716 17
717 3
718 0
719 3
720 13
721 0
722 13
723 16
724 1
725 5
726 3
727 10
728 25
729 10
730 17
731 2
732 5
733 12
734 21
735 0
736 4
737 32
738 7
739 8
740 1
741 1
742 2
743 4
744 33
745 1
746 10
747 11
748 9
749 9
750 18
751 22
752 21
753 1
754 14
755 7
756 12
757 9
758 1
759 3
760 1
761 20
762 9
763 42
764 43
765 4
766 12
767 3
768 22
769 6
770 7
771 4
772 1
773 5
774 0
775 50
776 0
777 66
778 22
779 23
780 24
781 0
782 0
783 5
784 8
785 14
786 38
787 28
788 23
789 7
790 13
791 3
792 0
793 26
794 22
795 16
796 16
797 29
798 1
799 8
800 1
801 1
802 9
803 5
804 34
805 15
806 11
807 0
808 6
809 9
810 10
811 41
812 13
813 10
814 13
815 57
816 0
817 17
818 15
819 4
820 67
821 0
822 33
823 3
824 2
825 16
826 26
827 0
828 1
829 11
830 30
831 16
832 15
833 4
834 0
835 10
836 7
837 20
838 1
839 4
840 0
841 0
842 6
843 15
844 9
845 6
846 6
847 14
848 25
849 16
850 8
851 31
852 0
853 2
854 9
855 9
856 11
857 5
858 2
859 5
860 0
861 8
862 2
863 8
864 4
865 4
866 0
867 41
868 1
869 22
870 20
871 15
872 15
873 7
874 42
875 8
876 2
877 1
878 71
879 6
880 1
881 3
882 3
883 1
884 2
885 10
886 1
887 20
888 8
889 1
890 3
891 2
892 4
893 78
894 55
895 12
896 16
897 5
898 26
899 2
900 33
901 10
902 15
903 2
904 2
905 2
906 7
907 1
908 45
909 0
910 5
911 1
912 20
913 13
914 7
915 12
916 13
917 9
918 0
919 23
920 20
921 4
922 1
923 12
924 44
925 42
926 12
927 6
928 10
929 24
930 3
931 30
932 14
933 9
934 5
935 9
936 8
937 2
938 54
939 13
940 0
941 34
942 6
943 6
944 1
945 3
946 0
947 9
948 0
949 5
950 6
951 1
952 55
953 0
954 28
955 10
956 54
957 17
958 32
959 7
960 6
961 11
962 3
963 7
964 22
965 7
966 10
967 10
968 2
969 7
970 21
971 5
972 2
973 12
974 28
975 8
976 16
977 24
978 4
979 5
980 11
981 7
982 5
983 6
984 4
985 57
986 24
987 5
988 58
989 6
990 15
991 47
992 52
993 1
994 18
995 26
996 49
997 16
998 31
999 6
1000 5
1001 12
1002 72
1003 2
1004 10
1005 3
1006 43
1007 8
1008 32
1009 40
1010 7
1011 5
1012 22
1013 0
1014 38
1015 8
1016 23
1017 5
1018 2
1019 12
1020 3
1021 28
1022 4
1023 3
1024 0
1025 0
1026 3
1027 9
1028 9
1029 25
1030 21
1031 1
1032 50
1033 27
1034 8
1035 19
1036 9
1037 2
1038 7
1039 5
1040 6
1041 0
1042 22
1043 1
1044 14
1045 6
1046 6
1047 6
1048 9
1049 0
1050 0
1051 14
1052 16
1053 13
1054 37
1055 0
1056 13
1057 0
1058 29
1059 23
1060 4
1061 25
1062 1
1063 0
1064 60
1065 3
1066 17
1067 0
1068 13
1069 9
1070 9
1071 48
1072 1
1073 13
1074 4
1075 12
1076 16
1077 7
1078 20
1079 3
1080 7
1081 16
1082 29
1083 27
1084 37
1085 12
1086 0
1087 43
1088 7
1089 7
1090 20
1091 10
1092 2
1093 5
1094 46
1095 18
1096 30
1097 9
1098 71
1099 18
1100 4
1101 4
1102 7
1103 41
1104 21
1105 36
1106 33
1107 51
1108 16
1109 5
1110 2
1111 8
1112 0
1113 12
1114 6
1115 13
1116 4
1117 21
1118 12
1119 0
1120 6
1121 3
1122 2
1123 4
1124 5
1125 9
1126 13
1127 2
1128 14
1129 6
1130 69
1131 25
1132 5
1133 6
1134 4
1135 2
1136 0
1137 2
1138 2
1139 5
1140 0
1141 1
1142 11
1143 3
1144 33
1145 7
1146 11
1147 11
1148 0
1149 3
1150 27
1151 9
1152 67
1153 0
1154 16
1155 14
1156 25
1157 6
1158 0
1159 20
1160 1
1161 20
1162 0
1163 8
1164 13
1165 1
1166 84
1167 16
1168 7
1169 2
1170 30
1171 0
1172 5
1173 21
1174 25
1175 16
1176 0
1177 20
1178 8
1179 7
1180 9
1181 12
1182 0
1183 16
1184 16
1185 4
1186 0
1187 68
1188 4
1189 25
1190 17
1191 5
1192 23
1193 55
1194 9
1195 19
1196 24
1197 1
1198 1
1199 25
1200 20
1201 58
1202 6
1203 0
1204 14
1205 24
1206 5
1207 9
1208 38
1209 6
1210 5
1211 11
1212 0
1213 0
1214 13
1215 11
1216 22
1217 19
1218 7
1219 18
1220 0
1221 9
1222 10
1223 5
1224 9
1225 7
1226 2
1227 9
1228 4
1229 6
1230 20
1231 23
1232 11
1233 8
1234 1
1235 19
1236 27
1237 17
1238 39
1239 34
1240 2
1241 2
1242 8
1243 7
1244 11
1245 4
1246 0
1247 33
1248 9
1249 16
1250 10
1251 6
1252 6
1253 8
1254 3
1255 2
1256 9
1257 9
1258 0
1259 4
1260 5
1261 18
1262 6
1263 16
1264 3
1265 29
1266 5
1267 26
1268 9
1269 2
1270 19
1271 1
1272 17
1273 10
1274 7
1275 34
1276 16
1277 17
1278 13
1279 4
1280 3
1281 10
1282 0
1283 22
1284 1
1285 7
1286 10
1287 0
1288 5
1289 20
1290 3
1291 12
1292 26
1293 15
1294 5
1295 5
1296 6
1297 30
1298 10
1299 3
1300 31
1301 0
1302 2
1303 25
1304 0
1305 4
1306 6
1307 7
1308 5
1309 19
1310 5
1311 9
1312 8
1313 0
1314 9
1315 4
1316 5
1317 0
1318 3
1319 4
1320 42
1321 2
1322 3
1323 10
1324 3
1325 6
1326 18
1327 5
1328 7
1329 1
1330 14
1331 3
1332 0
1333 37
1334 8
1335 36
1336 2
1337 6
1338 4
1339 19
1340 0
1341 10
1342 17
1343 5
1344 2
1345 7
1346 6
1347 20
1348 4
1349 22
1350 109
1351 3
1352 2
1353 4
1354 0
1355 3
1356 2
1357 8
1358 3
1359 10
1360 4
1361 3
1362 7
1363 22
1364 11
1365 5
1366 12
1367 11
1368 33
1369 9
1370 12
1371 5
1372 6
1373 0
1374 7
1375 15
1376 41
1377 0
1378 7
1379 13
1380 21
1381 19
1382 19
1383 49
1384 14
1385 1
1386 18
1387 21
1388 22
1389 1
1390 6
1391 0
1392 0
1393 6
1394 15
1395 20
1396 14
1397 4
1398 2
1399 10
1400 8
1401 3
1402 12
1403 4
1404 29
1405 11
1406 0
1407 29
1408 0
1409 25
1410 28
1411 0
1412 10
1413 13
1414 6
1415 12
1416 1
1417 4
1418 3
1419 0
1420 17
1421 0
1422 20
1423 16
1424 9
1425 20
1426 11
1427 3
1428 9
1429 0
1430 6
1431 8
1432 5
1433 0
1434 0
1435 10
1436 12
1437 1
1438 1
1439 3
1440 42
1441 1
1442 0
1443 9
1444 1
1445 13
1446 7
1447 37
1448 5
1449 52
1450 30
1451 4
1452 1
1453 32
1454 13
1455 3
1456 2
1457 1
1458 2
1459 2
1460 6
1461 0
1462 12
1463 1
1464 0
1465 3
1466 7
1467 9
1468 19
1469 11
1470 6
1471 5
1472 29
1473 2
1474 14
1475 36
1476 16
1477 31
1478 0
1479 24
1480 3
1481 18
1482 11
1483 13
1484 15
1485 6
1486 12
1487 12
1488 9
1489 3
1490 9
1491 19
1492 3
1493 1
1494 1
1495 26
1496 20
1497 6
1498 0
1499 0
1500 3
1501 20
1502 0
1503 1
1504 3
1505 6
1506 14
1507 24
1508 51
1509 5
1510 0
1511 7
1512 10
1513 0
1514 26
1515 0
1516 2
1517 3
1518 1
1519 2
1520 27
1521 22
1522 17
1523 16
1524 3
1525 85
1526 4
1527 4
1528 7
1529 7
1530 21
1531 0
1532 2
1533 1
1534 8
1535 32
1536 16
1537 38
1538 4
1539 22
1540 2
1541 2
1542 0
1543 9
1544 5
1545 0
1546 0
1547 33
1548 7
1549 1
1550 3
1551 9
1552 7
1553 22
1554 27
1555 25
1556 7
1557 7
1558 0
1559 4
1560 5
1561 0
1562 55
1563 5
1564 5
1565 6
1566 24
1567 0
1568 12
1569 5
1570 9
1571 5
1572 17
1573 2
1574 3
1575 18
1576 0
1577 1
1578 9
1579 59
1580 4
1581 4
1582 2
1583 2
1584 8
1585 1
1586 6
1587 11
1588 7
1589 3
1590 8
1591 1
1592 77
1593 11
1594 14
1595 11
1596 23
1597 8
