1 0
2 0
3 14
4 13
5 10
6 18
7 4
8 1
9 16
10 0
11 0
12 5
13 13
14 1
15 0
16 13
17 4
18 20
19 7
20 0
21 7
22 0
23 3
24 14
25 9
26 11
27 16
28 7
29 7
30 16
31 9
32 1
33 2
34 7
35 7
36 4
37 2
38 10
39 2
40 6
41 1
42 0
43 18
44 2
45 16
46 0
47 4
48 2
49 5
50 7
51 32
52 5
53 0
54 5
55 8
56 17
57 0
58 5
59 26
60 14
61 14
62 3
63 3
64 2
65 23
66 3
67 2
68 3
69 6
70 3
71 0
72 11
73 48
74 29
75 19
76 4
77 23
78 5
79 4
80 11
81 5
82 1
83 19
84 7
85 10
86 9
87 2
88 0
89 10
90 7
91 8
92 10
93 16
94 3
95 3
96 26
97 0
98 7
99 13
100 3
101 0
102 0
103 21
104 0
105 0
106 9
107 0
108 5
109 2
110 0
111 13
112 19
113 1
114 4
115 1
116 19
117 4
118 1
119 0
120 10
121 9
122 1
123 8
124 33
125 3
126 13
127 3
128 17
129 1
130 3
131 2
132 6
133 8
134 3
135 4
136 25
137 7
138 15
139 2
140 10
141 10
142 1
143 0
144 13
145 8
146 2
147 3
148 4
149 1
150 0
151 14
152 0
153 0
154 9
155 2
156 0
157 0
158 2
159 10
160 1
161 2
162 37
163 9
164 2
165 11
166 13
167 5
168 2
169 6
170 0
171 3
172 0
173 0
174 5
175 6
176 1
177 6
178 11
179 2
180 19
181 3
182 11
183 2
184 4
185 1
186 7
187 0
188 7
189 0
190 1
191 1
192 2
193 1
194 5
195 1
196 1
197 3
198 4
199 7
200 0
201 3
202 0
203 12
204 0
205 0
206 9
207 7
208 5
209 5
210 20
211 0
212 0
213 0
214 4
215 1
216 5
217 14
218 6
219 6
220 2
221 0
222 6
223 4
224 2
225 5
226 0
227 1
228 1
229 2
230 3
231 10
232 10
233 5
234 0
235 2
236 0
237 5
238 3
239 12
240 4
241 2
242 0
243 8
244 1
245 0
246 10
247 38
248 11
249 4
250 1
251 1
252 0
253 12
254 14
255 2
256 6
257 12
258 6
259 9
260 25
261 5
262 1
263 2
264 0
265 5
266 1
267 8
268 9
269 0
270 1
271 10
272 78
273 2
274 3
275 4
276 0
277 2
278 1
279 0
280 1
281 4
282 1
283 9
284 0
285 4
286 5
287 5
288 0
289 1
290 6
291 8
292 1
293 15
294 0
295 4
296 5
297 0
298 2
299 0
300 0
301 0
302 2
303 35
304 1
305 1
306 0
307 16
308 4
309 11
310 0
311 8
312 0
313 3
314 21
315 16
316 15
317 0
318 4
319 2
320 5
321 3
322 3
323 6
324 13
325 3
326 8
327 6
328 13
329 0
330 0
331 3
332 9
333 4
334 2
335 8
336 7
337 1
338 14
339 6
340 6
341 15
342 4
343 12
344 2
345 6
346 1
347 1
348 0
349 0
350 4
351 11
352 7
353 1
354 0
355 31
356 5
357 0
358 14
359 7
360 5
361 4
362 6
363 1
364 7
365 0
366 6
367 0
368 3
369 0
370 1
371 15
372 3
373 0
374 2
375 15
376 26
377 9
378 7
379 6
380 4
381 24
382 4
383 4
384 8
385 13
386 12
387 15
388 1
389 29
390 2
391 33
392 42
393 13
394 0
395 5
396 12
397 10
398 23
399 0
400 10
401 8
402 16
403 0
404 14
405 2
406 10
407 4
408 0
409 4
410 6
411 5
412 1
413 4
414 5
415 4
416 3
417 7
418 3
419 2
420 1
421 9
422 3
423 0
424 3
425 0
426 2
427 3
428 5
429 0
430 5
431 8
432 8
433 4
434 2
435 0
436 2
437 5
438 0
439 5
440 14
441 8
442 7
443 7
444 5
445 1
446 3
447 0
448 9
449 3
450 2
451 4
452 1
453 3
454 2
455 7
456 11
457 20
458 1
459 3
460 16
461 6
462 7
463 5
464 1
465 0
466 10
467 5
468 4
469 1
470 8
471 20
472 9
473 11
474 15
475 3
476 6
477 10
478 11
479 0
480 9
481 33
482 8
483 4
484 1
485 3
486 3
487 0
488 7
489 0
490 3
491 10
492 0
493 8
494 21
495 3
496 7
497 0
498 29
499 9
500 6
501 1
502 3
503 1
504 1
505 5
506 2
507 1
508 8
509 0
510 1
511 4
512 0
513 9
514 2
515 6
516 0
517 2
518 7
519 1
520 1
521 3
522 14
523 15
524 0
525 2
526 6
527 4
528 0
529 1
530 14
531 0
532 1
533 2
534 3
535 11
536 3
537 11
538 4
539 10
540 7
541 0
542 9
543 1
544 25
545 0
546 0
547 6
548 16
549 7
550 43
551 2
552 26
553 6
554 9
555 6
556 14
557 45
558 10
559 41
560 19
561 3
562 51
563 5
564 0
565 21
566 3
567 3
568 11
569 5
570 6
571 21
572 8
573 23
574 28
575 5
576 8
577 0
578 6
579 33
580 12
581 6
582 1
583 3
584 5
585 0
586 3
587 3
588 1
589 3
590 7
591 5
592 5
593 3
594 1
595 20
596 19
597 13
598 9
599 1
600 1
601 0
602 0
603 1
604 15
605 16
606 5
607 2
608 32
609 1
610 3
611 8
612 13
613 1
614 1
615 28
616 7
617 1
618 0
619 3
620 0
621 6
622 10
623 3
624 15
625 0
626 1
627 10
628 5
629 3
630 2
631 1
632 0
633 4
634 3
635 5
636 0
637 3
638 8
639 0
640 0
641 7
642 4
643 5
644 0
645 27
646 2
647 13
648 5
649 5
650 1
651 4
652 4
653 1
654 5
655 1
656 3
657 1
658 0
659 0
660 5
661 3
662 5
663 9
664 8
665 1
666 2
667 12
668 6
669 8
670 13
671 0
672 9
673 2
674 1
675 0
676 6
677 6
678 11
679 7
680 3
681 41
682 6
683 1
684 17
685 1
686 10
687 5
688 14
689 3
690 0
691 8
692 26
693 0
694 5
695 7
696 9
697 7
698 23
699 4
700 0
701 9
702 0
703 9
704 20
705 1
706 11
707 1
708 1
709 2
710 3
711 14
712 0
713 0
714 0
715 29
716 3
717 6
718 0
719 27
720 2
721 0
722 2
723 5
724 2
725 3
726 29
727 12
728 9
729 6
730 7
731 6
732 7
733 3
734 8
735 0
736 0
737 0
738 14
739 16
740 4
741 2
742 4
743 1
744 13
745 5
746 8
747 7
748 25
749 1
750 14
751 5
752 1
753 3
754 3
755 9
756 5
757 1
758 2
759 10
760 1
761 9
762 4
763 6
764 7
765 8
766 1
767 0
768 6
769 1
770 1
771 2
772 2
773 8
774 2
775 20
776 1
777 15
778 12
779 8
780 3
781 1
782 0
783 0
784 3
785 0
786 13
787 12
788 9
789 19
790 10
791 4
792 0
793 4
794 1
795 10
796 35
797 17
798 1
799 1
800 0
801 6
802 20
803 4
804 1
805 0
806 1
807 0
808 5
809 15
810 4
811 26
812 2
813 2
814 5
815 29
816 2
817 2
818 11
819 5
820 12
821 4
822 6
823 4
824 27
825 11
826 20
827 0
828 6
829 0
830 8
831 8
832 11
833 6
834 3
835 8
836 25
837 6
838 5
839 4
840 0
841 3
842 22
843 23
844 9
845 2
846 2
847 46
848 4
849 8
850 3
851 1
852 0
853 0
854 8
855 8
856 9
857 0
858 0
859 1
860 4
861 13
862 4
863 3
864 6
865 13
866 2
867 18
868 2
869 13
870 6
871 13
872 10
873 1
874 7
875 1
876 4
877 0
878 5
879 5
880 5
881 4
882 1
883 1
884 1
885 4
886 11
887 9
888 3
889 0
890 3
891 1
892 0
893 5
894 7
895 2
896 12
897 1
898 19
899 4
900 6
901 11
902 14
903 8
904 0
905 6
906 4
907 1
908 6
909 0
910 2
911 0
912 34
913 30
914 19
915 2
916 9
917 24
918 0
919 26
920 6
921 30
922 2
923 5
924 14
925 41
926 1
927 13
928 8
929 1
930 1
931 2
932 0
933 13
934 3
935 1
936 7
937 1
938 9
939 5
940 3
941 0
942 4
943 20
944 2
945 0
946 0
947 9
948 1
949 6
950 0
951 0
952 1
953 1
954 10
955 3
956 21
957 13
958 8
959 18
960 1
961 0
962 4
963 14
964 3
965 1
966 6
967 0
968 2
969 3
970 1
971 0
972 0
973 1
974 6
975 1
976 17
977 28
978 0
979 3
980 8
981 3
982 0
983 3
984 5
985 5
986 13
987 2
988 17
989 0
990 3
991 13
992 14
993 4
994 50
995 3
996 14
997 2
998 20
999 2
1000 0
1001 1
1002 41
1003 0
1004 7
1005 3
1006 7
1007 6
1008 17
1009 5
1010 8
1011 0
1012 3
1013 0
1014 22
1015 6
1016 6
1017 4
1018 0
1019 10
1020 2
1021 3
1022 0
1023 2
1024 0
1025 0
1026 4
1027 6
1028 4
1029 0
1030 8
1031 30
1032 27
1033 1
1034 12
1035 0
1036 8
1037 14
1038 0
1039 7
1040 1
1041 0
1042 9
1043 0
1044 4
1045 5
1046 13
1047 0
1048 3
1049 0
1050 4
1051 15
1052 6
1053 2
1054 3
1055 2
1056 1
1057 0
1058 9
1059 28
1060 5
1061 1
1062 3
1063 7
1064 9
1065 0
1066 7
1067 3
1068 4
1069 21
1070 0
1071 10
1072 2
1073 7
1074 0
1075 4
1076 6
1077 4
1078 0
1079 1
1080 2
1081 12
1082 17
1083 17
1084 18
1085 0
1086 0
1087 4
1088 16
1089 0
1090 4
1091 1
1092 2
1093 7
1094 20
1095 3
1096 2
1097 9
1098 5
1099 7
1100 0
1101 3
1102 1
1103 9
1104 13
1105 14
1106 10
1107 4
1108 1
1109 0
1110 0
1111 8
1112 1
1113 1
1114 2
1115 6
1116 5
1117 15
1118 4
1119 0
1120 10
1121 1
1122 12
1123 0
1124 1
1125 9
1126 6
1127 13
1128 10
1129 0
1130 10
1131 17
1132 12
1133 4
1134 0
1135 1
1136 0
1137 5
1138 3
1139 10
1140 0
1141 5
1142 2
1143 2
1144 11
1145 2
1146 16
1147 4
1148 0
1149 2
1150 6
1151 5
1152 10
1153 1
1154 12
1155 19
1156 12
1157 1
1158 1
1159 18
1160 0
1161 6
1162 0
1163 0
1164 8
1165 6
1166 3
1167 15
1168 7
1169 0
1170 30
1171 4
1172 2
1173 2
1174 2
1175 5
1176 1
1177 9
1178 8
1179 36
1180 11
1181 11
1182 2
1183 7
1184 33
1185 5
1186 5
1187 1
1188 3
1189 10
1190 5
1191 15
1192 24
1193 15
1194 3
1195 0
1196 2
1197 1
1198 0
1199 20
1200 27
1201 11
1202 0
1203 6
1204 12
1205 6
1206 19
1207 2
1208 7
1209 5
1210 0
1211 0
1212 2
1213 0
1214 8
1215 6
1216 1
1217 30
1218 9
1219 25
1220 0
1221 1
1222 16
1223 12
1224 27
1225 5
1226 0
1227 10
1228 0
1229 8
1230 2
1231 12
1232 5
1233 12
1234 2
1235 3
1236 6
1237 0
1238 38
1239 5
1240 10
1241 6
1242 8
1243 0
1244 2
1245 0
1246 0
1247 5
1248 2
1249 5
1250 10
1251 6
1252 0
1253 2
1254 20
1255 3
1256 3
1257 4
1258 3
1259 1
1260 5
1261 8
1262 2
1263 24
1264 0
1265 5
1266 3
1267 0
1268 5
1269 0
1270 1
1271 10
1272 5
1273 6
1274 2
1275 14
1276 21
1277 4
1278 19
1279 2
1280 10
1281 8
1282 0
1283 4
1284 0
1285 1
1286 4
1287 2
1288 8
1289 1
1290 0
1291 7
1292 4
1293 18
1294 0
1295 22
1296 8
1297 24
1298 10
1299 2
1300 4
1301 0
1302 2
1303 20
1304 1
1305 4
1306 0
1307 10
1308 1
1309 16
1310 2
1311 10
1312 4
1313 8
1314 5
1315 4
1316 2
1317 0
1318 8
1319 4
1320 5
1321 30
1322 5
1323 9
1324 0
1325 4
1326 9
1327 0
1328 0
1329 15
1330 15
1331 0
1332 0
1333 6
1334 7
1335 9
1336 2
1337 0
1338 17
1339 28
1340 0
1341 2
1342 19
1343 2
1344 9
1345 2
1346 7
1347 5
1348 0
1349 20
1350 38
1351 3
1352 5
1353 13
1354 0
1355 37
1356 1
1357 2
1358 6
1359 10
1360 4
1361 0
1362 1
1363 5
1364 1
1365 2
1366 9
1367 0
1368 4
1369 7
1370 9
1371 2
1372 14
1373 1
1374 0
1375 16
1376 5
1377 0
1378 31
1379 30
1380 21
1381 8
1382 8
1383 8
1384 1
1385 5
1386 3
1387 7
1388 6
1389 0
1390 7
1391 3
1392 3
1393 2
1394 4
1395 8
1396 10
1397 8
1398 1
1399 7
1400 1
1401 10
1402 7
1403 5
1404 25
1405 23
1406 2
1407 19
1408 0
1409 11
1410 1
1411 2
1412 9
1413 7
1414 2
1415 7
1416 0
1417 0
1418 18
1419 2
1420 6
1421 0
1422 4
1423 6
1424 0
1425 10
1426 3
1427 2
1428 9
1429 0
1430 9
1431 4
1432 4
1433 0
1434 2
1435 7
1436 5
1437 0
1438 0
1439 0
1440 2
1441 4
1442 1
1443 12
1444 1
1445 16
1446 0
1447 0
1448 7
1449 17
1450 7
1451 0
1452 6
1453 10
1454 1
1455 28
1456 6
1457 2
1458 0
1459 6
1460 1
1461 0
1462 1
1463 1
1464 2
1465 8
1466 2
1467 47
1468 4
1469 0
1470 2
1471 7
1472 7
1473 4
1474 2
1475 7
1476 6
1477 1
1478 6
1479 7
1480 0
1481 13
1482 18
1483 0
1484 4
1485 9
1486 17
1487 12
1488 25
1489 1
1490 2
1491 3
1492 18
1493 0
1494 5
1495 15
1496 40
1497 3
1498 1
1499 0
1500 6
1501 0
1502 0
1503 0
1504 7
1505 0
1506 1
1507 18
1508 15
1509 2
1510 0
1511 4
1512 8
1513 0
1514 3
1515 0
1516 3
1517 3
1518 1
1519 0
1520 4
1521 30
1522 10
1523 10
1524 1
1525 37
1526 2
1527 4
1528 4
1529 5
1530 0
1531 8
1532 0
1533 2
1534 0
1535 9
1536 8
1537 11
1538 1
1539 4
1540 0
1541 5
1542 1
1543 3
1544 3
1545 2
1546 7
1547 1
1548 2
1549 1
1550 0
1551 10
1552 0
1553 0
1554 2
1555 1
1556 0
1557 16
1558 3
1559 0
1560 0
1561 1
1562 8
1563 0
1564 2
1565 3
1566 5
1567 0
1568 11
1569 3
1570 0
1571 25
1572 14
1573 2
1574 1
1575 11
1576 0
1577 1
1578 3
1579 6
1580 4
1581 10
1582 6
1583 4
1584 54
1585 0
1586 2
1587 7
1588 3
1589 6
1590 8
1591 10
1592 42
1593 32
1594 5
1595 8
1596 24
1597 0
