1 0
2 0
3 3
4 19
5 7
6 10
7 1
8 0
9 14
10 0
11 0
12 2
13 1
14 1
15 14
16 29
17 8
18 21
19 0
20 0
21 6
22 0
23 16
24 22
25 30
26 6
27 11
28 5
29 2
30 5
31 9
32 1
33 1
34 8
35 27
36 3
37 29
38 15
39 1
40 16
41 1
42 5
43 1
44 0
45 1
46 4
47 3
48 14
49 3
50 15
51 6
52 5
53 14
54 5
55 0
56 22
57 0
58 8
59 7
60 16
61 23
62 19
63 6
64 0
65 3
66 1
67 1
68 0
69 3
70 4
71 1
72 17
73 74
74 13
75 34
76 13
77 13
78 4
79 3
80 4
81 13
82 0
83 17
84 2
85 2
86 40
87 7
88 0
89 2
90 14
91 0
92 3
93 4
94 2
95 2
96 50
97 5
98 1
99 28
100 1
101 0
102 6
103 38
104 0
105 0
106 1
107 0
108 7
109 4
110 4
111 0
112 35
113 3
114 6
115 1
116 2
117 13
118 2
119 1
120 8
121 4
122 2
123 33
124 18
125 2
126 46
127 4
128 11
129 3
130 19
131 20
132 7
133 3
134 19
135 2
136 25
137 2
138 9
139 23
140 11
141 9
142 2
143 6
144 10
145 3
146 2
147 11
148 5
149 3
150 1
151 8
152 0
153 5
154 9
155 1
156 1
157 0
158 1
159 2
160 1
161 1
162 23
163 18
164 0
165 10
166 7
167 5
168 5
169 15
170 6
171 7
172 1
173 0
174 4
175 5
176 5
177 2
178 3
179 22
180 38
181 5
182 2
183 7
184 15
185 4
186 14
187 1
188 8
189 0
190 1
191 4
192 2
193 15
194 0
195 1
196 1
197 0
198 3
199 1
200 0
201 0
202 1
203 3
204 1
205 5
206 17
207 0
208 18
209 6
210 2
211 4
212 0
213 2
214 3
215 1
216 0
217 15
218 8
219 0
220 2
221 1
222 0
223 1
224 1
225 2
226 0
227 5
228 1
229 2
230 4
231 7
232 7
233 16
234 0
235 0
236 5
237 12
238 2
239 3
240 16
241 5
242 1
243 2
244 7
245 0
246 10
247 12
248 118
249 9
250 0
251 4
252 3
253 7
254 3
255 3
256 10
257 7
258 23
259 5
260 34
261 0
262 0
263 5
264 0
265 16
266 0
267 5
268 0
269 3
270 0
271 8
272 0
273 0
274 0
275 14
276 6
277 1
278 0
279 2
280 9
281 22
282 2
283 6
284 12
285 0
286 6
287 1
288 0
289 6
290 31
291 9
292 3
293 29
294 0
295 13
296 4
297 1
298 13
299 2
300 0
301 0
302 13
303 33
304 0
305 12
306 1
307 18
308 9
309 20
310 0
311 8
312 0
313 2
314 27
315 19
316 27
317 0
318 2
319 6
320 4
321 1
322 1
323 21
324 7
325 1
326 0
327 3
328 9
329 0
330 0
331 4
332 3
333 8
334 1
335 10
336 3
337 5
338 5
339 15
340 0
341 12
342 5
343 9
344 17
345 5
346 24
347 2
348 1
349 3
350 0
351 5
352 5
353 26
354 5
355 15
356 6
357 4
358 13
359 37
360 7
361 5
362 6
363 2
364 0
365 6
366 0
367 5
368 0
369 3
370 1
371 17
372 0
373 0
374 11
375 30
376 14
377 5
378 8
379 13
380 3
381 2
382 3
383 4
384 5
385 7
386 8
387 9
388 14
389 13
390 0
391 10
392 14
393 0
394 1
395 7
396 2
397 2
398 10
399 0
400 7
401 11
402 6
403 0
404 6
405 7
406 19
407 4
408 5
409 4
410 8
411 15
412 12
413 5
414 1
415 16
416 10
417 3
418 8
419 12
420 11
421 8
422 7
423 1
424 0
425 9
426 1
427 14
428 17
429 0
430 6
431 4
432 5
433 5
434 7
435 2
436 1
437 0
438 1
439 5
440 12
441 7
442 2
443 4
444 0
445 3
446 1
447 3
448 4
449 8
450 1
451 11
452 3
453 10
454 6
455 2
456 9
457 5
458 0
459 4
460 2
461 5
462 11
463 3
464 10
465 0
466 4
467 3
468 2
469 0
470 4
471 12
472 5
473 21
474 2
475 4
476 10
477 8
478 5
479 2
480 4
481 17
482 17
483 0
484 2
485 4
486 15
487 2
488 0
489 0
490 0
491 16
492 10
493 3
494 5
495 2
496 14
497 1
498 11
499 11
500 1
501 3
502 3
503 4
504 4
505 6
506 0
507 8
508 16
509 8
510 1
511 1
512 0
513 16
514 9
515 7
516 9
517 19
518 4
519 2
520 6
521 10
522 29
523 4
524 1
525 2
526 1
527 0
528 2
529 0
530 7
531 5
532 2
533 3
534 0
535 1
536 0
537 4
538 23
539 3
540 6
541 7
542 19
543 11
544 8
545 2
546 3
547 16
548 0
549 5
550 4
551 5
552 2
553 16
554 4
555 1
556 7
557 1
558 16
559 44
560 12
561 33
562 25
563 7
564 1
565 0
566 2
567 16
568 7
569 4
570 1
571 9
572 13
573 57
574 8
575 0
576 14
577 4
578 3
579 14
580 12
581 2
582 2
583 25
584 50
585 0
586 0
587 0
588 9
589 0
590 1
591 5
592 20
593 2
594 5
595 23
596 10
597 4
598 0
599 5
600 10
601 0
602 3
603 5
604 1
605 28
606 9
607 10
608 4
609 2
610 9
611 11
612 0
613 2
614 11
615 58
616 16
617 14
618 1
619 5
620 0
621 5
622 0
623 3
624 11
625 3
626 3
627 11
628 39
629 5
630 7
631 3
632 0
633 1
634 29
635 17
636 0
637 2
638 18
639 0
640 0
641 1
642 4
643 18
644 0
645 10
646 8
647 3
648 8
649 0
650 6
651 10
652 10
653 3
654 10
655 13
656 3
657 1
658 5
659 4
660 4
661 4
662 4
663 2
664 1
665 27
666 1
667 9
668 5
669 16
670 2
671 1
672 6
673 7
674 3
675 5
676 6
677 6
678 7
679 4
680 3
681 2
682 16
683 0
684 12
685 0
686 22
687 3
688 7
689 8
690 0
691 1
692 6
693 4
694 4
695 5
696 12
697 4
698 21
699 3
700 0
701 11
702 9
703 4
704 20
705 2
706 16
707 3
708 3
709 0
710 3
711 19
712 0
713 1
714 5
715 19
716 9
717 4
718 5
719 13
720 4
721 2
722 1
723 6
724 0
725 9
726 17
727 2
728 3
729 10
730 1
731 2
732 4
733 5
734 18
735 0
736 1
737 5
738 2
739 3
740 0
741 0
742 11
743 4
744 22
745 1
746 3
747 1
748 39
749 3
750 11
751 9
752 6
753 3
754 7
755 3
756 7
757 4
758 2
759 44
760 0
761 13
762 0
763 17
764 5
765 13
766 7
767 0
768 18
769 0
770 0
771 0
772 0
773 4
774 7
775 16
776 0
777 4
778 2
779 29
780 2
781 0
782 0
783 2
784 5
785 1
786 18
787 1
788 17
789 3
790 5
791 10
792 0
793 6
794 0
795 10
796 17
797 19
798 4
799 0
800 3
801 3
802 26
803 6
804 6
805 6
806 2
807 0
808 0
809 4
810 0
811 26
812 8
813 1
814 17
815 17
816 0
817 16
818 30
819 3
820 19
821 0
822 13
823 3
824 5
825 9
826 2
827 18
828 2
829 25
830 7
831 4
832 32
833 44
834 11
835 9
836 26
837 44
838 5
839 2
840 0
841 2
842 9
843 6
844 14
845 2
846 14
847 7
848 24
849 51
850 5
851 1
852 0
853 1
854 0
855 12
856 36
857 1
858 1
859 0
860 0
861 15
862 2
863 8
864 1
865 7
866 0
867 14
868 3
869 18
870 22
871 9
872 17
873 2
874 12
875 0
876 2
877 3
878 11
879 10
880 2
881 5
882 3
883 4
884 11
885 4
886 2
887 18
888 1
889 1
890 4
891 6
892 7
893 11
894 10
895 9
896 13
897 2
898 17
899 1
900 1
901 5
902 0
903 0
904 1
905 2
906 8
907 8
908 10
909 0
910 0
911 0
912 5
913 2
914 7
915 0
916 11
917 3
918 0
919 2
920 3
921 7
922 7
923 6
924 16
925 7
926 4
927 7
928 1
929 25
930 12
931 19
932 7
933 3
934 10
935 0
936 23
937 0
938 14
939 3
940 2
941 2
942 8
943 3
944 0
945 1
946 18
947 1
948 4
949 2
950 4
951 1
952 8
953 2
954 1
955 0
956 23
957 5
958 8
959 27
960 2
961 1
962 1
963 2
964 3
965 9
966 6
967 2
968 1
969 0
970 2
971 1
972 1
973 15
974 28
975 0
976 20
977 9
978 0
979 0
980 0
981 2
982 1
983 0
984 2
985 8
986 2
987 1
988 2
989 0
990 11
991 18
992 13
993 1
994 40
995 4
996 5
997 4
998 13
999 0
1000 13
1001 51
1002 21
1003 3
1004 6
1005 5
1006 8
1007 7
1008 3
1009 18
1010 2
1011 1
1012 7
1013 1
1014 11
1015 6
1016 15
1017 4
1018 1
1019 2
1020 2
1021 6
1022 0
1023 2
1024 0
1025 0
1026 5
1027 2
1028 1
1029 13
1030 3
1031 3
1032 6
1033 2
1034 4
1035 7
1036 15
1037 17
1038 0
1039 8
1040 6
1041 1
1042 10
1043 0
1044 1
1045 9
1046 1
1047 0
1048 11
1049 0
1050 0
1051 11
1052 9
1053 11
1054 7
1055 0
1056 12
1057 0
1058 20
1059 12
1060 0
1061 5
1062 2
1063 0
1064 15
1065 0
1066 5
1067 5
1068 14
1069 13
1070 0
1071 19
1072 1
1073 2
1074 1
1075 0
1076 9
1077 5
1078 0
1079 0
1080 5
1081 5
1082 6
1083 6
1084 15
1085 0
1086 0
1087 14
1088 9
1089 0
1090 31
1091 37
1092 1
1093 22
1094 21
1095 11
1096 5
1097 3
1098 14
1099 7
1100 0
1101 7
1102 1
1103 4
1104 31
1105 14
1106 5
1107 8
1108 6
1109 0
1110 0
1111 13
1112 0
1113 8
1114 9
1115 4
1116 0
1117 8
1118 1
1119 0
1120 0
1121 0
1122 4
1123 1
1124 4
1125 5
1126 30
1127 9
1128 3
1129 0
1130 23
1131 22
1132 1
1133 4
1134 2
1135 1
1136 0
1137 2
1138 0
1139 5
1140 1
1141 0
1142 3
1143 0
1144 6
1145 0
1146 11
1147 1
1148 12
1149 10
1150 2
1151 4
1152 21
1153 1
1154 7
1155 18
1156 32
1157 1
1158 9
1159 16
1160 3
1161 11
1162 0
1163 1
1164 2
1165 4
1166 28
1167 17
1168 1
1169 0
1170 1
1171 1
1172 11
1173 2
1174 2
1175 2
1176 5
1177 50
1178 9
1179 6
1180 3
1181 4
1182 0
1183 3
1184 13
1185 1
1186 15
1187 9
1188 6
1189 6
1190 20
1191 10
1192 14
1193 7
1194 1
1195 0
1196 0
1197 5
1198 5
1199 27
1200 33
1201 14
1202 5
1203 9
1204 21
1205 1
1206 2
1207 0
1208 10
1209 0
1210 7
1211 5
1212 5
1213 0
1214 0
1215 4
1216 19
1217 15
1218 11
1219 12
1220 0
1221 4
1222 9
1223 5
1224 17
1225 0
1226 2
1227 1
1228 27
1229 0
1230 3
1231 3
1232 0
1233 47
1234 1
1235 2
1236 10
1237 17
1238 4
1239 23
1240 5
1241 0
1242 12
1243 0
1244 7
1245 0
1246 1
1247 8
1248 0
1249 4
1250 1
1251 3
1252 0
1253 3
1254 1
1255 9
1256 2
1257 6
1258 1
1259 2
1260 9
1261 17
1262 2
1263 10
1264 19
1265 22
1266 8
1267 13
1268 12
1269 0
1270 1
1271 3
1272 9
1273 7
1274 9
1275 30
1276 27
1277 6
1278 11
1279 2
1280 0
1281 10
1282 1
1283 7
1284 0
1285 2
1286 27
1287 0
1288 5
1289 16
1290 3
1291 16
1292 4
1293 19
1294 13
1295 24
1296 0
1297 37
1298 11
1299 2
1300 13
1301 0
1302 1
1303 37
1304 0
1305 3
1306 1
1307 17
1308 2
1309 30
1310 16
1311 29
1312 28
1313 0
1314 12
1315 9
1316 7
1317 9
1318 8
1319 4
1320 12
1321 17
1322 2
1323 3
1324 0
1325 1
1326 15
1327 0
1328 4
1329 3
1330 10
1331 0
1332 0
1333 12
1334 5
1335 11
1336 0
1337 2
1338 2
1339 13
1340 8
1341 17
1342 1
1343 0
1344 6
1345 7
1346 13
1347 1
1348 0
1349 8
1350 22
1351 21
1352 20
1353 5
1354 5
1355 9
1356 3
1357 2
1358 2
1359 10
1360 3
1361 1
1362 1
1363 3
1364 8
1365 0
1366 2
1367 1
1368 10
1369 4
1370 4
1371 4
1372 3
1373 9
1374 8
1375 7
1376 21
1377 2
1378 1
1379 38
1380 3
1381 15
1382 10
1383 8
1384 18
1385 6
1386 3
1387 3
1388 6
1389 1
1390 10
1391 2
1392 3
1393 0
1394 3
1395 17
1396 18
1397 1
1398 0
1399 0
1400 2
1401 7
1402 0
1403 2
1404 1
1405 19
1406 1
1407 4
1408 4
1409 15
1410 4
1411 0
1412 4
1413 10
1414 6
1415 9
1416 0
1417 6
1418 10
1419 0
1420 0
1421 1
1422 8
1423 2
1424 0
1425 2
1426 3
1427 2
1428 3
1429 2
1430 14
1431 9
1432 0
1433 0
1434 0
1435 12
1436 21
1437 5
1438 3
1439 2
1440 3
1441 9
1442 1
1443 16
1444 1
1445 5
1446 1
1447 3
1448 9
1449 29
1450 4
1451 1
1452 2
1453 5
1454 1
1455 4
1456 10
1457 1
1458 4
1459 9
1460 4
1461 0
1462 3
1463 2
1464 1
1465 24
1466 14
1467 20
1468 23
1469 2
1470 7
1471 15
1472 15
1473 6
1474 11
1475 12
1476 9
1477 4
1478 0
1479 11
1480 1
1481 14
1482 8
1483 2
1484 3
1485 4
1486 50
1487 9
1488 7
1489 0
1490 14
1491 1
1492 4
1493 5
1494 13
1495 25
1496 8
1497 0
1498 3
1499 0
1500 11
1501 0
1502 0
1503 1
1504 10
1505 3
1506 5
1507 40
1508 31
1509 10
1510 5
1511 2
1512 3
1513 1
1514 6
1515 0
1516 3
1517 0
1518 1
1519 2
1520 7
1521 17
1522 5
1523 12
1524 10
1525 5
1526 0
1527 3
1528 4
1529 10
1530 2
1531 6
1532 7
1533 0
1534 0
1535 19
1536 31
1537 34
1538 1
1539 1
1540 4
1541 0
1542 1
1543 12
1544 1
1545 2
1546 6
1547 1
1548 4
1549 3
1550 1
1551 8
1552 6
1553 0
1554 18
1555 5
1556 9
1557 1
1558 2
1559 8
1560 12
1561 4
1562 24
1563 2
1564 6
1565 1
1566 3
1567 1
1568 2
1569 2
1570 0
1571 34
1572 15
1573 0
1574 2
1575 3
1576 1
1577 1
1578 2
1579 16
1580 0
1581 8
1582 4
1583 3
1584 4
1585 0
1586 2
1587 2
1588 1
1589 7
1590 10
1591 5
1592 36
1593 25
1594 2
1595 2
1596 17
1597 0
