1 14
2 0
3 7
4 4
5 1
6 14
7 0
8 9
9 20
10 0
11 0
12 3
13 1
14 4
15 4
16 6
17 10
18 9
19 0
20 0
21 1
22 26
23 1
24 5
25 6
26 6
27 5
28 2
29 10
30 2
31 2
32 1
33 1
34 1
35 10
36 4
37 5
38 1
39 3
40 1
41 0
42 2
43 7
44 3
45 1
46 0
47 0
48 39
49 3
50 7
51 8
52 0
53 0
54 1
55 2
56 5
57 0
58 1
59 2
60 12
61 6
62 7
63 7
64 16
65 1
66 2
67 0
68 1
69 6
70 4
71 0
72 37
73 170
74 59
75 26
76 22
77 7
78 2
79 12
80 3
81 3
82 1
83 4
84 9
85 8
86 5
87 7
88 5
89 3
90 2
91 3
92 19
93 7
94 3
95 6
96 6
97 1
98 2
99 5
100 1
101 2
102 4
103 9
104 0
105 1
106 11
107 0
108 0
109 2
110 3
111 4
112 50
113 2
114 13
115 5
116 16
117 2
118 4
119 4
120 11
121 4
122 1
123 10
124 9
125 0
126 7
127 9
128 4
129 3
130 41
131 0
132 1
133 1
134 0
135 1
136 12
137 0
138 0
139 6
140 0
141 1
142 0
143 1
144 0
145 7
146 0
147 19
148 7
149 3
150 0
151 14
152 0
153 2
154 4
155 2
156 0
157 0
158 10
159 0
160 0
161 0
162 0
163 8
164 0
165 5
166 5
167 3
168 3
169 10
170 0
171 1
172 0
173 0
174 5
175 3
176 1
177 4
178 0
179 9
180 4
181 5
182 0
183 2
184 3
185 4
186 1
187 1
188 7
189 1
190 0
191 2
192 2
193 0
194 0
195 7
196 0
197 2
198 0
199 1
200 1
201 0
202 0
203 0
204 1
205 0
206 2
207 7
208 3
209 2
210 1
211 0
212 0
213 0
214 2
215 0
216 0
217 8
218 24
219 19
220 4
221 0
222 1
223 1
224 1
225 4
226 1
227 0
228 5
229 2
230 3
231 2
232 6
233 9
234 0
235 0
236 0
237 11
238 2
239 16
240 9
241 2
242 0
243 2
244 0
245 0
246 8
247 15
248 14
249 0
250 0
251 0
252 5
253 0
254 10
255 1
256 0
257 2
258 3
259 0
260 9
261 0
262 0
263 0
264 0
265 5
266 0
267 2
268 0
269 0
270 0
271 14
272 0
273 0
274 0
275 6
276 4
277 0
278 0
279 0
280 10
281 2
282 2
283 11
284 0
285 7
286 5
287 3
288 0
289 0
290 13
291 1
292 2
293 10
294 0
295 4
296 0
297 0
298 2
299 2
300 0
301 2
302 7
303 16
304 0
305 2
306 0
307 19
308 19
309 3
310 9
311 4
312 0
313 1
314 9
315 0
316 12
317 0
318 8
319 0
320 3
321 23
322 1
323 20
324 0
325 0
326 0
327 9
328 3
329 0
330 0
331 0
332 3
333 1
334 2
335 11
336 0
337 2
338 2
339 2
340 8
341 10
342 1
343 3
344 22
345 5
346 5
347 1
348 0
349 2
350 0
351 12
352 1
353 0
354 0
355 59
356 1
357 0
358 5
359 13
360 0
361 2
362 9
363 0
364 0
365 1
366 0
367 1
368 0
369 0
370 3
371 3
372 0
373 0
374 2
375 0
376 0
377 6
378 4
379 2
380 1
381 0
382 0
383 0
384 0
385 9
386 9
387 14
388 6
389 2
390 1
391 10
392 3
393 0
394 0
395 5
396 0
397 1
398 7
399 0
400 8
401 2
402 5
403 2
404 0
405 3
406 4
407 0
408 4
409 0
410 0
411 15
412 1
413 16
414 7
415 11
416 1
417 2
418 6
419 4
420 2
421 13
422 3
423 1
424 0
425 1
426 1
427 9
428 2
429 0
430 6
431 2
432 8
433 1
434 0
435 1
436 19
437 0
438 0
439 5
440 3
441 17
442 3
443 2
444 0
445 0
446 4
447 5
448 2
449 1
450 0
451 7
452 10
453 3
454 0
455 6
456 2
457 1
458 0
459 2
460 0
461 5
462 4
463 1
464 8
465 1
466 4
467 3
468 0
469 0
470 17
471 5
472 2
473 12
474 0
475 13
476 5
477 5
478 1
479 0
480 3
481 15
482 43
483 0
484 1
485 4
486 4
487 2
488 5
489 0
490 1
491 3
492 3
493 1
494 0
495 15
496 9
497 0
498 23
499 1
500 2
501 0
502 2
503 0
504 0
505 15
506 4
507 4
508 5
509 0
510 0
511 2
512 0
513 2
514 7
515 2
516 1
517 3
518 0
519 2
520 0
521 0
522 29
523 6
524 0
525 0
526 2
527 0
528 0
529 0
530 12
531 0
532 7
533 9
534 0
535 0
536 2
537 1
538 2
539 10
540 4
541 3
542 3
543 4
544 24
545 7
546 1
547 2
548 7
549 1
550 1
551 2
552 0
553 10
554 11
555 11
556 5
557 0
558 3
559 5
560 2
561 7
562 20
563 9
564 0
565 24
566 19
567 18
568 3
569 0
570 0
571 18
572 0
573 5
574 9
575 2
576 1
577 0
578 2
579 0
580 10
581 2
582 1
583 3
584 15
585 0
586 7
587 3
588 0
589 2
590 0
591 3
592 0
593 0
594 5
595 1
596 0
597 0
598 0
599 10
600 3
601 0
602 1
603 0
604 0
605 7
606 1
607 3
608 4
609 1
610 3
611 13
612 0
613 0
614 1
615 3
616 4
617 1
618 9
619 3
620 0
621 7
622 0
623 0
624 2
625 1
626 11
627 13
628 8
629 4
630 8
631 0
632 15
633 2
634 0
635 4
636 0
637 2
638 2
639 0
640 0
641 2
642 2
643 0
644 0
645 12
646 2
647 2
648 2
649 4
650 2
651 11
652 1
653 0
654 9
655 5
656 0
657 0
658 1
659 9
660 6
661 5
662 4
663 2
664 1
665 20
666 4
667 4
668 5
669 4
670 7
671 3
672 12
673 24
674 7
675 0
676 1
677 9
678 4
679 1
680 0
681 1
682 11
683 0
684 2
685 0
686 2
687 0
688 4
689 4
690 0
691 1
692 7
693 0
694 5
695 5
696 4
697 1
698 0
699 11
700 2
701 1
702 0
703 1
704 22
705 4
706 4
707 0
708 1
709 0
710 1
711 10
712 0
713 0
714 0
715 21
716 5
717 0
718 0
719 0
720 3
721 0
722 0
723 6
724 0
725 1
726 1
727 0
728 0
729 0
730 5
731 0
732 0
733 14
734 17
735 0
736 0
737 3
738 1
739 3
740 2
741 0
742 16
743 0
744 4
745 0
746 0
747 1
748 5
749 7
750 6
751 8
752 5
753 8
754 2
755 1
756 0
757 1
758 9
759 0
760 8
761 5
762 0
763 7
764 22
765 9
766 0
767 13
768 13
769 4
770 0
771 0
772 0
773 3
774 0
775 11
776 0
777 1
778 4
779 3
780 0
781 0
782 0
783 0
784 4
785 0
786 1
787 0
788 8
789 26
790 0
791 3
792 4
793 8
794 0
795 0
796 5
797 1
798 2
799 0
800 5
801 1
802 9
803 1
804 19
805 9
806 7
807 4
808 0
809 7
810 1
811 10
812 3
813 6
814 12
815 11
816 0
817 2
818 5
819 10
820 39
821 2
822 6
823 3
824 0
825 4
826 0
827 1
828 1
829 9
830 16
831 3
832 5
833 1
834 0
835 26
836 5
837 9
838 6
839 6
840 0
841 0
842 2
843 2
844 3
845 1
846 22
847 30
848 10
849 10
850 7
851 8
852 2
853 4
854 0
855 11
856 10
857 4
858 6
859 0
860 1
861 9
862 0
863 0
864 9
865 6
866 4
867 7
868 2
869 12
870 2
871 11
872 22
873 0
874 2
875 9
876 2
877 0
878 4
879 4
880 1
881 3
882 1
883 1
884 1
885 8
886 3
887 7
888 0
889 0
890 0
891 4
892 3
893 9
894 3
895 3
896 1
897 0
898 2
899 2
900 5
901 2
902 0
903 3
904 3
905 2
906 1
907 3
908 1
909 0
910 0
911 1
912 3
913 0
914 2
915 0
916 9
917 1
918 0
919 28
920 9
921 2
922 0
923 2
924 10
925 12
926 4
927 0
928 1
929 1
930 0
931 5
932 1
933 3
934 0
935 2
936 4
937 0
938 21
939 0
940 0
941 1
942 0
943 4
944 2
945 6
946 0
947 4
948 0
949 2
950 0
951 3
952 1
953 0
954 1
955 1
956 28
957 24
958 25
959 10
960 6
961 6
962 1
963 0
964 2
965 0
966 6
967 0
968 8
969 0
970 11
971 5
972 2
973 2
974 11
975 0
976 6
977 10
978 1
979 0
980 0
981 1
982 1
983 0
984 0
985 14
986 0
987 0
988 2
989 0
990 1
991 6
992 30
993 0
994 0
995 7
996 0
997 2
998 5
999 0
1000 8
1001 1
1002 33
1003 10
1004 0
1005 5
1006 6
1007 1
1008 11
1009 29
1010 0
1011 0
1012 9
1013 1
1014 6
1015 3
1016 2
1017 0
1018 0
1019 0
1020 0
1021 7
1022 0
1023 0
1024 1
1025 0
1026 3
1027 3
1028 0
1029 5
1030 0
1031 2
1032 19
1033 4
1034 5
1035 2
1036 3
1037 8
1038 0
1039 2
1040 11
1041 2
1042 0
1043 0
1044 22
1045 6
1046 3
1047 5
1048 1
1049 0
1050 0
1051 3
1052 5
1053 3
1054 1
1055 0
1056 10
1057 0
1058 5
1059 17
1060 3
1061 6
1062 3
1063 7
1064 12
1065 1
1066 0
1067 1
1068 2
1069 2
1070 0
1071 1
1072 0
1073 6
1074 5
1075 12
1076 4
1077 3
1078 0
1079 2
1080 9
1081 4
1082 24
1083 4
1084 12
1085 0
1086 9
1087 7
1088 1
1089 2
1090 9
1091 4
1092 0
1093 4
1094 16
1095 0
1096 7
1097 4
1098 5
1099 11
1100 3
1101 2
1102 11
1103 30
1104 7
1105 24
1106 9
1107 1
1108 23
1109 12
1110 0
1111 3
1112 0
1113 0
1114 0
1115 24
1116 1
1117 6
1118 5
1119 0
1120 1
1121 0
1122 2
1123 0
1124 2
1125 1
1126 29
1127 0
1128 1
1129 1
1130 10
1131 8
1132 5
1133 12
1134 3
1135 2
1136 0
1137 0
1138 4
1139 2
1140 3
1141 0
1142 4
1143 0
1144 1
1145 0
1146 3
1147 2
1148 1
1149 3
1150 10
1151 8
1152 11
1153 0
1154 7
1155 1
1156 23
1157 0
1158 0
1159 7
1160 0
1161 1
1162 0
1163 3
1164 3
1165 5
1166 0
1167 2
1168 0
1169 0
1170 4
1171 3
1172 2
1173 5
1174 5
1175 0
1176 0
1177 14
1178 3
1179 0
1180 0
1181 8
1182 2
1183 9
1184 25
1185 0
1186 13
1187 3
1188 0
1189 0
1190 6
1191 1
1192 10
1193 5
1194 0
1195 0
1196 6
1197 1
1198 0
1199 28
1200 2
1201 8
1202 4
1203 0
1204 6
1205 5
1206 1
1207 2
1208 3
1209 1
1210 2
1211 31
1212 0
1213 1
1214 0
1215 1
1216 2
1217 4
1218 5
1219 22
1220 0
1221 0
1222 10
1223 4
1224 3
1225 5
1226 0
1227 0
1228 2
1229 1
1230 10
1231 4
1232 9
1233 15
1234 14
1235 0
1236 0
1237 3
1238 11
1239 5
1240 0
1241 1
1242 4
1243 1
1244 6
1245 0
1246 0
1247 4
1248 7
1249 1
1250 9
1251 2
1252 0
1253 20
1254 3
1255 0
1256 3
1257 0
1258 2
1259 3
1260 1
1261 21
1262 0
1263 3
1264 6
1265 18
1266 19
1267 7
1268 4
1269 0
1270 0
1271 4
1272 14
1273 0
1274 2
1275 1
1276 0
1277 0
1278 3
1279 0
1280 2
1281 4
1282 0
1283 0
1284 5
1285 0
1286 5
1287 5
1288 20
1289 8
1290 0
1291 17
1292 2
1293 5
1294 2
1295 3
1296 1
1297 26
1298 4
1299 3
1300 8
1301 3
1302 1
1303 6
1304 0
1305 4
1306 0
1307 11
1308 2
1309 3
1310 5
1311 9
1312 0
1313 1
1314 2
1315 0
1316 0
1317 0
1318 8
1319 1
1320 4
1321 2
1322 4
1323 0
1324 0
1325 5
1326 2
1327 0
1328 3
1329 2
1330 0
1331 0
1332 0
1333 2
1334 2
1335 2
1336 3
1337 0
1338 2
1339 31
1340 6
1341 1
1342 0
1343 0
1344 1
1345 0
1346 2
1347 1
1348 0
1349 5
1350 2
1351 3
1352 7
1353 10
1354 0
1355 6
1356 1
1357 3
1358 0
1359 5
1360 4
1361 4
1362 6
1363 0
1364 3
1365 4
1366 1
1367 1
1368 3
1369 3
1370 5
1371 6
1372 2
1373 1
1374 22
1375 2
1376 12
1377 0
1378 0
1379 8
1380 23
1381 0
1382 7
1383 4
1384 0
1385 7
1386 0
1387 7
1388 12
1389 0
1390 0
1391 0
1392 2
1393 0
1394 4
1395 15
1396 1
1397 0
1398 0
1399 0
1400 3
1401 41
1402 7
1403 0
1404 0
1405 10
1406 14
1407 6
1408 0
1409 9
1410 15
1411 0
1412 3
1413 0
1414 1
1415 15
1416 0
1417 0
1418 0
1419 0
1420 0
1421 2
1422 5
1423 12
1424 0
1425 2
1426 1
1427 5
1428 5
1429 12
1430 2
1431 2
1432 4
1433 0
1434 4
1435 4
1436 8
1437 4
1438 0
1439 0
1440 2
1441 0
1442 0
1443 6
1444 3
1445 0
1446 3
1447 5
1448 4
1449 10
1450 13
1451 0
1452 2
1453 11
1454 12
1455 6
1456 0
1457 0
1458 3
1459 4
1460 2
1461 1
1462 1
1463 0
1464 1
1465 8
1466 3
1467 14
1468 4
1469 1
1470 5
1471 3
1472 18
1473 11
1474 19
1475 8
1476 9
1477 3
1478 0
1479 2
1480 0
1481 7
1482 4
1483 3
1484 6
1485 2
1486 1
1487 10
1488 9
1489 0
1490 9
1491 37
1492 6
1493 0
1494 9
1495 18
1496 6
1497 0
1498 1
1499 3
1500 8
1501 1
1502 1
1503 0
1504 4
1505 0
1506 0
1507 73
1508 28
1509 0
1510 0
1511 3
1512 25
1513 1
1514 7
1515 1
1516 0
1517 0
1518 5
1519 6
1520 2
1521 22
1522 4
1523 9
1524 0
1525 24
1526 3
1527 0
1528 3
1529 1
1530 3
1531 0
1532 0
1533 1
1534 1
1535 29
1536 1
1537 18
1538 2
1539 7
1540 1
1541 0
1542 0
1543 0
1544 1
1545 1
1546 2
1547 1
1548 4
1549 1
1550 0
1551 2
1552 11
1553 1
1554 8
1555 38
1556 2
1557 0
1558 3
1559 0
1560 7
1561 0
1562 41
1563 0
1564 1
1565 7
1566 2
1567 0
1568 3
1569 5
1570 0
1571 2
1572 8
1573 2
1574 1
1575 3
1576 0
1577 0
1578 1
1579 0
1580 0
1581 2
1582 2
1583 2
1584 0
1585 0
1586 0
1587 2
1588 2
1589 0
1590 2
1591 3
1592 7
1593 4
1594 3
1595 2
1596 46
1597 1
