1 2
2 1
3 3
4 19
5 18
6 7
7 0
8 0
9 5
10 0
11 0
12 10
13 0
14 4
15 4
16 10
17 17
18 26
19 0
20 0
21 0
22 1
23 0
24 15
25 11
26 1
27 11
28 0
29 9
30 0
31 5
32 1
33 1
34 3
35 17
36 4
37 3
38 2
39 17
40 2
41 0
42 5
43 11
44 5
45 2
46 0
47 0
48 12
49 1
50 27
51 16
52 3
53 0
54 0
55 0
56 21
57 0
58 11
59 3
60 13
61 9
62 8
63 7
64 0
65 1
66 4
67 0
68 0
69 2
70 1
71 0
72 11
73 41
74 19
75 73
76 16
77 9
78 19
79 42
80 5
81 47
82 18
83 31
84 14
85 4
86 16
87 6
88 3
89 12
90 12
91 9
92 2
93 25
94 0
95 7
96 6
97 3
98 1
99 13
100 16
101 6
102 1
103 47
104 2
105 0
106 0
107 0
108 0
109 1
110 1
111 3
112 23
113 7
114 1
115 2
116 2
117 5
118 2
119 4
120 7
121 4
122 7
123 17
124 7
125 2
126 12
127 4
128 26
129 4
130 3
131 10
132 12
133 9
134 8
135 2
136 7
137 2
138 0
139 1
140 4
141 6
142 1
143 16
144 1
145 5
146 0
147 6
148 2
149 0
150 1
151 5
152 0
153 1
154 2
155 0
156 1
157 0
158 3
159 1
160 0
161 4
162 0
163 6
164 2
165 1
166 4
167 2
168 2
169 6
170 1
171 1
172 7
173 0
174 5
175 8
176 8
177 5
178 0
179 7
180 6
181 6
182 1
183 7
184 1
185 5
186 0
187 0
188 27
189 0
190 0
191 5
192 0
193 2
194 2
195 5
196 0
197 0
198 0
199 2
200 1
201 0
202 1
203 6
204 6
205 0
206 8
207 8
208 1
209 5
210 7
211 1
212 2
213 0
214 2
215 6
216 4
217 7
218 3
219 3
220 0
221 0
222 3
223 1
224 0
225 0
226 0
227 0
228 0
229 6
230 11
231 0
232 12
233 10
234 0
235 0
236 7
237 7
238 2
239 13
240 0
241 10
242 0
243 2
244 0
245 0
246 1
247 14
248 23
249 0
250 6
251 0
252 3
253 7
254 5
255 0
256 7
257 6
258 6
259 5
260 4
261 1
262 1
263 0
264 0
265 2
266 0
267 9
268 3
269 0
270 3
271 6
272 0
273 0
274 0
275 14
276 1
277 1
278 2
279 1
280 4
281 0
282 7
283 16
284 1
285 0
286 3
287 0
288 9
289 10
290 3
291 6
292 1
293 11
294 2
295 0
296 3
297 0
298 1
299 0
300 0
301 1
302 0
303 9
304 0
305 1
306 9
307 14
308 8
309 4
310 1
311 35
312 8
313 32
314 18
315 4
316 13
317 1
318 22
319 4
320 4
321 9
322 4
323 14
324 3
325 3
326 1
327 4
328 1
329 0
330 1
331 0
332 3
333 0
334 0
335 11
336 2
337 4
338 0
339 1
340 4
341 9
342 26
343 6
344 13
345 6
346 20
347 5
348 0
349 1
350 9
351 16
352 4
353 2
354 0
355 20
356 7
357 0
358 4
359 0
360 0
361 1
362 2
363 0
364 0
365 2
366 9
367 2
368 1
369 0
370 6
371 3
372 7
373 0
374 3
375 10
376 0
377 4
378 15
379 2
380 1
381 25
382 11
383 3
384 3
385 0
386 8
387 11
388 1
389 8
390 0
391 8
392 2
393 0
394 6
395 8
396 0
397 6
398 18
399 0
400 4
401 2
402 0
403 2
404 0
405 6
406 7
407 1
408 1
409 5
410 4
411 0
412 6
413 7
414 2
415 7
416 12
417 0
418 12
419 2
420 30
421 12
422 10
423 4
424 6
425 5
426 0
427 9
428 2
429 4
430 4
431 3
432 18
433 12
434 0
435 0
436 2
437 0
438 0
439 2
440 1
441 1
442 5
443 2
444 0
445 8
446 1
447 2
448 22
449 0
450 0
451 0
452 7
453 1
454 16
455 21
456 7
457 11
458 10
459 1
460 7
461 1
462 4
463 17
464 3
465 6
466 17
467 2
468 2
469 0
470 15
471 2
472 7
473 20
474 5
475 1
476 18
477 2
478 0
479 0
480 0
481 1
482 3
483 0
484 0
485 6
486 8
487 5
488 0
489 0
490 2
491 10
492 0
493 8
494 0
495 7
496 5
497 0
498 15
499 0
500 0
501 0
502 1
503 4
504 0
505 0
506 5
507 0
508 3
509 2
510 0
511 0
512 0
513 29
514 3
515 8
516 1
517 3
518 1
519 1
520 2
521 5
522 28
523 49
524 2
525 4
526 0
527 0
528 0
529 0
530 1
531 4
532 9
533 1
534 4
535 4
536 0
537 3
538 1
539 6
540 11
541 6
542 2
543 2
544 1
545 0
546 0
547 7
548 0
549 4
550 5
551 0
552 9
553 39
554 9
555 1
556 9
557 1
558 9
559 29
560 36
561 34
562 13
563 7
564 0
565 1
566 12
567 4
568 22
569 9
570 6
571 4
572 5
573 14
574 8
575 7
576 4
577 0
578 0
579 9
580 6
581 10
582 1
583 13
584 2
585 9
586 7
587 0
588 1
589 0
590 0
591 4
592 16
593 0
594 5
595 1
596 2
597 9
598 2
599 4
600 1
601 1
602 2
603 4
604 8
605 16
606 0
607 3
608 8
609 20
610 4
611 6
612 0
613 0
614 2
615 45
616 25
617 12
618 3
619 3
620 0
621 1
622 4
623 13
624 0
625 0
626 3
627 10
628 5
629 7
630 20
631 15
632 7
633 22
634 11
635 4
636 8
637 3
638 11
639 10
640 0
641 12
642 1
643 9
644 17
645 12
646 2
647 2
648 2
649 0
650 3
651 7
652 12
653 2
654 0
655 1
656 1
657 0
658 9
659 0
660 1
661 1
662 38
663 1
664 8
665 0
666 3
667 34
668 5
669 28
670 0
671 12
672 55
673 2
674 10
675 3
676 10
677 16
678 1
679 4
680 30
681 5
682 16
683 0
684 7
685 0
686 5
687 1
688 12
689 17
690 6
691 0
692 8
693 2
694 10
695 10
696 4
697 11
698 45
699 13
700 0
701 1
702 16
703 17
704 16
705 2
706 8
707 4
708 0
709 17
710 3
711 12
712 0
713 6
714 9
715 14
716 21
717 18
718 0
719 2
720 3
721 2
722 4
723 22
724 1
725 3
726 4
727 2
728 5
729 8
730 15
731 7
732 0
733 7
734 6
735 12
736 2
737 3
738 10
739 5
740 3
741 0
742 14
743 0
744 5
745 4
746 1
747 1
748 1
749 0
750 5
751 5
752 5
753 6
754 1
755 1
756 7
757 0
758 30
759 14
760 1
761 7
762 0
763 31
764 20
765 28
766 15
767 0
768 33
769 2
770 1
771 3
772 1
773 6
774 0
775 7
776 0
777 14
778 1
779 2
780 0
781 0
782 0
783 4
784 2
785 2
786 11
787 0
788 4
789 1
790 0
791 2
792 0
793 13
794 2
795 0
796 17
797 8
798 11
799 1
800 0
801 0
802 10
803 2
804 21
805 0
806 1
807 0
808 22
809 1
810 2
811 3
812 1
813 3
814 0
815 32
816 0
817 2
818 12
819 6
820 18
821 0
822 10
823 0
824 4
825 12
826 17
827 1
828 0
829 17
830 3
831 14
832 3
833 1
834 3
835 7
836 2
837 7
838 12
839 0
840 0
841 1
842 7
843 0
844 28
845 1
846 7
847 5
848 27
849 10
850 18
851 6
852 0
853 0
854 4
855 4
856 10
857 3
858 4
859 0
860 0
861 11
862 0
863 1
864 3
865 8
866 1
867 25
868 3
869 4
870 13
871 8
872 19
873 6
874 5
875 12
876 0
877 10
878 25
879 46
880 1
881 6
882 1
883 0
884 1
885 4
886 2
887 6
888 0
889 0
890 2
891 4
892 0
893 2
894 1
895 8
896 1
897 0
898 11
899 1
900 9
901 2
902 0
903 6
904 3
905 0
906 0
907 0
908 18
909 0
910 1
911 0
912 11
913 1
914 3
915 2
916 7
917 5
918 3
919 13
920 3
921 15
922 1
923 1
924 6
925 7
926 1
927 0
928 0
929 5
930 5
931 2
932 0
933 5
934 10
935 3
936 20
937 0
938 5
939 3
940 0
941 2
942 5
943 7
944 0
945 0
946 4
947 6
948 1
949 9
950 0
951 0
952 35
953 0
954 4
955 0
956 26
957 7
958 36
959 3
960 0
961 0
962 0
963 1
964 13
965 1
966 0
967 2
968 5
969 0
970 2
971 0
972 5
973 4
974 20
975 0
976 13
977 13
978 1
979 2
980 0
981 0
982 0
983 0
984 0
985 3
986 5
987 3
988 8
989 1
990 0
991 35
992 10
993 0
994 11
995 9
996 1
997 12
998 2
999 1
1000 3
1001 2
1002 40
1003 3
1004 4
1005 0
1006 22
1007 9
1008 8
1009 5
1010 0
1011 3
1012 5
1013 0
1014 15
1015 8
1016 1
1017 0
1018 0
1019 6
1020 1
1021 7
1022 1
1023 0
1024 3
1025 0
1026 1
1027 0
1028 0
1029 10
1030 10
1031 1
1032 4
1033 4
1034 18
1035 19
1036 1
1037 4
1038 0
1039 6
1040 8
1041 0
1042 1
1043 3
1044 17
1045 9
1046 6
1047 2
1048 3
1049 0
1050 0
1051 0
1052 5
1053 9
1054 7
1055 2
1056 10
1057 0
1058 4
1059 2
1060 0
1061 16
1062 0
1063 0
1064 6
1065 0
1066 10
1067 0
1068 3
1069 4
1070 0
1071 1
1072 0
1073 0
1074 3
1075 4
1076 0
1077 0
1078 33
1079 0
1080 0
1081 38
1082 18
1083 29
1084 4
1085 0
1086 17
1087 4
1088 2
1089 1
1090 4
1091 5
1092 1
1093 1
1094 6
1095 2
1096 17
1097 11
1098 8
1099 2
1100 3
1101 0
1102 1
1103 47
1104 42
1105 4
1106 8
1107 13
1108 11
1109 5
1110 2
1111 6
1112 0
1113 1
1114 0
1115 5
1116 0
1117 0
1118 0
1119 0
1120 2
1121 0
1122 0
1123 0
1124 4
1125 4
1126 10
1127 0
1128 2
1129 1
1130 47
1131 24
1132 15
1133 2
1134 1
1135 1
1136 0
1137 13
1138 0
1139 0
1140 1
1141 0
1142 1
1143 0
1144 0
1145 0
1146 1
1147 8
1148 0
1149 4
1150 3
1151 6
1152 12
1153 0
1154 1
1155 0
1156 37
1157 0
1158 1
1159 3
1160 0
1161 4
1162 0
1163 31
1164 15
1165 7
1166 2
1167 1
1168 3
1169 0
1170 34
1171 4
1172 5
1173 13
1174 6
1175 5
1176 11
1177 5
1178 22
1179 7
1180 2
1181 2
1182 22
1183 6
1184 5
1185 4
1186 0
1187 3
1188 0
1189 15
1190 3
1191 21
1192 16
1193 18
1194 3
1195 0
1196 0
1197 1
1198 3
1199 7
1200 2
1201 16
1202 0
1203 3
1204 3
1205 0
1206 1
1207 3
1208 12
1209 1
1210 0
1211 5
1212 5
1213 0
1214 6
1215 0
1216 8
1217 15
1218 0
1219 5
1220 0
1221 3
1222 40
1223 1
1224 19
1225 5
1226 4
1227 12
1228 0
1229 0
1230 6
1231 20
1232 6
1233 5
1234 6
1235 6
1236 3
1237 5
1238 4
1239 5
1240 0
1241 1
1242 1
1243 0
1244 4
1245 0
1246 0
1247 11
1248 0
1249 6
1250 1
1251 5
1252 2
1253 11
1254 1
1255 3
1256 9
1257 2
1258 3
1259 1
1260 1
1261 11
1262 1
1263 9
1264 4
1265 16
1266 4
1267 20
1268 3
1269 0
1270 1
1271 1
1272 4
1273 22
1274 6
1275 4
1276 5
1277 20
1278 0
1279 0
1280 0
1281 22
1282 4
1283 8
1284 29
1285 2
1286 6
1287 0
1288 12
1289 0
1290 0
1291 5
1292 3
1293 3
1294 6
1295 21
1296 3
1297 15
1298 1
1299 0
1300 7
1301 0
1302 0
1303 20
1304 2
1305 0
1306 0
1307 21
1308 2
1309 5
1310 3
1311 12
1312 0
1313 2
1314 5
1315 0
1316 2
1317 0
1318 6
1319 2
1320 5
1321 7
1322 2
1323 0
1324 0
1325 3
1326 5
1327 0
1328 2
1329 0
1330 2
1331 0
1332 0
1333 0
1334 10
1335 30
1336 1
1337 0
1338 1
1339 11
1340 0
1341 15
1342 9
1343 0
1344 10
1345 0
1346 0
1347 1
1348 1
1349 3
1350 3
1351 0
1352 22
1353 19
1354 0
1355 15
1356 7
1357 9
1358 2
1359 7
1360 10
1361 7
1362 0
1363 10
1364 30
1365 8
1366 30
1367 0
1368 0
1369 20
1370 0
1371 6
1372 2
1373 4
1374 16
1375 2
1376 19
1377 0
1378 9
1379 24
1380 2
1381 3
1382 9
1383 4
1384 0
1385 0
1386 2
1387 1
1388 15
1389 0
1390 8
1391 0
1392 2
1393 0
1394 3
1395 5
1396 3
1397 2
1398 1
1399 0
1400 7
1401 2
1402 0
1403 2
1404 0
1405 2
1406 1
1407 5
1408 0
1409 4
1410 4
1411 0
1412 3
1413 0
1414 1
1415 2
1416 6
1417 0
1418 2
1419 4
1420 0
1421 0
1422 0
1423 3
1424 0
1425 17
1426 0
1427 0
1428 1
1429 0
1430 1
1431 7
1432 5
1433 0
1434 1
1435 43
1436 9
1437 2
1438 0
1439 3
1440 3
1441 0
1442 0
1443 3
1444 0
1445 0
1446 2
1447 1
1448 11
1449 35
1450 4
1451 0
1452 6
1453 4
1454 1
1455 1
1456 0
1457 2
1458 0
1459 5
1460 14
1461 2
1462 2
1463 0
1464 2
1465 0
1466 7
1467 6
1468 7
1469 3
1470 5
1471 1
1472 10
1473 1
1474 5
1475 2
1476 3
1477 1
1478 0
1479 4
1480 4
1481 9
1482 10
1483 5
1484 0
1485 5
1486 12
1487 11
1488 2
1489 0
1490 9
1491 1
1492 4
1493 0
1494 0
1495 38
1496 1
1497 0
1498 4
1499 0
1500 0
1501 1
1502 0
1503 0
1504 1
1505 3
1506 0
1507 4
1508 5
1509 0
1510 0
1511 9
1512 5
1513 1
1514 4
1515 1
1516 2
1517 0
1518 1
1519 7
1520 14
1521 18
1522 6
1523 14
1524 0
1525 22
1526 0
1527 15
1528 20
1529 1
1530 0
1531 0
1532 8
1533 1
1534 0
1535 16
1536 12
1537 5
1538 0
1539 6
1540 1
1541 0
1542 0
1543 0
1544 0
1545 6
1546 1
1547 7
1548 5
1549 24
1550 0
1551 4
1552 9
1553 1
1554 12
1555 3
1556 0
1557 2
1558 0
1559 1
1560 8
1561 0
1562 34
1563 0
1564 6
1565 11
1566 8
1567 4
1568 0
1569 1
1570 0
1571 109
1572 14
1573 0
1574 1
1575 6
1576 0
1577 0
1578 3
1579 7
1580 0
1581 3
1582 3
1583 2
1584 3
1585 0
1586 0
1587 4
1588 5
1589 0
1590 11
1591 9
1592 19
1593 1
1594 11
1595 0
1596 17
1597 2
