1 0
2 0
3 14
4 57
5 30
6 28
7 2
8 3
9 35
10 0
11 1
12 16
13 8
14 8
15 8
16 38
17 21
18 50
19 28
20 1
21 6
22 16
23 31
24 52
25 74
26 34
27 23
28 54
29 14
30 45
31 58
32 49
33 66
34 45
35 59
36 70
37 53
38 23
39 70
40 18
41 29
42 25
43 52
44 17
45 44
46 18
47 2
48 12
49 19
50 11
51 55
52 35
53 43
54 147
55 47
56 34
57 25
58 36
59 53
60 71
61 91
62 168
63 91
64 18
65 7
66 99
67 20
68 34
69 62
70 27
71 6
72 47
73 39
74 17
75 38
76 15
77 11
78 11
79 14
80 24
81 27
82 37
83 32
84 68
85 117
86 81
87 66
88 14
89 43
90 22
91 40
92 9
93 76
94 47
95 20
96 40
97 27
98 5
99 74
100 21
101 32
102 2
103 31
104 1
105 4
106 50
107 3
108 38
109 7
110 11
111 48
112 72
113 8
114 94
115 7
116 28
117 29
118 7
119 13
120 34
121 16
122 6
123 28
124 28
125 17
126 41
127 23
128 35
129 39
130 19
131 16
132 35
133 44
134 46
135 33
136 41
137 22
138 24
139 17
140 21
141 42
142 13
143 10
144 31
145 6
146 142
147 43
148 53
149 62
150 23
151 21
152 20
153 54
154 70
155 25
156 29
157 13
158 23
159 19
160 10
161 18
162 11
163 38
164 14
165 3
166 26
167 15
168 16
169 19
170 18
171 45
172 24
173 13
174 13
175 71
176 60
177 98
178 119
179 84
180 62
181 38
182 41
183 13
184 13
185 27
186 12
187 18
188 51
189 28
190 75
191 71
192 69
193 21
194 30
195 17
196 17
197 11
198 11
199 25
200 57
201 22
202 53
203 4
204 19
205 37
206 27
207 74
208 28
209 54
210 43
211 13
212 20
213 47
214 23
215 28
216 31
217 45
218 37
219 53
220 31
221 38
222 95
223 120
224 123
225 57
226 56
227 237
228 61
229 71
230 43
231 43
232 15
233 91
234 41
235 64
236 23
237 86
238 73
239 65
240 30
241 34
242 21
243 11
244 18
245 15
246 58
247 20
248 20
249 38
250 28
251 30
252 101
253 17
254 53
255 64
256 19
257 39
258 95
259 45
260 48
261 60
262 18
263 62
264 38
265 171
266 12
267 125
268 62
269 35
270 33
271 232
272 43
273 42
274 56
275 74
276 15
277 13
278 57
279 34
280 51
281 35
282 29
283 63
284 19
285 33
286 65
287 30
288 61
289 3
290 52
291 67
292 20
293 36
294 12
295 21
296 5
297 5
298 71
299 25
300 32
301 17
302 14
303 33
304 43
305 9
306 32
307 88
308 56
309 33
310 37
311 13
312 45
313 39
314 25
315 39
316 49
317 7
318 18
319 42
320 33
321 47
322 150
323 34
324 52
325 17
326 19
327 73
328 52
329 19
330 38
331 14
332 14
333 92
334 37
335 33
336 55
337 58
338 37
339 67
340 47
341 47
342 66
343 123
344 80
345 22
346 83
347 17
348 27
349 20
350 27
351 38
352 40
353 51
354 21
355 66
356 54
357 23
358 24
359 46
360 29
361 68
362 17
363 42
364 34
365 12
366 28
367 17
368 34
369 43
370 89
371 233
372 10
373 39
374 10
375 9
376 22
377 21
378 10
379 26
380 8
381 43
382 24
383 17
384 29
385 27
386 9
387 8
388 6
389 19
390 34
391 1
392 3
393 23
394 11
395 29
396 22
397 41
398 42
399 12
400 12
401 37
402 10
403 20
404 34
405 22
406 13
407 5
408 17
409 13
410 13
411 8
412 3
413 23
414 26
415 22
416 11
417 5
418 53
419 25
420 30
421 19
422 33
423 11
424 28
425 34
426 8
427 33
428 9
429 12
430 16
431 29
432 35
433 22
434 8
435 23
436 19
437 13
438 11
439 41
440 48
441 9
442 42
443 11
444 83
445 10
446 61
447 17
448 38
449 28
450 32
451 21
452 23
453 22
454 67
455 53
456 29
457 40
458 22
459 30
460 6
461 25
462 34
463 13
464 26
465 13
466 73
467 16
468 11
469 20
470 31
471 41
472 8
473 17
474 10
475 33
476 23
477 17
478 14
479 6
480 7
481 30
482 12
483 6
484 7
485 5
486 4
487 13
488 8
489 3
490 7
491 25
492 8
493 10
494 2
495 9
496 12
497 4
498 31
499 15
500 12
501 9
502 7
503 8
504 3
505 3
506 3
507 13
508 7
509 10
510 11
511 7
512 8
513 19
514 41
515 22
516 12
517 6
518 6
519 6
520 1
521 12
522 44
523 37
524 5
525 5
526 3
527 2
528 5
529 4
530 0
531 1
532 4
533 3
534 5
535 7
536 46
537 12
538 10
539 165
540 53
541 8
542 6
543 45
544 76
545 9
546 5
547 5
548 5
549 40
550 54
551 7
552 42
553 18
554 17
555 12
556 26
557 36
558 81
559 41
560 28
561 50
562 28
563 24
564 14
565 18
566 19
567 24
568 19
569 16
570 8
571 58
572 22
573 110
574 65
575 31
576 19
577 10
578 16
579 29
580 46
581 21
582 61
583 20
584 18
585 15
586 49
587 25
588 12
589 9
590 40
591 39
592 43
593 36
594 7
595 99
596 128
597 32
598 84
599 38
600 9
601 12
602 38
603 24
604 18
605 67
606 38
607 52
608 29
609 7
610 23
611 153
612 4
613 14
614 140
615 79
616 27
617 12
618 8
619 25
620 44
621 13
622 17
623 45
624 40
625 22
626 22
627 73
628 23
629 32
630 57
631 48
632 7
633 48
634 27
635 6
636 16
637 87
638 47
639 37
640 16
641 4
642 31
643 29
644 11
645 49
646 21
647 36
648 32
649 51
650 38
651 55
652 24
653 13
654 47
655 12
656 26
657 6
658 17
659 38
660 43
661 22
662 41
663 88
664 15
665 50
666 34
667 41
668 59
669 31
670 50
671 38
672 23
673 28
674 37
675 48
676 33
677 33
678 30
679 54
680 7
681 16
682 40
683 74
684 14
685 14
686 29
687 30
688 27
689 27
690 18
691 17
692 36
693 32
694 49
695 8
696 50
697 29
698 18
699 40
700 30
701 15
702 6
703 20
704 44
705 84
706 16
707 31
708 63
709 99
710 52
711 71
712 6
713 13
714 16
715 31
716 10
717 34
718 19
719 12
720 10
721 2
722 27
723 13
724 56
725 28
726 18
727 12
728 9
729 6
730 27
731 31
732 12
733 20
734 12
735 7
736 22
737 28
738 59
739 10
740 20
741 13
742 38
743 41
744 131
745 39
746 25
747 34
748 36
749 24
750 77
751 27
752 28
753 30
754 37
755 22
756 41
757 24
758 18
759 63
760 62
761 48
762 25
763 63
764 25
765 13
766 24
767 29
768 93
769 54
770 30
771 36
772 36
773 46
774 37
775 242
776 24
777 21
778 29
779 19
780 11
781 2
782 18
783 47
784 13
785 51
786 29
787 17
788 85
789 21
790 13
791 9
792 8
793 39
794 9
795 12
796 35
797 25
798 20
799 22
800 5
801 41
802 28
803 13
804 26
805 3
806 19
807 1
808 10
809 22
810 28
811 25
812 52
813 33
814 12
815 37
816 41
817 25
818 46
819 31
820 33
821 8
822 10
823 9
824 7
825 54
826 18
827 11
828 18
829 20
830 44
831 33
832 8
833 22
834 9
835 33
836 11
837 37
838 21
839 6
840 6
841 3
842 13
843 32
844 20
845 9
846 18
847 10
848 17
849 27
850 29
851 6
852 18
853 8
854 6
855 20
856 36
857 8
858 6
859 7
860 24
861 42
862 21
863 46
864 22
865 19
866 5
867 46
868 26
869 13
870 19
871 29
872 32
873 7
874 28
875 7
876 22
877 8
878 57
879 48
880 29
881 13
882 16
883 32
884 22
885 10
886 7
887 7
888 9
889 2
890 42
891 11
892 10
893 30
894 11
895 12
896 7
897 17
898 41
899 13
900 29
901 11
902 3
903 12
904 5
905 5
906 7
907 11
908 20
909 1
910 5
911 12
912 12
913 17
914 0
915 30
916 3
917 6
918 4
919 4
920 6
921 10
922 6
923 14
924 5
925 9
926 10
927 1
928 9
929 8
930 24
931 8
932 6
933 8
934 19
935 7
936 15
937 2
938 27
939 15
940 6
941 10
942 10
943 7
944 2
945 2
946 7
947 21
948 4
949 35
950 10
951 3
952 12
953 14
954 33
955 25
956 21
957 10
958 60
959 45
960 8
961 14
962 4
963 11
964 26
965 18
966 34
967 16
968 14
969 7
970 30
971 102
972 68
973 10
974 38
975 26
976 24
977 40
978 22
979 26
980 58
981 14
982 18
983 22
984 5
985 36
986 40
987 7
988 49
989 19
990 27
991 64
992 29
993 25
994 25
995 15
996 67
997 62
998 44
999 28
1000 49
1001 51
1002 63
1003 22
1004 32
1005 58
1006 60
1007 47
1008 80
1009 38
1010 20
1011 14
1012 76
1013 9
1014 67
1015 66
1016 33
1017 17
1018 8
1019 50
1020 17
1021 40
1022 30
1023 17
1024 9
1025 5
1026 31
1027 21
1028 16
1029 21
1030 81
1031 15
1032 83
1033 23
1034 60
1035 35
1036 82
1037 22
1038 36
1039 20
1040 30
1041 15
1042 19
1043 10
1044 16
1045 31
1046 16
1047 34
1048 86
1049 11
1050 39
1051 44
1052 42
1053 23
1054 55
1055 25
1056 67
1057 3
1058 57
1059 51
1060 17
1061 18
1062 27
1063 14
1064 39
1065 16
1066 46
1067 10
1068 51
1069 55
1070 27
1071 32
1072 41
1073 54
1074 16
1075 34
1076 40
1077 10
1078 6
1079 5
1080 33
1081 15
1082 67
1083 18
1084 54
1085 3
1086 11
1087 21
1088 13
1089 10
1090 35
1091 26
1092 10
1093 11
1094 25
1095 8
1096 42
1097 24
1098 41
1099 27
1100 12
1101 6
1102 13
1103 48
1104 84
1105 86
1106 23
1107 93
1108 99
1109 21
1110 54
1111 20
1112 28
1113 19
1114 23
1115 18
1116 3
1117 15
1118 2
1119 2
1120 8
1121 10
1122 5
1123 4
1124 7
1125 13
1126 6
1127 7
1128 18
1129 4
1130 14
1131 46
1132 6
1133 13
1134 3
1135 6
1136 3
1137 8
1138 5
1139 6
1140 9
1141 12
1142 7
1143 3
1144 2
1145 2
1146 27
1147 30
1148 3
1149 11
1150 13
1151 6
1152 34
1153 6
1154 39
1155 32
1156 13
1157 15
1158 12
1159 21
1160 3
1161 14
1162 5
1163 17
1164 4
1165 8
1166 10
1167 16
1168 3
1169 2
1170 17
1171 5
1172 7
1173 6
1174 4
1175 19
1176 1
1177 38
1178 17
1179 13
1180 28
1181 6
1182 5
1183 12
1184 62
1185 40
1186 29
1187 12
1188 50
1189 83
1190 55
1191 53
1192 86
1193 114
1194 89
1195 36
1196 46
1197 70
1198 6
1199 43
1200 92
1201 81
1202 22
1203 33
1204 43
1205 67
1206 42
1207 42
1208 36
1209 26
1210 98
1211 31
1212 22
1213 66
1214 42
1215 36
1216 147
1217 138
1218 91
1219 93
1220 5
1221 62
1222 18
1223 94
1224 91
1225 40
1226 10
1227 2
1228 42
1229 21
1230 41
1231 127
1232 19
1233 62
1234 9
1235 24
1236 35
1237 30
1238 123
1239 83
1240 34
1241 23
1242 34
1243 29
1244 20
1245 24
1246 21
1247 140
1248 7
1249 15
1250 34
1251 28
1252 31
1253 27
1254 22
1255 62
1256 18
1257 70
1258 51
1259 31
1260 42
1261 53
1262 52
1263 53
1264 69
1265 69
1266 32
1267 93
1268 41
1269 44
1270 40
1271 31
1272 113
1273 41
1274 50
1275 38
1276 64
1277 25
1278 45
1279 66
1280 32
1281 71
1282 38
1283 4
1284 68
1285 45
1286 104
1287 17
1288 16
1289 17
1290 27
1291 18
1292 15
1293 94
1294 61
1295 101
1296 59
1297 182
1298 33
1299 23
1300 105
1301 40
1302 97
1303 56
1304 11
1305 53
1306 27
1307 50
1308 24
1309 44
1310 33
1311 14
1312 16
1313 12
1314 70
1315 21
1316 20
1317 57
1318 30
1319 54
1320 36
1321 26
1322 20
1323 32
1324 7
1325 14
1326 111
1327 23
1328 37
1329 15
1330 17
1331 13
1332 7
1333 33
1334 41
1335 42
1336 35
1337 35
1338 39
1339 88
1340 49
1341 13
1342 35
1343 36
1344 79
1345 12
1346 8
1347 30
1348 16
1349 71
1350 38
1351 37
1352 96
1353 76
1354 35
1355 50
1356 60
1357 12
1358 35
1359 51
1360 83
1361 4
1362 24
1363 47
1364 25
1365 66
1366 33
1367 32
1368 24
1369 58
1370 35
1371 34
1372 71
1373 81
1374 31
1375 31
1376 50
1377 34
1378 38
1379 88
1380 22
1381 32
1382 24
1383 24
1384 41
1385 7
1386 28
1387 25
1388 54
1389 20
1390 23
1391 28
1392 34
1393 10
1394 40
1395 43
1396 17
1397 15
1398 22
1399 32
1400 14
1401 19
1402 13
1403 21
1404 22
1405 103
1406 19
1407 21
1408 24
1409 29
1410 75
1411 46
1412 36
1413 15
1414 14
1415 25
1416 8
1417 19
1418 54
1419 38
1420 28
1421 12
1422 32
1423 23
1424 7
1425 21
1426 25
1427 38
1428 24
1429 57
1430 21
1431 9
1432 8
1433 18
1434 8
1435 31
1436 30
1437 11
1438 12
1439 21
1440 14
1441 9
1442 15
1443 38
1444 24
1445 14
1446 12
1447 21
1448 33
1449 37
1450 24
1451 13
1452 22
1453 57
1454 29
1455 15
1456 16
1457 9
1458 44
1459 41
1460 56
1461 25
1462 58
1463 24
1464 41
1465 59
1466 29
1467 58
1468 13
1469 21
1470 69
1471 47
1472 36
1473 11
1474 31
1475 14
1476 49
1477 25
1478 35
1479 25
1480 17
1481 19
1482 18
1483 3
1484 26
1485 42
1486 38
1487 58
1488 58
1489 18
1490 45
1491 7
1492 3
1493 1
1494 1
1495 3
1496 5
1497 1
1498 1
1499 2
1500 4
1501 1
1502 1
1503 4
1504 3
1505 1
1506 5
1507 0
1508 9
1509 3
1510 1
1511 4
1512 1
1513 1
1514 13
1515 0
1516 1
1517 1
1518 4
1519 2
1520 1
1521 3
1522 1
1523 11
1524 0
1525 2
1526 0
1527 5
1528 5
1529 1
1530 1
1531 2
1532 0
1533 1
1534 1
1535 9
1536 2
1537 1
1538 0
1539 3
1540 0
1541 0
1542 2
1543 1
1544 0
1545 2
1546 0
1547 2
1548 2
1549 1
1550 1
1551 3
1552 1
1553 1
1554 2
1555 1
1556 1
1557 3
1558 0
1559 1
1560 3
1561 2
1562 6
1563 0
1564 1
1565 3
1566 6
1567 0
1568 1
1569 1
1570 1
1571 16
1572 123
1573 9
1574 20
1575 23
1576 15
1577 45
1578 43
1579 32
1580 16
1581 17
1582 27
1583 78
1584 183
1585 37
1586 3
1587 29
1588 15
1589 9
1590 52
1591 4
1592 21
1593 15
1594 39
1595 42
1596 6
1597 1
