1 0
2 0
3 6
4 15
5 4
6 11
7 0
8 0
9 26
10 0
11 0
12 15
13 12
14 4
15 2
16 8
17 13
18 14
19 0
20 0
21 0
22 0
23 6
24 12
25 1
26 1
27 1
28 8
29 2
30 4
31 2
32 2
33 2
34 4
35 11
36 1
37 1
38 2
39 5
40 2
41 0
42 3
43 2
44 1
45 0
46 0
47 0
48 0
49 0
50 13
51 13
52 0
53 6
54 3
55 0
56 2
57 0
58 7
59 13
60 5
61 11
62 11
63 4
64 0
65 3
66 0
67 3
68 0
69 6
70 1
71 0
72 13
73 12
74 3
75 13
76 4
77 6
78 5
79 12
80 4
81 3
82 3
83 5
84 8
85 2
86 16
87 2
88 0
89 8
90 9
91 3
92 3
93 5
94 3
95 10
96 16
97 0
98 1
99 4
100 9
101 0
102 0
103 11
104 0
105 1
106 7
107 1
108 0
109 3
110 2
111 0
112 29
113 2
114 0
115 0
116 18
117 6
118 16
119 31
120 23
121 9
122 10
123 4
124 79
125 82
126 17
127 11
128 8
129 1
130 10
131 5
132 22
133 11
134 5
135 1
136 5
137 1
138 0
139 1
140 16
141 2
142 0
143 0
144 12
145 3
146 2
147 3
148 1
149 0
150 4
151 1
152 1
153 3
154 3
155 0
156 0
157 0
158 0
159 1
160 0
161 9
162 0
163 6
164 0
165 1
166 5
167 0
168 9
169 5
170 3
171 2
172 2
173 0
174 0
175 5
176 4
177 13
178 3
179 3
180 7
181 0
182 1
183 2
184 0
185 2
186 8
187 1
188 7
189 0
190 2
191 5
192 0
193 4
194 3
195 0
196 0
197 0
198 2
199 0
200 8
201 0
202 0
203 0
204 1
205 4
206 2
207 1
208 3
209 5
210 0
211 0
212 0
213 1
214 0
215 4
216 1
217 4
218 8
219 4
220 2
221 0
222 1
223 0
224 0
225 7
226 0
227 1
228 3
229 0
230 13
231 21
232 5
233 4
234 0
235 3
236 13
237 5
238 6
239 4
240 5
241 2
242 0
243 3
244 0
245 0
246 0
247 19
248 3
249 10
250 0
251 0
252 0
253 8
254 9
255 0
256 8
257 1
258 1
259 2
260 1
261 3
262 2
263 1
264 0
265 2
266 0
267 6
268 2
269 3
270 0
271 4
272 0
273 0
274 0
275 9
276 0
277 4
278 0
279 4
280 0
281 0
282 0
283 6
284 0
285 0
286 6
287 23
288 0
289 0
290 7
291 2
292 3
293 4
294 0
295 0
296 0
297 0
298 2
299 0
300 0
301 0
302 17
303 8
304 6
305 6
306 4
307 6
308 10
309 2
310 0
311 1
312 4
313 7
314 1
315 15
316 2
317 0
318 6
319 6
320 4
321 11
322 7
323 16
324 16
325 0
326 1
327 5
328 3
329 0
330 0
331 0
332 5
333 6
334 0
335 0
336 13
337 6
338 2
339 3
340 0
341 2
342 15
343 0
344 1
345 6
346 4
347 0
348 0
349 1
350 4
351 5
352 2
353 2
354 0
355 19
356 0
357 0
358 2
359 3
360 0
361 6
362 0
363 0
364 2
365 1
366 1
367 1
368 1
369 1
370 18
371 29
372 0
373 0
374 0
375 0
376 0
377 4
378 1
379 0
380 3
381 4
382 0
383 2
384 8
385 8
386 6
387 27
388 4
389 26
390 1
391 35
392 53
393 22
394 2
395 13
396 0
397 3
398 6
399 0
400 2
401 1
402 10
403 1
404 9
405 7
406 7
407 0
408 8
409 4
410 0
411 2
412 1
413 2
414 3
415 7
416 2
417 1
418 2
419 5
420 31
421 7
422 2
423 1
424 2
425 12
426 5
427 9
428 22
429 0
430 0
431 1
432 4
433 3
434 0
435 4
436 0
437 0
438 0
439 23
440 5
441 11
442 25
443 1
444 0
445 0
446 4
447 2
448 2
449 3
450 12
451 1
452 39
453 4
454 12
455 12
456 11
457 10
458 3
459 3
460 0
461 1
462 4
463 0
464 1
465 0
466 2
467 5
468 1
469 0
470 10
471 6
472 12
473 37
474 4
475 2
476 6
477 1
478 0
479 1
480 1
481 0
482 2
483 0
484 0
485 2
486 1
487 0
488 0
489 0
490 1
491 8
492 8
493 0
494 2
495 3
496 3
497 0
498 5
499 22
500 0
501 0
502 0
503 9
504 0
505 2
506 9
507 1
508 8
509 0
510 12
511 34
512 0
513 7
514 3
515 8
516 3
517 0
518 2
519 0
520 0
521 4
522 3
523 13
524 0
525 0
526 0
527 0
528 0
529 0
530 3
531 3
532 6
533 8
534 0
535 3
536 3
537 2
538 6
539 11
540 4
541 9
542 8
543 4
544 7
545 2
546 0
547 3
548 0
549 7
550 2
551 0
552 8
553 3
554 1
555 3
556 15
557 7
558 8
559 12
560 2
561 21
562 8
563 25
564 0
565 2
566 4
567 0
568 2
569 11
570 10
571 18
572 2
573 9
574 10
575 26
576 0
577 0
578 1
579 3
580 5
581 7
582 0
583 4
584 12
585 3
586 1
587 2
588 1
589 5
590 2
591 4
592 5
593 1
594 3
595 0
596 12
597 9
598 0
599 0
600 4
601 0
602 1
603 0
604 6
605 8
606 6
607 3
608 5
609 2
610 4
611 5
612 2
613 3
614 2
615 5
616 1
617 0
618 7
619 0
620 0
621 2
622 0
623 3
624 2
625 4
626 6
627 5
628 2
629 1
630 3
631 6
632 0
633 6
634 1
635 4
636 0
637 3
638 10
639 0
640 0
641 3
642 2
643 15
644 0
645 1
646 3
647 9
648 8
649 3
650 1
651 3
652 23
653 2
654 4
655 7
656 3
657 0
658 8
659 0
660 2
661 3
662 1
663 1
664 11
665 0
666 0
667 0
668 13
669 14
670 6
671 1
672 0
673 2
674 14
675 1
676 16
677 4
678 0
679 0
680 0
681 1
682 4
683 6
684 21
685 0
686 15
687 4
688 3
689 7
690 0
691 0
692 13
693 2
694 5
695 0
696 6
697 2
698 18
699 12
700 0
701 2
702 0
703 6
704 17
705 0
706 18
707 1
708 1
709 1
710 1
711 19
712 0
713 1
714 1
715 60
716 17
717 5
718 0
719 0
720 2
721 2
722 3
723 2
724 0
725 0
726 4
727 2
728 5
729 11
730 12
731 3
732 4
733 13
734 10
735 0
736 0
737 0
738 12
739 0
740 5
741 0
742 55
743 1
744 91
745 8
746 6
747 0
748 10
749 11
750 6
751 33
752 1
753 9
754 3
755 5
756 6
757 2
758 9
759 4
760 6
761 30
762 0
763 9
764 0
765 6
766 2
767 1
768 3
769 4
770 7
771 0
772 1
773 2
774 0
775 5
776 0
777 4
778 9
779 9
780 2
781 3
782 0
783 9
784 2
785 3
786 14
787 5
788 11
789 2
790 1
791 1
792 0
793 2
794 2
795 8
796 12
797 13
798 5
799 0
800 0
801 2
802 7
803 2
804 23
805 0
806 4
807 0
808 2
809 2
810 1
811 3
812 1
813 2
814 13
815 35
816 0
817 7
818 0
819 16
820 16
821 0
822 16
823 0
824 4
825 7
826 2
827 3
828 6
829 6
830 6
831 7
832 2
833 6
834 0
835 5
836 13
837 2
838 5
839 0
840 0
841 1
842 0
843 1
844 0
845 1
846 10
847 16
848 9
849 8
850 10
851 6
852 0
853 1
854 3
855 1
856 7
857 3
858 1
859 0
860 15
861 2
862 0
863 8
864 8
865 5
866 0
867 13
868 5
869 0
870 14
871 2
872 5
873 3
874 11
875 5
876 0
877 6
878 3
879 1
880 0
881 1
882 0
883 0
884 0
885 0
886 1
887 8
888 0
889 2
890 4
891 9
892 0
893 13
894 13
895 2
896 6
897 2
898 2
899 9
900 2
901 2
902 0
903 5
904 0
905 0
906 2
907 8
908 2
909 0
910 1
911 1
912 5
913 6
914 1
915 2
916 4
917 4
918 2
919 31
920 2
921 5
922 0
923 5
924 3
925 4
926 2
927 1
928 5
929 2
930 4
931 9
932 13
933 7
934 2
935 0
936 2
937 0
938 11
939 0
940 0
941 1
942 3
943 1
944 0
945 1
946 0
947 2
948 1
949 5
950 17
951 0
952 0
953 2
954 3
955 8
956 20
957 12
958 21
959 1
960 0
961 6
962 11
963 2
964 4
965 1
966 3
967 4
968 0
969 0
970 0
971 1
972 4
973 0
974 4
975 4
976 6
977 3
978 6
979 1
980 0
981 1
982 0
983 0
984 0
985 6
986 2
987 0
988 0
989 0
990 5
991 4
992 11
993 0
994 0
995 3
996 19
997 4
998 17
999 1
1000 0
1001 0
1002 0
1003 0
1004 52
1005 0
1006 4
1007 3
1008 13
1009 2
1010 0
1011 0
1012 2
1013 0
1014 14
1015 0
1016 4
1017 0
1018 0
1019 1
1020 0
1021 10
1022 0
1023 0
1024 0
1025 5
1026 0
1027 2
1028 0
1029 1
1030 2
1031 0
1032 9
1033 4
1034 0
1035 12
1036 6
1037 3
1038 0
1039 7
1040 4
1041 8
1042 1
1043 0
1044 8
1045 2
1046 1
1047 0
1048 9
1049 0
1050 0
1051 5
1052 9
1053 3
1054 3
1055 2
1056 2
1057 0
1058 3
1059 6
1060 0
1061 16
1062 0
1063 0
1064 32
1065 0
1066 5
1067 0
1068 11
1069 3
1070 0
1071 4
1072 0
1073 0
1074 1
1075 13
1076 3
1077 2
1078 1
1079 3
1080 9
1081 15
1082 7
1083 11
1084 2
1085 0
1086 0
1087 0
1088 0
1089 2
1090 12
1091 2
1092 0
1093 4
1094 7
1095 1
1096 6
1097 1
1098 4
1099 3
1100 9
1101 0
1102 4
1103 1
1104 3
1105 11
1106 30
1107 2
1108 21
1109 0
1110 0
1111 2
1112 2
1113 0
1114 11
1115 2
1116 0
1117 0
1118 0
1119 0
1120 0
1121 0
1122 2
1123 1
1124 4
1125 7
1126 9
1127 4
1128 16
1129 1
1130 5
1131 10
1132 15
1133 3
1134 0
1135 10
1136 0
1137 0
1138 0
1139 1
1140 2
1141 0
1142 1
1143 0
1144 1
1145 0
1146 3
1147 8
1148 2
1149 4
1150 1
1151 1
1152 16
1153 0
1154 6
1155 2
1156 6
1157 0
1158 4
1159 8
1160 1
1161 13
1162 0
1163 4
1164 2
1165 0
1166 5
1167 4
1168 2
1169 3
1170 18
1171 0
1172 1
1173 0
1174 3
1175 1
1176 3
1177 10
1178 18
1179 2
1180 1
1181 1
1182 2
1183 0
1184 10
1185 1
1186 6
1187 8
1188 0
1189 7
1190 4
1191 2
1192 8
1193 13
1194 5
1195 1
1196 1
1197 4
1198 0
1199 2
1200 12
1201 2
1202 5
1203 1
1204 1
1205 0
1206 5
1207 5
1208 3
1209 4
1210 2
1211 4
1212 3
1213 0
1214 3
1215 0
1216 11
1217 12
1218 7
1219 31
1220 0
1221 1
1222 3
1223 0
1224 6
1225 0
1226 11
1227 3
1228 0
1229 0
1230 12
1231 10
1232 5
1233 2
1234 2
1235 9
1236 3
1237 0
1238 0
1239 8
1240 4
1241 1
1242 0
1243 0
1244 5
1245 0
1246 0
1247 9
1248 7
1249 0
1250 2
1251 2
1252 2
1253 0
1254 0
1255 5
1256 0
1257 2
1258 5
1259 9
1260 5
1261 8
1262 1
1263 5
1264 1
1265 11
1266 4
1267 16
1268 1
1269 0
1270 7
1271 2
1272 0
1273 18
1274 4
1275 2
1276 0
1277 3
1278 2
1279 0
1280 4
1281 2
1282 4
1283 6
1284 3
1285 3
1286 2
1287 1
1288 8
1289 1
1290 2
1291 1
1292 3
1293 2
1294 2
1295 5
1296 0
1297 2
1298 2
1299 2
1300 7
1301 0
1302 5
1303 19
1304 2
1305 0
1306 0
1307 5
1308 2
1309 4
1310 0
1311 8
1312 1
1313 0
1314 0
1315 4
1316 3
1317 0
1318 5
1319 0
1320 3
1321 0
1322 1
1323 0
1324 0
1325 0
1326 10
1327 1
1328 1
1329 3
1330 5
1331 0
1332 0
1333 2
1334 8
1335 2
1336 3
1337 4
1338 2
1339 3
1340 0
1341 4
1342 2
1343 9
1344 0
1345 0
1346 0
1347 4
1348 0
1349 5
1350 1
1351 0
1352 10
1353 8
1354 0
1355 0
1356 1
1357 2
1358 0
1359 23
1360 8
1361 0
1362 0
1363 5
1364 6
1365 0
1366 3
1367 0
1368 3
1369 7
1370 2
1371 0
1372 0
1373 0
1374 0
1375 6
1376 2
1377 0
1378 0
1379 16
1380 15
1381 5
1382 1
1383 0
1384 1
1385 1
1386 11
1387 5
1388 2
1389 0
1390 5
1391 0
1392 0
1393 1
1394 2
1395 5
1396 4
1397 1
1398 0
1399 0
1400 2
1401 7
1402 4
1403 3
1404 5
1405 9
1406 0
1407 2
1408 0
1409 1
1410 8
1411 20
1412 11
1413 0
1414 5
1415 1
1416 0
1417 0
1418 3
1419 0
1420 0
1421 2
1422 1
1423 9
1424 2
1425 5
1426 6
1427 2
1428 13
1429 5
1430 6
1431 1
1432 2
1433 0
1434 2
1435 3
1436 1
1437 1
1438 0
1439 4
1440 4
1441 1
1442 0
1443 2
1444 6
1445 11
1446 15
1447 14
1448 0
1449 15
1450 16
1451 1
1452 4
1453 3
1454 9
1455 0
1456 1
1457 1
1458 2
1459 3
1460 1
1461 0
1462 0
1463 9
1464 1
1465 3
1466 14
1467 4
1468 14
1469 2
1470 0
1471 4
1472 17
1473 0
1474 3
1475 19
1476 0
1477 4
1478 4
1479 5
1480 0
1481 0
1482 4
1483 5
1484 31
1485 2
1486 3
1487 16
1488 7
1489 0
1490 2
1491 3
1492 9
1493 0
1494 4
1495 15
1496 17
1497 1
1498 0
1499 0
1500 4
1501 5
1502 0
1503 0
1504 15
1505 3
1506 7
1507 8
1508 10
1509 0
1510 3
1511 11
1512 4
1513 0
1514 4
1515 1
1516 29
1517 0
1518 5
1519 0
1520 16
1521 8
1522 63
1523 11
1524 0
1525 8
1526 4
1527 0
1528 12
1529 1
1530 6
1531 6
1532 2
1533 2
1534 0
1535 17
1536 6
1537 3
1538 10
1539 0
1540 3
1541 0
1542 5
1543 5
1544 4
1545 14
1546 8
1547 2
1548 3
1549 9
1550 1
1551 0
1552 73
1553 4
1554 10
1555 8
1556 1
1557 3
1558 0
1559 0
1560 0
1561 14
1562 8
1563 38
1564 13
1565 1
1566 8
1567 0
1568 0
1569 28
1570 0
1571 5
1572 8
1573 2
1574 2
1575 3
1576 0
1577 5
1578 2
1579 12
1580 0
1581 6
1582 1
1583 12
1584 0
1585 0
1586 0
1587 2
1588 6
1589 3
1590 12
1591 0
1592 13
1593 5
1594 8
1595 6
1596 29
1597 2
