1 0
2 0
3 17
4 7
5 20
6 33
7 0
8 4
9 10
10 0
11 0
12 11
13 0
14 0
15 1
16 16
17 33
18 12
19 0
20 0
21 4
22 8
23 2
24 5
25 38
26 48
27 15
28 2
29 9
30 5
31 5
32 7
33 0
34 4
35 12
36 16
37 2
38 9
39 18
40 4
41 0
42 1
43 10
44 4
45 4
46 0
47 0
48 48
49 5
50 7
51 21
52 0
53 16
54 1
55 4
56 9
57 0
58 5
59 20
60 13
61 5
62 18
63 15
64 0
65 14
66 6
67 3
68 1
69 12
70 4
71 0
72 35
73 5
74 18
75 41
76 17
77 14
78 4
79 9
80 13
81 14
82 8
83 0
84 12
85 5
86 30
87 7
88 0
89 5
90 17
91 7
92 5
93 47
94 6
95 3
96 17
97 7
98 2
99 11
100 3
101 5
102 0
103 12
104 0
105 8
106 0
107 5
108 24
109 4
110 0
111 2
112 26
113 3
114 16
115 3
116 9
117 2
118 13
119 2
120 13
121 1
122 6
123 8
124 89
125 4
126 9
127 2
128 7
129 6
130 4
131 13
132 4
133 7
134 6
135 1
136 6
137 4
138 10
139 64
140 4
141 5
142 3
143 1
144 11
145 46
146 0
147 28
148 5
149 12
150 8
151 12
152 3
153 4
154 8
155 12
156 0
157 0
158 28
159 5
160 1
161 1
162 1
163 4
164 1
165 12
166 3
167 6
168 8
169 7
170 2
171 2
172 1
173 0
174 4
175 24
176 19
177 11
178 0
179 12
180 13
181 0
182 0
183 4
184 3
185 4
186 2
187 3
188 15
189 0
190 0
191 9
192 2
193 11
194 11
195 13
196 0
197 0
198 0
199 2
200 9
201 6
202 3
203 1
204 0
205 0
206 5
207 4
208 13
209 11
210 0
211 7
212 0
213 0
214 12
215 0
216 10
217 3
218 2
219 10
220 10
221 1
222 5
223 5
224 6
225 4
226 3
227 0
228 16
229 0
230 36
231 4
232 29
233 58
234 0
235 1
236 22
237 11
238 11
239 20
240 6
241 8
242 4
243 5
244 2
245 5
246 75
247 18
248 14
249 3
250 13
251 5
252 1
253 9
254 18
255 2
256 11
257 60
258 18
259 17
260 27
261 2
262 0
263 12
264 2
265 6
266 2
267 1
268 6
269 1
270 3
271 34
272 40
273 2
274 0
275 10
276 0
277 1
278 1
279 0
280 1
281 6
282 0
283 8
284 10
285 3
286 10
287 28
288 3
289 0
290 7
291 34
292 1
293 38
294 4
295 4
296 5
297 0
298 7
299 1
300 0
301 0
302 11
303 44
304 2
305 13
306 20
307 42
308 10
309 14
310 2
311 31
312 17
313 10
314 53
315 8
316 69
317 4
318 14
319 1
320 64
321 8
322 0
323 6
324 12
325 0
326 0
327 0
328 44
329 0
330 0
331 6
332 2
333 15
334 6
335 3
336 6
337 8
338 5
339 17
340 3
341 44
342 7
343 8
344 55
345 5
346 32
347 4
348 3
349 9
350 3
351 15
352 1
353 13
354 3
355 37
356 6
357 2
358 2
359 8
360 9
361 5
362 4
363 0
364 10
365 22
366 2
367 3
368 1
369 3
370 3
371 13
372 3
373 1
374 2
375 14
376 3
377 18
378 4
379 23
380 4
381 7
382 7
383 34
384 4
385 23
386 10
387 19
388 6
389 4
390 12
391 45
392 111
393 37
394 1
395 21
396 4
397 21
398 12
399 6
400 13
401 6
402 11
403 1
404 29
405 2
406 6
407 4
408 1
409 0
410 4
411 38
412 1
413 16
414 3
415 11
416 22
417 12
418 13
419 4
420 14
421 14
422 8
423 17
424 2
425 9
426 3
427 5
428 2
429 2
430 2
431 2
432 8
433 16
434 3
435 9
436 4
437 0
438 7
439 11
440 30
441 9
442 9
443 16
444 11
445 2
446 5
447 2
448 3
449 3
450 13
451 8
452 4
453 12
454 14
455 10
456 10
457 7
458 0
459 13
460 1
461 7
462 8
463 6
464 15
465 0
466 6
467 0
468 2
469 1
470 10
471 16
472 15
473 9
474 0
475 4
476 17
477 15
478 11
479 1
480 2
481 11
482 9
483 0
484 5
485 12
486 0
487 2
488 2
489 11
490 1
491 14
492 6
493 2
494 25
495 10
496 4
497 6
498 8
499 5
500 11
501 27
502 10
503 24
504 0
505 3
506 6
507 1
508 7
509 10
510 3
511 10
512 3
513 8
514 1
515 7
516 2
517 17
518 0
519 13
520 4
521 21
522 42
523 30
524 12
525 9
526 11
527 10
528 16
529 4
530 10
531 4
532 6
533 13
534 5
535 7
536 3
537 24
538 21
539 69
540 39
541 26
542 5
543 16
544 45
545 2
546 8
547 8
548 0
549 14
550 4
551 17
552 7
553 5
554 2
555 3
556 19
557 2
558 19
559 20
560 9
561 32
562 50
563 6
564 5
565 13
566 2
567 4
568 1
569 1
570 8
571 28
572 3
573 72
574 27
575 5
576 0
577 25
578 27
579 12
580 11
581 14
582 2
583 3
584 12
585 1
586 14
587 1
588 7
589 4
590 3
591 7
592 22
593 5
594 9
595 37
596 15
597 11
598 3
599 4
600 12
601 0
602 0
603 6
604 6
605 2
606 5
607 7
608 15
609 0
610 7
611 23
612 13
613 5
614 13
615 66
616 20
617 2
618 3
619 8
620 0
621 42
622 11
623 5
624 3
625 0
626 3
627 13
628 9
629 11
630 31
631 1
632 0
633 9
634 10
635 8
636 2
637 19
638 2
639 0
640 0
641 5
642 1
643 8
644 0
645 8
646 5
647 11
648 2
649 0
650 2
651 21
652 2
653 1
654 3
655 16
656 6
657 4
658 9
659 2
660 6
661 8
662 19
663 0
664 1
665 4
666 2
667 9
668 15
669 5
670 0
671 10
672 6
673 16
674 8
675 5
676 2
677 11
678 22
679 6
680 2
681 14
682 4
683 9
684 31
685 3
686 81
687 16
688 23
689 16
690 7
691 0
692 1
693 1
694 3
695 17
696 30
697 26
698 18
699 14
700 1
701 6
702 0
703 0
704 7
705 9
706 7
707 0
708 8
709 0
710 8
711 12
712 0
713 12
714 0
715 36
716 7
717 14
718 0
719 12
720 5
721 5
722 0
723 13
724 1
725 7
726 6
727 0
728 4
729 3
730 5
731 0
732 4
733 14
734 12
735 2
736 6
737 5
738 2
739 10
740 3
741 0
742 7
743 10
744 3
745 0
746 1
747 9
748 10
749 11
750 18
751 15
752 8
753 0
754 23
755 7
756 11
757 4
758 2
759 9
760 3
761 37
762 6
763 16
764 2
765 5
766 14
767 1
768 26
769 2
770 0
771 2
772 0
773 21
774 0
775 18
776 4
777 39
778 9
779 12
780 10
781 0
782 8
783 5
784 3
785 9
786 3
787 20
788 32
789 7
790 3
791 8
792 0
793 15
794 4
795 2
796 32
797 20
798 1
799 7
800 11
801 7
802 17
803 7
804 15
805 3
806 4
807 1
808 0
809 3
810 1
811 10
812 13
813 1
814 12
815 20
816 2
817 7
818 107
819 54
820 17
821 2
822 6
823 0
824 13
825 19
826 8
827 0
828 2
829 18
830 9
831 29
832 17
833 6
834 2
835 5
836 13
837 13
838 22
839 0
840 3
841 2
842 13
843 28
844 20
845 5
846 8
847 6
848 12
849 6
850 6
851 14
852 7
853 7
854 1
855 4
856 7
857 2
858 11
859 4
860 1
861 26
862 1
863 9
864 4
865 3
866 9
867 17
868 2
869 14
870 5
871 13
872 6
873 0
874 17
875 11
876 8
877 1
878 9
879 14
880 7
881 2
882 0
883 0
884 10
885 7
886 20
887 7
888 9
889 3
890 8
891 6
892 2
893 20
894 14
895 18
896 23
897 8
898 5
899 2
900 5
901 9
902 2
903 0
904 12
905 2
906 0
907 0
908 17
909 4
910 6
911 0
912 11
913 6
914 0
915 53
916 5
917 20
918 4
919 72
920 10
921 3
922 8
923 6
924 24
925 6
926 4
927 11
928 3
929 2
930 17
931 6
932 2
933 5
934 6
935 3
936 7
937 3
938 15
939 2
940 1
941 3
942 18
943 10
944 13
945 30
946 1
947 2
948 17
949 9
950 3
951 0
952 0
953 1
954 15
955 3
956 37
957 19
958 37
959 30
960 36
961 2
962 6
963 3
964 13
965 43
966 17
967 20
968 4
969 4
970 18
971 6
972 6
973 1
974 14
975 3
976 13
977 36
978 12
979 3
980 3
981 11
982 0
983 0
984 6
985 16
986 3
987 31
988 21
989 0
990 12
991 26
992 39
993 0
994 11
995 6
996 37
997 23
998 8
999 1
1000 3
1001 20
1002 2
1003 2
1004 8
1005 3
1006 12
1007 2
1008 34
1009 44
1010 2
1011 3
1012 16
1013 6
1014 22
1015 36
1016 15
1017 5
1018 9
1019 4
1020 3
1021 19
1022 0
1023 1
1024 2
1025 0
1026 6
1027 12
1028 3
1029 21
1030 4
1031 8
1032 20
1033 0
1034 23
1035 3
1036 3
1037 11
1038 0
1039 7
1040 17
1041 2
1042 2
1043 2
1044 7
1045 33
1046 0
1047 0
1048 26
1049 0
1050 4
1051 16
1052 17
1053 13
1054 4
1055 7
1056 0
1057 3
1058 17
1059 17
1060 9
1061 3
1062 0
1063 3
1064 11
1065 0
1066 7
1067 1
1068 0
1069 9
1070 3
1071 23
1072 3
1073 0
1074 10
1075 9
1076 4
1077 18
1078 6
1079 0
1080 19
1081 17
1082 25
1083 39
1084 10
1085 8
1086 0
1087 17
1088 5
1089 0
1090 18
1091 7
1092 0
1093 7
1094 15
1095 0
1096 2
1097 23
1098 17
1099 23
1100 0
1101 0
1102 7
1103 9
1104 9
1105 53
1106 6
1107 2
1108 41
1109 26
1110 0
1111 11
1112 5
1113 4
1114 17
1115 9
1116 5
1117 13
1118 3
1119 0
1120 11
1121 1
1122 1
1123 3
1124 5
1125 41
1126 35
1127 11
1128 17
1129 4
1130 15
1131 50
1132 13
1133 8
1134 2
1135 6
1136 0
1137 0
1138 6
1139 17
1140 0
1141 7
1142 15
1143 1
1144 5
1145 5
1146 29
1147 8
1148 17
1149 0
1150 11
1151 6
1152 29
1153 0
1154 17
1155 23
1156 24
1157 1
1158 1
1159 25
1160 0
1161 4
1162 2
1163 12
1164 4
1165 1
1166 25
1167 5
1168 7
1169 0
1170 7
1171 2
1172 3
1173 2
1174 4
1175 14
1176 22
1177 69
1178 14
1179 2
1180 3
1181 1
1182 18
1183 5
1184 7
1185 0
1186 8
1187 18
1188 13
1189 8
1190 11
1191 6
1192 18
1193 31
1194 7
1195 3
1196 16
1197 10
1198 3
1199 27
1200 8
1201 20
1202 11
1203 5
1204 26
1205 9
1206 3
1207 0
1208 18
1209 6
1210 0
1211 19
1212 1
1213 0
1214 2
1215 2
1216 30
1217 20
1218 6
1219 96
1220 3
1221 5
1222 88
1223 19
1224 4
1225 0
1226 10
1227 2
1228 0
1229 24
1230 4
1231 34
1232 1
1233 12
1234 13
1235 16
1236 4
1237 16
1238 13
1239 23
1240 0
1241 9
1242 13
1243 5
1244 3
1245 0
1246 9
1247 36
1248 5
1249 6
1250 16
1251 6
1252 12
1253 4
1254 2
1255 2
1256 4
1257 10
1258 11
1259 3
1260 5
1261 22
1262 11
1263 12
1264 2
1265 43
1266 6
1267 20
1268 0
1269 3
1270 1
1271 8
1272 4
1273 10
1274 3
1275 7
1276 7
1277 5
1278 36
1279 0
1280 1
1281 38
1282 0
1283 12
1284 2
1285 0
1286 4
1287 0
1288 2
1289 17
1290 2
1291 2
1292 13
1293 14
1294 0
1295 53
1296 2
1297 35
1298 15
1299 2
1300 25
1301 1
1302 14
1303 9
1304 2
1305 2
1306 1
1307 23
1308 2
1309 4
1310 29
1311 9
1312 9
1313 8
1314 10
1315 19
1316 0
1317 3
1318 12
1319 0
1320 12
1321 26
1322 5
1323 17
1324 14
1325 1
1326 9
1327 0
1328 14
1329 7
1330 17
1331 3
1332 0
1333 12
1334 12
1335 15
1336 5
1337 1
1338 13
1339 10
1340 4
1341 0
1342 12
1343 0
1344 9
1345 12
1346 4
1347 8
1348 0
1349 12
1350 25
1351 32
1352 10
1353 6
1354 3
1355 3
1356 6
1357 6
1358 7
1359 24
1360 3
1361 4
1362 0
1363 27
1364 58
1365 1
1366 10
1367 5
1368 7
1369 20
1370 9
1371 6
1372 4
1373 4
1374 5
1375 9
1376 13
1377 1
1378 6
1379 6
1380 14
1381 15
1382 27
1383 21
1384 37
1385 5
1386 11
1387 2
1388 26
1389 3
1390 16
1391 0
1392 7
1393 2
1394 9
1395 29
1396 7
1397 4
1398 7
1399 10
1400 1
1401 2
1402 5
1403 0
1404 14
1405 17
1406 10
1407 15
1408 12
1409 24
1410 35
1411 2
1412 5
1413 8
1414 2
1415 11
1416 6
1417 7
1418 26
1419 10
1420 2
1421 2
1422 7
1423 6
1424 3
1425 14
1426 0
1427 5
1428 30
1429 9
1430 2
1431 6
1432 6
1433 0
1434 8
1435 15
1436 2
1437 3
1438 0
1439 22
1440 16
1441 3
1442 3
1443 15
1444 1
1445 6
1446 5
1447 12
1448 12
1449 15
1450 23
1451 0
1452 17
1453 17
1454 12
1455 9
1456 19
1457 3
1458 15
1459 22
1460 10
1461 0
1462 3
1463 0
1464 0
1465 33
1466 6
1467 13
1468 4
1469 40
1470 7
1471 52
1472 21
1473 10
1474 24
1475 37
1476 36
1477 18
1478 1
1479 9
1480 2
1481 4
1482 15
1483 3
1484 2
1485 4
1486 37
1487 10
1488 5
1489 4
1490 12
1491 20
1492 12
1493 2
1494 2
1495 23
1496 7
1497 4
1498 19
1499 1
1500 6
1501 5
1502 0
1503 1
1504 3
1505 2
1506 1
1507 6
1508 25
1509 0
1510 6
1511 7
1512 6
1513 3
1514 9
1515 1
1516 1
1517 9
1518 5
1519 0
1520 9
1521 3
1522 8
1523 8
1524 0
1525 21
1526 4
1527 22
1528 13
1529 23
1530 1
1531 2
1532 12
1533 13
1534 0
1535 22
1536 17
1537 15
1538 0
1539 2
1540 11
1541 0
1542 3
1543 34
1544 5
1545 1
1546 2
1547 2
1548 0
1549 2
1550 8
1551 23
1552 15
1553 3
1554 34
1555 11
1556 3
1557 1
1558 13
1559 0
1560 4
1561 4
1562 19
1563 6
1564 2
1565 13
1566 19
1567 2
1568 3
1569 1
1570 0
1571 14
1572 16
1573 1
1574 8
1575 3
1576 5
1577 2
1578 3
1579 23
1580 3
1581 10
1582 0
1583 3
1584 18
1585 2
1586 0
1587 15
1588 11
1589 21
1590 16
1591 0
1592 15
1593 9
1594 33
1595 11
1596 16
1597 10
