1 0
2 0
3 5
4 32
5 30
6 8
7 0
8 0
9 19
10 2
11 0
12 2
13 0
14 20
15 14
16 17
17 6
18 22
19 0
20 0
21 2
22 11
23 0
24 63
25 21
26 13
27 15
28 2
29 10
30 6
31 13
32 6
33 4
34 7
35 9
36 15
37 32
38 15
39 8
40 3
41 1
42 2
43 18
44 18
45 12
46 24
47 0
48 23
49 3
50 28
51 18
52 3
53 0
54 8
55 4
56 8
57 3
58 5
59 5
60 17
61 18
62 10
63 14
64 0
65 18
66 9
67 1
68 16
69 3
70 10
71 1
72 0
73 1
74 13
75 12
76 11
77 15
78 9
79 6
80 2
81 21
82 18
83 2
84 24
85 9
86 22
87 5
88 0
89 6
90 8
91 2
92 0
93 5
94 1
95 6
96 10
97 4
98 2
99 3
100 13
101 1
102 3
103 16
104 1
105 0
106 4
107 1
108 8
109 10
110 0
111 6
112 18
113 8
114 10
115 4
116 9
117 14
118 11
119 3
120 16
121 4
122 2
123 7
124 21
125 1
126 12
127 0
128 9
129 0
130 2
131 3
132 12
133 7
134 12
135 2
136 4
137 0
138 3
139 3
140 4
141 4
142 1
143 0
144 8
145 80
146 0
147 39
148 7
149 6
150 3
151 5
152 2
153 4
154 13
155 2
156 1
157 0
158 4
159 6
160 0
161 0
162 10
163 5
164 15
165 9
166 9
167 10
168 14
169 5
170 5
171 3
172 14
173 4
174 11
175 11
176 1
177 15
178 8
179 29
180 36
181 10
182 10
183 5
184 1
185 8
186 3
187 0
188 88
189 3
190 2
191 12
192 1
193 16
194 9
195 18
196 3
197 1
198 9
199 10
200 7
201 6
202 2
203 1
204 5
205 0
206 16
207 8
208 34
209 17
210 0
211 3
212 3
213 1
214 6
215 5
216 7
217 29
218 77
219 14
220 45
221 0
222 14
223 1
224 3
225 14
226 5
227 0
228 2
229 6
230 13
231 18
232 16
233 28
234 0
235 3
236 5
237 9
238 12
239 12
240 23
241 11
242 2
243 67
244 0
245 0
246 18
247 4
248 25
249 0
250 5
251 1
252 0
253 18
254 0
255 0
256 2
257 2
258 11
259 8
260 13
261 3
262 0
263 7
264 0
265 3
266 1
267 9
268 0
269 0
270 1
271 4
272 0
273 15
274 0
275 14
276 6
277 1
278 5
279 1
280 0
281 3
282 3
283 16
284 2
285 7
286 7
287 12
288 6
289 10
290 26
291 7
292 1
293 65
294 3
295 4
296 0
297 0
298 5
299 0
300 1
301 0
302 38
303 18
304 5
305 6
306 4
307 29
308 29
309 18
310 2
311 41
312 1
313 30
314 34
315 33
316 14
317 2
318 25
319 2
320 32
321 4
322 2
323 16
324 7
325 0
326 6
327 8
328 54
329 9
330 0
331 4
332 4
333 14
334 9
335 18
336 16
337 11
338 13
339 11
340 7
341 10
342 5
343 18
344 25
345 13
346 29
347 5
348 2
349 2
350 1
351 3
352 27
353 25
354 4
355 73
356 7
357 8
358 9
359 16
360 0
361 6
362 5
363 0
364 3
365 0
366 2
367 7
368 0
369 4
370 1
371 24
372 1
373 1
374 13
375 21
376 0
377 21
378 8
379 4
380 6
381 4
382 0
383 0
384 6
385 9
386 9
387 14
388 28
389 27
390 0
391 18
392 10
393 0
394 3
395 21
396 4
397 8
398 7
399 0
400 26
401 20
402 19
403 3
404 5
405 2
406 21
407 1
408 3
409 12
410 1
411 18
412 2
413 6
414 2
415 9
416 19
417 2
418 4
419 15
420 23
421 11
422 28
423 2
424 2
425 22
426 4
427 11
428 6
429 2
430 8
431 9
432 39
433 21
434 5
435 2
436 0
437 0
438 5
439 13
440 4
441 5
442 2
443 6
444 3
445 0
446 6
447 3
448 4
449 7
450 2
451 10
452 1
453 4
454 4
455 22
456 11
457 7
458 3
459 10
460 1
461 6
462 6
463 3
464 7
465 4
466 11
467 1
468 0
469 2
470 48
471 8
472 29
473 7
474 0
475 9
476 15
477 5
478 6
479 0
480 2
481 1
482 9
483 1
484 0
485 19
486 3
487 1
488 1
489 2
490 1
491 6
492 7
493 1
494 4
495 14
496 20
497 0
498 10
499 2
500 2
501 1
502 5
503 14
504 5
505 18
506 44
507 5
508 10
509 13
510 1
511 3
512 0
513 9
514 5
515 13
516 1
517 0
518 0
519 10
520 2
521 0
522 3
523 2
524 4
525 0
526 0
527 8
528 0
529 22
530 7
531 7
532 0
533 2
534 4
535 2
536 1
537 3
538 2
539 6
540 14
541 10
542 8
543 4
544 16
545 2
546 0
547 7
548 0
549 4
550 1
551 3
552 7
553 10
554 16
555 25
556 12
557 5
558 11
559 30
560 18
561 10
562 15
563 7
564 4
565 10
566 6
567 13
568 4
569 13
570 3
571 130
572 3
573 28
574 17
575 14
576 14
577 0
578 8
579 4
580 4
581 7
582 5
583 11
584 33
585 6
586 22
587 0
588 0
589 2
590 1
591 20
592 46
593 1
594 6
595 3
596 5
597 61
598 9
599 12
600 11
601 3
602 5
603 17
604 9
605 41
606 5
607 40
608 7
609 3
610 19
611 33
612 4
613 6
614 17
615 90
616 10
617 13
618 3
619 33
620 0
621 18
622 5
623 18
624 3
625 4
626 6
627 61
628 7
629 22
630 11
631 2
632 23
633 11
634 8
635 18
636 0
637 17
638 37
639 7
640 0
641 29
642 7
643 48
644 12
645 9
646 27
647 9
648 24
649 8
650 6
651 75
652 24
653 2
654 22
655 14
656 22
657 4
658 14
659 15
660 2
661 23
662 8
663 7
664 0
665 20
666 5
667 33
668 18
669 36
670 9
671 5
672 11
673 3
674 11
675 3
676 13
677 5
678 21
679 3
680 9
681 2
682 0
683 0
684 14
685 0
686 9
687 8
688 12
689 5
690 2
691 0
692 4
693 8
694 7
695 6
696 18
697 17
698 1
699 6
700 0
701 12
702 6
703 9
704 17
705 2
706 8
707 0
708 0
709 3
710 2
711 38
712 5
713 14
714 0
715 9
716 9
717 5
718 0
719 1
720 21
721 0
722 3
723 15
724 0
725 4
726 3
727 1
728 0
729 8
730 5
731 2
732 0
733 15
734 15
735 0
736 2
737 21
738 7
739 10
740 9
741 0
742 6
743 1
744 25
745 2
746 3
747 2
748 1
749 15
750 13
751 6
752 9
753 3
754 16
755 9
756 4
757 0
758 11
759 0
760 3
761 21
762 2
763 38
764 25
765 2
766 16
767 0
768 10
769 0
770 12
771 8
772 0
773 6
774 0
775 16
776 4
777 36
778 9
779 17
780 0
781 0
782 0
783 0
784 7
785 0
786 8
787 1
788 11
789 0
790 23
791 0
792 4
793 26
794 0
795 6
796 41
797 14
798 5
799 3
800 2
801 0
802 9
803 1
804 5
805 0
806 4
807 0
808 0
809 3
810 4
811 11
812 8
813 1
814 2
815 1
816 3
817 19
818 1
819 14
820 14
821 4
822 19
823 3
824 23
825 4
826 2
827 1
828 0
829 3
830 16
831 25
832 11
833 7
834 0
835 4
836 16
837 5
838 10
839 0
840 0
841 1
842 4
843 4
844 13
845 2
846 9
847 14
848 8
849 17
850 34
851 16
852 7
853 7
854 0
855 1
856 11
857 6
858 0
859 5
860 0
861 7
862 0
863 18
864 8
865 2
866 0
867 12
868 4
869 10
870 8
871 3
872 13
873 0
874 35
875 9
876 4
877 3
878 11
879 4
880 0
881 5
882 2
883 0
884 0
885 10
886 18
887 1
888 0
889 0
890 11
891 9
892 0
893 1
894 21
895 1
896 3
897 0
898 4
899 4
900 5
901 10
902 2
903 4
904 0
905 2
906 1
907 6
908 1
909 1
910 24
911 0
912 5
913 0
914 4
915 9
916 17
917 14
918 0
919 6
920 6
921 14
922 2
923 1
924 15
925 19
926 4
927 3
928 7
929 6
930 15
931 3
932 6
933 2
934 14
935 6
936 9
937 0
938 8
939 0
940 0
941 4
942 2
943 14
944 0
945 3
946 1
947 9
948 0
949 6
950 1
951 0
952 6
953 0
954 6
955 5
956 72
957 10
958 10
959 20
960 1
961 4
962 0
963 1
964 1
965 2
966 7
967 4
968 6
969 10
970 7
971 9
972 5
973 8
974 11
975 0
976 23
977 16
978 2
979 3
980 0
981 2
982 1
983 1
984 17
985 21
986 0
987 0
988 14
989 2
990 8
991 11
992 8
993 0
994 3
995 4
996 4
997 5
998 5
999 4
1000 4
1001 20
1002 10
1003 1
1004 23
1005 1
1006 15
1007 0
1008 24
1009 19
1010 15
1011 1
1012 38
1013 1
1014 15
1015 10
1016 3
1017 3
1018 7
1019 5
1020 1
1021 9
1022 1
1023 0
1024 0
1025 0
1026 2
1027 6
1028 8
1029 5
1030 0
1031 2
1032 9
1033 5
1034 15
1035 1
1036 2
1037 1
1038 3
1039 1
1040 4
1041 0
1042 4
1043 1
1044 26
1045 2
1046 20
1047 0
1048 14
1049 10
1050 0
1051 2
1052 6
1053 1
1054 10
1055 0
1056 2
1057 0
1058 14
1059 5
1060 4
1061 18
1062 0
1063 0
1064 42
1065 0
1066 5
1067 1
1068 1
1069 5
1070 0
1071 4
1072 0
1073 0
1074 7
1075 5
1076 11
1077 1
1078 26
1079 9
1080 7
1081 16
1082 45
1083 12
1084 14
1085 0
1086 1
1087 9
1088 6
1089 0
1090 15
1091 9
1092 0
1093 15
1094 12
1095 2
1096 5
1097 8
1098 14
1099 19
1100 0
1101 2
1102 1
1103 19
1104 17
1105 15
1106 38
1107 6
1108 6
1109 0
1110 0
1111 6
1112 0
1113 0
1114 0
1115 4
1116 1
1117 2
1118 3
1119 0
1120 14
1121 3
1122 2
1123 3
1124 13
1125 2
1126 7
1127 2
1128 2
1129 0
1130 10
1131 17
1132 4
1133 4
1134 0
1135 1
1136 1
1137 4
1138 0
1139 0
1140 3
1141 23
1142 1
1143 0
1144 4
1145 5
1146 4
1147 5
1148 16
1149 1
1150 5
1151 0
1152 13
1153 1
1154 5
1155 3
1156 20
1157 0
1158 10
1159 4
1160 0
1161 19
1162 0
1163 19
1164 4
1165 12
1166 21
1167 8
1168 9
1169 6
1170 10
1171 16
1172 12
1173 2
1174 17
1175 2
1176 0
1177 22
1178 1
1179 8
1180 34
1181 7
1182 4
1183 0
1184 12
1185 0
1186 4
1187 2
1188 1
1189 2
1190 0
1191 0
1192 13
1193 48
1194 1
1195 2
1196 10
1197 1
1198 0
1199 1
1200 6
1201 24
1202 1
1203 6
1204 3
1205 0
1206 2
1207 7
1208 12
1209 7
1210 17
1211 17
1212 1
1213 0
1214 0
1215 10
1216 4
1217 6
1218 3
1219 10
1220 0
1221 0
1222 26
1223 9
1224 9
1225 2
1226 0
1227 4
1228 0
1229 0
1230 3
1231 21
1232 1
1233 8
1234 0
1235 0
1236 5
1237 9
1238 12
1239 27
1240 10
1241 4
1242 8
1243 2
1244 3
1245 0
1246 3
1247 12
1248 10
1249 2
1250 11
1251 5
1252 0
1253 0
1254 4
1255 2
1256 2
1257 12
1258 0
1259 0
1260 11
1261 20
1262 1
1263 15
1264 5
1265 32
1266 14
1267 3
1268 0
1269 3
1270 0
1271 13
1272 2
1273 6
1274 3
1275 1
1276 0
1277 0
1278 10
1279 0
1280 1
1281 5
1282 0
1283 10
1284 1
1285 0
1286 12
1287 2
1288 10
1289 9
1290 0
1291 6
1292 35
1293 8
1294 6
1295 19
1296 3
1297 24
1298 7
1299 0
1300 27
1301 0
1302 5
1303 32
1304 3
1305 1
1306 5
1307 40
1308 0
1309 17
1310 1
1311 11
1312 5
1313 14
1314 9
1315 2
1316 0
1317 0
1318 7
1319 2
1320 17
1321 7
1322 0
1323 2
1324 0
1325 5
1326 11
1327 0
1328 3
1329 2
1330 20
1331 6
1332 0
1333 8
1334 11
1335 31
1336 4
1337 0
1338 12
1339 14
1340 7
1341 11
1342 4
1343 15
1344 13
1345 0
1346 3
1347 12
1348 9
1349 27
1350 20
1351 9
1352 17
1353 4
1354 0
1355 1
1356 1
1357 10
1358 0
1359 26
1360 6
1361 3
1362 2
1363 2
1364 14
1365 0
1366 27
1367 3
1368 34
1369 4
1370 4
1371 26
1372 5
1373 3
1374 1
1375 4
1376 2
1377 0
1378 4
1379 33
1380 7
1381 9
1382 11
1383 8
1384 1
1385 0
1386 6
1387 0
1388 2
1389 0
1390 7
1391 1
1392 0
1393 3
1394 15
1395 14
1396 11
1397 19
1398 1
1399 3
1400 2
1401 16
1402 10
1403 2
1404 16
1405 22
1406 0
1407 9
1408 0
1409 21
1410 11
1411 2
1412 3
1413 0
1414 7
1415 6
1416 9
1417 2
1418 8
1419 2
1420 1
1421 3
1422 6
1423 29
1424 4
1425 19
1426 0
1427 7
1428 21
1429 0
1430 14
1431 4
1432 5
1433 0
1434 0
1435 45
1436 5
1437 3
1438 0
1439 1
1440 6
1441 0
1442 1
1443 17
1444 5
1445 5
1446 9
1447 12
1448 2
1449 11
1450 18
1451 3
1452 4
1453 46
1454 11
1455 3
1456 4
1457 0
1458 2
1459 13
1460 5
1461 0
1462 5
1463 1
1464 1
1465 36
1466 4
1467 22
1468 10
1469 6
1470 7
1471 8
1472 15
1473 9
1474 9
1475 14
1476 17
1477 14
1478 2
1479 3
1480 10
1481 23
1482 6
1483 13
1484 6
1485 2
1486 6
1487 13
1488 0
1489 0
1490 16
1491 9
1492 0
1493 0
1494 0
1495 14
1496 6
1497 0
1498 14
1499 0
1500 1
1501 3
1502 0
1503 0
1504 11
1505 1
1506 1
1507 12
1508 12
1509 1
1510 7
1511 4
1512 5
1513 3
1514 1
1515 3
1516 3
1517 1
1518 0
1519 3
1520 6
1521 9
1522 28
1523 7
1524 3
1525 5
1526 0
1527 0
1528 31
1529 13
1530 3
1531 0
1532 1
1533 2
1534 0
1535 25
1536 56
1537 37
1538 1
1539 3
1540 4
1541 0
1542 1
1543 0
1544 0
1545 9
1546 1
1547 1
1548 3
1549 1
1550 2
1551 9
1552 1
1553 1
1554 2
1555 60
1556 0
1557 6
1558 0
1559 4
1560 3
1561 3
1562 46
1563 7
1564 1
1565 5
1566 1
1567 0
1568 0
1569 3
1570 0
1571 30
1572 18
1573 1
1574 5
1575 19
1576 0
1577 5
1578 1
1579 18
1580 2
1581 7
1582 1
1583 0
1584 1
1585 0
1586 9
1587 2
1588 1
1589 0
1590 4
1591 1
1592 25
1593 18
1594 9
1595 1
1596 50
1597 13
