1 0
2 0
3 5
4 19
5 13
6 21
7 0
8 5
9 22
10 0
11 0
12 8
13 3
14 3
15 9
16 9
17 9
18 29
19 25
20 1
21 3
22 31
23 26
24 116
25 44
26 13
27 10
28 11
29 8
30 11
31 59
32 13
33 12
34 29
35 66
36 18
37 39
38 83
39 124
40 28
41 32
42 38
43 101
44 25
45 25
46 6
47 0
48 44
49 10
50 77
51 54
52 17
53 5
54 57
55 13
56 45
57 15
58 66
59 52
60 118
61 123
62 160
63 9
64 3
65 67
66 34
67 5
68 22
69 37
70 25
71 4
72 117
73 26
74 52
75 96
76 28
77 30
78 19
79 34
80 34
81 45
82 18
83 34
84 50
85 48
86 36
87 29
88 9
89 41
90 33
91 27
92 8
93 33
94 27
95 15
96 22
97 18
98 4
99 23
100 6
101 34
102 10
103 36
104 2
105 12
106 18
107 12
108 53
109 17
110 11
111 10
112 96
113 13
114 90
115 14
116 48
117 37
118 43
119 28
120 70
121 21
122 5
123 52
124 68
125 8
126 40
127 2
128 39
129 0
130 4
131 6
132 17
133 16
134 18
135 14
136 13
137 7
138 22
139 2
140 23
141 28
142 13
143 7
144 36
145 19
146 89
147 19
148 19
149 22
150 5
151 15
152 15
153 47
154 49
155 8
156 26
157 7
158 35
159 22
160 4
161 7
162 3
163 28
164 3
165 5
166 33
167 16
168 14
169 11
170 7
171 24
172 8
173 12
174 30
175 37
176 77
177 78
178 38
179 55
180 92
181 75
182 20
183 40
184 12
185 13
186 11
187 15
188 38
189 23
190 38
191 72
192 111
193 11
194 20
195 23
196 20
197 11
198 6
199 50
200 30
201 10
202 37
203 17
204 22
205 19
206 51
207 31
208 105
209 103
210 17
211 29
212 36
213 29
214 20
215 16
216 24
217 44
218 41
219 65
220 14
221 15
222 149
223 81
224 68
225 65
226 24
227 79
228 14
229 41
230 25
231 26
232 40
233 80
234 21
235 68
236 20
237 51
238 37
239 67
240 22
241 41
242 20
243 40
244 11
245 26
246 60
247 8
248 10
249 20
250 8
251 16
252 25
253 21
254 95
255 71
256 22
257 27
258 41
259 61
260 87
261 44
262 0
263 97
264 11
265 88
266 3
267 104
268 56
269 24
270 34
271 35
272 6
273 61
274 9
275 66
276 10
277 9
278 65
279 8
280 25
281 73
282 21
283 19
284 8
285 28
286 17
287 44
288 22
289 3
290 66
291 47
292 22
293 27
294 27
295 19
296 1
297 18
298 27
299 16
300 14
301 19
302 17
303 18
304 33
305 19
306 18
307 150
308 92
309 30
310 34
311 21
312 21
313 35
314 81
315 34
316 20
317 7
318 32
319 16
320 22
321 24
322 56
323 53
324 33
325 3
326 20
327 58
328 28
329 17
330 10
331 2
332 24
333 56
334 39
335 24
336 31
337 53
338 30
339 41
340 23
341 44
342 31
343 60
344 60
345 17
346 107
347 14
348 15
349 5
350 8
351 44
352 40
353 22
354 29
355 74
356 55
357 14
358 25
359 42
360 4
361 62
362 23
363 8
364 14
365 24
366 13
367 38
368 10
369 35
370 19
371 134
372 8
373 22
374 31
375 17
376 2
377 39
378 29
379 14
380 15
381 37
382 25
383 11
384 21
385 66
386 14
387 147
388 14
389 33
390 14
391 77
392 35
393 17
394 24
395 31
396 7
397 15
398 12
399 6
400 20
401 49
402 24
403 23
404 13
405 20
406 13
407 5
408 20
409 12
410 24
411 15
412 9
413 15
414 27
415 50
416 22
417 8
418 53
419 30
420 26
421 55
422 12
423 21
424 18
425 27
426 16
427 53
428 22
429 9
430 18
431 45
432 19
433 22
434 6
435 16
436 36
437 14
438 12
439 13
440 24
441 33
442 55
443 8
444 20
445 5
446 11
447 16
448 28
449 20
450 17
451 12
452 46
453 38
454 49
455 30
456 16
457 17
458 27
459 49
460 15
461 13
462 28
463 61
464 19
465 9
466 66
467 16
468 3
469 16
470 50
471 40
472 13
473 28
474 5
475 48
476 40
477 24
478 15
479 20
480 7
481 12
482 17
483 4
484 3
485 16
486 12
487 11
488 4
489 12
490 11
491 10
492 9
493 17
494 3
495 11
496 16
497 14
498 22
499 26
500 15
501 8
502 13
503 18
504 10
505 3
506 10
507 7
508 11
509 11
510 11
511 4
512 6
513 28
514 50
515 66
516 9
517 6
518 3
519 6
520 13
521 33
522 32
523 54
524 1
525 1
526 1
527 1
528 5
529 3
530 6
531 5
532 2
533 4
534 7
535 3
536 37
537 7
538 12
539 72
540 52
541 4
542 13
543 26
544 38
545 7
546 9
547 13
548 10
549 72
550 68
551 12
552 53
553 7
554 32
555 16
556 29
557 38
558 51
559 42
560 24
561 24
562 29
563 34
564 10
565 7
566 4
567 7
568 13
569 9
570 5
571 20
572 15
573 113
574 25
575 23
576 13
577 10
578 14
579 60
580 32
581 14
582 16
583 38
584 17
585 14
586 14
587 12
588 14
589 26
590 13
591 45
592 33
593 23
594 11
595 24
596 34
597 75
598 76
599 30
600 7
601 12
602 22
603 9
604 27
605 47
606 24
607 29
608 29
609 16
610 18
611 61
612 12
613 17
614 67
615 44
616 18
617 19
618 22
619 25
620 13
621 15
622 53
623 22
624 20
625 14
626 60
627 127
628 9
629 28
630 24
631 23
632 52
633 48
634 51
635 11
636 9
637 57
638 104
639 21
640 11
641 19
642 32
643 69
644 25
645 47
646 28
647 44
648 59
649 69
650 23
651 49
652 60
653 17
654 38
655 22
656 12
657 4
658 13
659 48
660 34
661 19
662 38
663 38
664 18
665 18
666 33
667 67
668 53
669 119
670 28
671 46
672 13
673 45
674 27
675 23
676 43
677 22
678 22
679 37
680 28
681 14
682 19
683 40
684 31
685 17
686 45
687 35
688 13
689 34
690 14
691 23
692 31
693 56
694 47
695 20
696 87
697 51
698 31
699 59
700 32
701 16
702 17
703 13
704 53
705 16
706 51
707 23
708 18
709 51
710 58
711 144
712 2
713 4
714 25
715 63
716 36
717 27
718 7
719 16
720 14
721 6
722 19
723 52
724 36
725 12
726 16
727 22
728 15
729 22
730 35
731 25
732 48
733 11
734 39
735 5
736 32
737 32
738 41
739 33
740 18
741 14
742 40
743 49
744 72
745 21
746 22
747 32
748 37
749 20
750 44
751 23
752 35
753 38
754 68
755 11
756 17
757 20
758 7
759 14
760 22
761 62
762 15
763 52
764 39
765 53
766 30
767 12
768 121
769 30
770 36
771 12
772 15
773 68
774 7
775 78
776 17
777 24
778 29
779 27
780 11
781 3
782 29
783 3
784 11
785 7
786 18
787 28
788 54
789 15
790 14
791 4
792 4
793 39
794 6
795 17
796 29
797 45
798 17
799 10
800 7
801 17
802 29
803 30
804 35
805 20
806 20
807 0
808 13
809 12
810 34
811 26
812 24
813 3
814 32
815 27
816 10
817 39
818 12
819 23
820 48
821 17
822 25
823 18
824 8
825 57
826 22
827 10
828 18
829 30
830 56
831 33
832 30
833 17
834 8
835 33
836 16
837 43
838 14
839 13
840 22
841 11
842 5
843 12
844 12
845 9
846 20
847 77
848 38
849 32
850 25
851 20
852 22
853 8
854 10
855 23
856 27
857 11
858 16
859 8
860 13
861 34
862 12
863 28
864 9
865 45
866 12
867 42
868 15
869 22
870 19
871 31
872 33
873 14
874 57
875 8
876 20
877 13
878 87
879 23
880 16
881 17
882 17
883 10
884 18
885 6
886 13
887 28
888 36
889 16
890 34
891 12
892 8
893 6
894 3
895 23
896 6
897 13
898 21
899 21
900 22
901 9
902 4
903 6
904 10
905 4
906 8
907 5
908 18
909 2
910 4
911 4
912 18
913 4
914 23
915 5
916 34
917 3
918 11
919 21
920 3
921 14
922 2
923 8
924 61
925 11
926 11
927 3
928 31
929 5
930 20
931 27
932 3
933 8
934 6
935 5
936 18
937 2
938 52
939 12
940 2
941 16
942 16
943 2
944 7
945 8
946 14
947 16
948 10
949 7
950 9
951 5
952 9
953 17
954 21
955 15
956 36
957 49
958 59
959 50
960 10
961 4
962 9
963 20
964 37
965 14
966 38
967 10
968 9
969 2
970 16
971 30
972 69
973 11
974 63
975 38
976 27
977 66
978 11
979 10
980 3
981 11
982 9
983 24
984 6
985 25
986 25
987 11
988 94
989 4
990 44
991 42
992 54
993 15
994 5
995 9
996 14
997 45
998 24
999 6
1000 10
1001 17
1002 73
1003 4
1004 17
1005 33
1006 50
1007 28
1008 191
1009 91
1010 4
1011 2
1012 101
1013 7
1014 127
1015 69
1016 21
1017 22
1018 10
1019 36
1020 16
1021 51
1022 12
1023 4
1024 6
1025 10
1026 17
1027 20
1028 15
1029 27
1030 14
1031 6
1032 78
1033 17
1034 28
1035 34
1036 40
1037 7
1038 6
1039 14
1040 18
1041 4
1042 34
1043 4
1044 19
1045 28
1046 33
1047 5
1048 50
1049 5
1050 4
1051 62
1052 13
1053 13
1054 41
1055 10
1056 25
1057 1
1058 55
1059 25
1060 19
1061 25
1062 12
1063 6
1064 17
1065 12
1066 27
1067 3
1068 35
1069 25
1070 7
1071 15
1072 4
1073 8
1074 20
1075 16
1076 50
1077 19
1078 20
1079 6
1080 44
1081 53
1082 57
1083 20
1084 68
1085 9
1086 21
1087 48
1088 23
1089 8
1090 20
1091 25
1092 16
1093 6
1094 31
1095 17
1096 31
1097 22
1098 44
1099 54
1100 3
1101 12
1102 7
1103 87
1104 32
1105 132
1106 26
1107 56
1108 7
1109 8
1110 6
1111 26
1112 3
1113 6
1114 3
1115 4
1116 3
1117 16
1118 10
1119 12
1120 7
1121 8
1122 4
1123 7
1124 7
1125 19
1126 42
1127 1
1128 3
1129 9
1130 12
1131 85
1132 2
1133 5
1134 8
1135 7
1136 9
1137 5
1138 1
1139 1
1140 5
1141 13
1142 8
1143 12
1144 2
1145 2
1146 16
1147 6
1148 1
1149 8
1150 29
1151 15
1152 163
1153 12
1154 29
1155 14
1156 13
1157 8
1158 21
1159 59
1160 4
1161 15
1162 7
1163 4
1164 3
1165 0
1166 21
1167 4
1168 2
1169 2
1170 9
1171 5
1172 4
1173 0
1174 4
1175 5
1176 6
1177 22
1178 13
1179 23
1180 122
1181 10
1182 11
1183 0
1184 34
1185 11
1186 11
1187 105
1188 7
1189 34
1190 25
1191 30
1192 199
1193 14
1194 15
1195 8
1196 5
1197 24
1198 0
1199 105
1200 37
1201 52
1202 28
1203 14
1204 110
1205 5
1206 9
1207 20
1208 60
1209 22
1210 12
1211 23
1212 16
1213 4
1214 20
1215 19
1216 81
1217 37
1218 48
1219 108
1220 4
1221 14
1222 80
1223 52
1224 92
1225 36
1226 48
1227 47
1228 21
1229 20
1230 48
1231 133
1232 8
1233 108
1234 24
1235 34
1236 20
1237 9
1238 62
1239 88
1240 29
1241 39
1242 25
1243 42
1244 11
1245 24
1246 10
1247 118
1248 51
1249 9
1250 31
1251 58
1252 7
1253 17
1254 8
1255 40
1256 13
1257 45
1258 20
1259 45
1260 62
1261 111
1262 48
1263 35
1264 56
1265 94
1266 54
1267 75
1268 60
1269 8
1270 9
1271 24
1272 21
1273 45
1274 51
1275 14
1276 15
1277 19
1278 22
1279 15
1280 35
1281 20
1282 3
1283 11
1284 30
1285 28
1286 48
1287 13
1288 10
1289 17
1290 22
1291 59
1292 13
1293 67
1294 13
1295 56
1296 40
1297 121
1298 20
1299 26
1300 77
1301 5
1302 61
1303 217
1304 14
1305 15
1306 12
1307 95
1308 17
1309 24
1310 8
1311 17
1312 7
1313 12
1314 55
1315 6
1316 12
1317 11
1318 18
1319 4
1320 37
1321 32
1322 24
1323 24
1324 9
1325 21
1326 39
1327 13
1328 43
1329 3
1330 4
1331 1
1332 7
1333 11
1334 27
1335 37
1336 26
1337 10
1338 23
1339 42
1340 34
1341 13
1342 37
1343 20
1344 71
1345 14
1346 16
1347 13
1348 18
1349 59
1350 17
1351 21
1352 52
1353 43
1354 26
1355 29
1356 17
1357 18
1358 34
1359 45
1360 37
1361 18
1362 27
1363 14
1364 18
1365 25
1366 22
1367 21
1368 26
1369 45
1370 25
1371 38
1372 47
1373 33
1374 28
1375 22
1376 78
1377 23
1378 40
1379 88
1380 17
1381 30
1382 13
1383 12
1384 27
1385 13
1386 19
1387 13
1388 39
1389 6
1390 27
1391 10
1392 9
1393 13
1394 28
1395 27
1396 31
1397 18
1398 7
1399 5
1400 5
1401 10
1402 11
1403 15
1404 19
1405 30
1406 11
1407 39
1408 32
1409 23
1410 33
1411 9
1412 9
1413 15
1414 16
1415 33
1416 9
1417 13
1418 19
1419 11
1420 27
1421 2
1422 14
1423 17
1424 25
1425 27
1426 10
1427 17
1428 18
1429 24
1430 50
1431 22
1432 9
1433 6
1434 8
1435 16
1436 29
1437 28
1438 13
1439 11
1440 43
1441 14
1442 7
1443 39
1444 5
1445 17
1446 24
1447 23
1448 34
1449 26
1450 16
1451 31
1452 25
1453 54
1454 42
1455 23
1456 13
1457 19
1458 25
1459 22
1460 24
1461 12
1462 22
1463 17
1464 17
1465 38
1466 34
1467 54
1468 28
1469 65
1470 28
1471 43
1472 37
1473 25
1474 43
1475 21
1476 53
1477 31
1478 18
1479 34
1480 13
1481 15
1482 18
1483 18
1484 18
1485 8
1486 22
1487 144
1488 10
1489 17
1490 52
1491 3
1492 16
1493 8
1494 26
1495 72
1496 20
1497 6
1498 4
1499 22
1500 5
1501 9
1502 15
1503 17
1504 14
1505 11
1506 8
1507 7
1508 45
1509 11
1510 12
1511 23
1512 12
1513 15
1514 24
1515 17
1516 19
1517 8
1518 51
1519 10
1520 29
1521 23
1522 63
1523 129
1524 9
1525 30
1526 5
1527 61
1528 38
1529 26
1530 10
1531 19
1532 6
1533 1
1534 4
1535 79
1536 35
1537 29
1538 4
1539 20
1540 9
1541 3
1542 11
1543 6
1544 14
1545 17
1546 4
1547 6
1548 14
1549 12
1550 13
1551 8
1552 16
1553 29
1554 24
1555 17
1556 7
1557 15
1558 16
1559 6
1560 18
1561 28
1562 118
1563 9
1564 7
1565 22
1566 35
1567 4
1568 18
1569 5
1570 3
1571 7
1572 42
1573 4
1574 12
1575 15
1576 4
1577 73
1578 10
1579 6
1580 11
1581 14
1582 16
1583 48
1584 23
1585 13
1586 4
1587 17
1588 19
1589 7
1590 56
1591 2
1592 51
1593 20
1594 22
1595 58
1596 51
1597 11
