1 0
2 0
3 17
4 24
5 1
6 5
7 0
8 3
9 15
10 0
11 0
12 2
13 0
14 3
15 1
16 25
17 14
18 16
19 0
20 6
21 6
22 7
23 8
24 20
25 14
26 4
27 7
28 2
29 4
30 2
31 24
32 9
33 0
34 9
35 29
36 12
37 16
38 6
39 6
40 20
41 4
42 4
43 7
44 3
45 1
46 7
47 0
48 7
49 1
50 12
51 17
52 3
53 31
54 1
55 1
56 8
57 0
58 8
59 10
60 12
61 10
62 9
63 1
64 0
65 18
66 3
67 12
68 0
69 3
70 2
71 1
72 5
73 57
74 17
75 10
76 13
77 10
78 1
79 27
80 2
81 35
82 0
83 10
84 14
85 0
86 8
87 9
88 0
89 15
90 12
91 4
92 2
93 11
94 9
95 2
96 8
97 20
98 1
99 10
100 11
101 10
102 10
103 7
104 6
105 2
106 1
107 1
108 4
109 16
110 0
111 0
112 47
113 2
114 3
115 1
116 9
117 4
118 5
119 9
120 9
121 9
122 3
123 4
124 26
125 3
126 25
127 0
128 18
129 3
130 12
131 2
132 8
133 5
134 5
135 8
136 13
137 15
138 13
139 0
140 0
141 2
142 2
143 0
144 10
145 8
146 1
147 12
148 13
149 3
150 5
151 13
152 10
153 0
154 2
155 9
156 0
157 1
158 26
159 4
160 0
161 3
162 2
163 3
164 0
165 44
166 8
167 6
168 0
169 8
170 1
171 0
172 2
173 0
174 8
175 9
176 4
177 10
178 8
179 10
180 13
181 5
182 1
183 12
184 3
185 8
186 9
187 2
188 12
189 0
190 0
191 3
192 4
193 17
194 1
195 4
196 0
197 14
198 3
199 1
200 6
201 0
202 0
203 9
204 0
205 3
206 30
207 2
208 21
209 22
210 1
211 6
212 0
213 0
214 7
215 1
216 10
217 6
218 22
219 5
220 7
221 2
222 4
223 0
224 2
225 10
226 0
227 1
228 2
229 11
230 8
231 7
232 9
233 6
234 2
235 5
236 5
237 6
238 2
239 10
240 2
241 5
242 0
243 7
244 5
245 2
246 4
247 16
248 15
249 8
250 9
251 6
252 0
253 4
254 4
255 0
256 4
257 14
258 11
259 30
260 18
261 6
262 3
263 17
264 0
265 6
266 0
267 5
268 0
269 0
270 0
271 13
272 0
273 1
274 0
275 2
276 0
277 3
278 0
279 0
280 0
281 7
282 3
283 0
284 0
285 0
286 21
287 7
288 7
289 0
290 7
291 17
292 9
293 11
294 4
295 6
296 1
297 5
298 34
299 0
300 0
301 2
302 15
303 11
304 5
305 3
306 1
307 10
308 16
309 44
310 1
311 8
312 6
313 11
314 33
315 14
316 23
317 0
318 18
319 2
320 11
321 5
322 4
323 10
324 12
325 0
326 4
327 2
328 22
329 3
330 0
331 6
332 19
333 25
334 1
335 29
336 5
337 4
338 3
339 12
340 18
341 6
342 45
343 8
344 14
345 23
346 38
347 17
348 2
349 1
350 0
351 17
352 11
353 13
354 5
355 19
356 3
357 1
358 7
359 15
360 6
361 11
362 0
363 1
364 4
365 3
366 2
367 5
368 4
369 2
370 0
371 14
372 3
373 0
374 1
375 1
376 0
377 7
378 9
379 26
380 11
381 0
382 5
383 3
384 3
385 6
386 4
387 17
388 4
389 12
390 2
391 12
392 27
393 0
394 1
395 13
396 6
397 16
398 13
399 0
400 25
401 6
402 4
403 5
404 0
405 9
406 2
407 3
408 2
409 0
410 2
411 13
412 0
413 11
414 3
415 8
416 13
417 1
418 7
419 7
420 30
421 15
422 20
423 0
424 4
425 16
426 4
427 15
428 7
429 0
430 1
431 3
432 7
433 2
434 0
435 0
436 5
437 6
438 1
439 9
440 14
441 11
442 10
443 5
444 13
445 0
446 31
447 4
448 12
449 6
450 4
451 1
452 1
453 4
454 9
455 21
456 13
457 4
458 1
459 4
460 6
461 5
462 2
463 7
464 12
465 0
466 11
467 0
468 0
469 0
470 8
471 20
472 14
473 8
474 4
475 2
476 16
477 2
478 2
479 0
480 3
481 8
482 8
483 1
484 8
485 4
486 10
487 0
488 3
489 3
490 1
491 17
492 16
493 3
494 0
495 21
496 10
497 3
498 14
499 11
500 2
501 2
502 6
503 9
504 1
505 5
506 2
507 2
508 6
509 3
510 5
511 0
512 0
513 21
514 19
515 2
516 8
517 2
518 18
519 0
520 5
521 2
522 1
523 13
524 6
525 12
526 0
527 2
528 8
529 19
530 23
531 2
532 2
533 8
534 4
535 9
536 0
537 2
538 7
539 3
540 13
541 6
542 14
543 1
544 12
545 7
546 3
547 10
548 8
549 5
550 22
551 0
552 6
553 3
554 28
555 0
556 8
557 11
558 7
559 19
560 16
561 15
562 19
563 15
564 3
565 12
566 3
567 12
568 3
569 23
570 7
571 17
572 9
573 44
574 12
575 11
576 7
577 3
578 5
579 9
580 1
581 10
582 7
583 19
584 46
585 6
586 0
587 0
588 12
589 4
590 18
591 11
592 22
593 3
594 16
595 33
596 4
597 28
598 4
599 12
600 14
601 0
602 3
603 22
604 16
605 18
606 2
607 25
608 4
609 6
610 7
611 20
612 1
613 3
614 14
615 15
616 23
617 5
618 1
619 14
620 0
621 2
622 2
623 17
624 2
625 3
626 10
627 16
628 24
629 6
630 8
631 3
632 21
633 7
634 11
635 6
636 0
637 23
638 73
639 0
640 0
641 21
642 9
643 25
644 0
645 6
646 2
647 15
648 2
649 6
650 10
651 4
652 8
653 14
654 6
655 4
656 0
657 3
658 9
659 27
660 14
661 21
662 13
663 3
664 2
665 15
666 2
667 14
668 5
669 31
670 2
671 10
672 21
673 30
674 3
675 4
676 24
677 13
678 16
679 7
680 10
681 3
682 23
683 4
684 10
685 0
686 8
687 2
688 6
689 24
690 3
691 0
692 13
693 1
694 18
695 9
696 5
697 14
698 4
699 6
700 2
701 4
702 10
703 14
704 15
705 1
706 19
707 0
708 0
709 3
710 4
711 24
712 8
713 13
714 1
715 10
716 9
717 2
718 0
719 1
720 0
721 0
722 2
723 5
724 2
725 2
726 12
727 3
728 0
729 33
730 9
731 2
732 1
733 22
734 33
735 0
736 7
737 4
738 1
739 4
740 6
741 1
742 11
743 1
744 13
745 0
746 2
747 0
748 1
749 5
750 6
751 13
752 4
753 4
754 7
755 10
756 10
757 5
758 12
759 0
760 1
761 10
762 0
763 30
764 10
765 8
766 2
767 0
768 16
769 1
770 0
771 0
772 0
773 1
774 0
775 15
776 1
777 23
778 3
779 19
780 0
781 0
782 8
783 0
784 9
785 6
786 7
787 2
788 5
789 1
790 14
791 1
792 0
793 9
794 0
795 17
796 13
797 7
798 8
799 4
800 2
801 0
802 17
803 8
804 5
805 6
806 1
807 4
808 0
809 1
810 1
811 5
812 4
813 1
814 5
815 10
816 1
817 13
818 3
819 2
820 5
821 1
822 23
823 1
824 0
825 5
826 1
827 4
828 0
829 2
830 7
831 13
832 63
833 3
834 1
835 6
836 17
837 23
838 7
839 0
840 0
841 0
842 6
843 7
844 12
845 2
846 21
847 11
848 9
849 12
850 1
851 5
852 0
853 2
854 5
855 0
856 6
857 6
858 2
859 2
860 0
861 4
862 5
863 10
864 4
865 4
866 11
867 19
868 0
869 6
870 6
871 18
872 14
873 1
874 14
875 3
876 4
877 1
878 39
879 1
880 0
881 18
882 1
883 1
884 8
885 8
886 2
887 9
888 14
889 0
890 6
891 0
892 0
893 1
894 3
895 5
896 15
897 0
898 13
899 2
900 3
901 7
902 11
903 3
904 0
905 3
906 1
907 1
908 14
909 0
910 0
911 1
912 2
913 10
914 3
915 0
916 44
917 8
918 0
919 5
920 3
921 2
922 0
923 8
924 15
925 19
926 4
927 2
928 14
929 4
930 4
931 7
932 7
933 3
934 7
935 2
936 6
937 0
938 15
939 4
940 1
941 4
942 5
943 5
944 0
945 6
946 6
947 3
948 2
949 4
950 6
951 2
952 12
953 0
954 2
955 1
956 31
957 8
958 10
959 9
960 8
961 3
962 0
963 0
964 4
965 1
966 3
967 2
968 0
969 0
970 7
971 1
972 9
973 0
974 9
975 0
976 11
977 12
978 4
979 0
980 0
981 0
982 0
983 2
984 8
985 19
986 6
987 23
988 12
989 0
990 14
991 5
992 10
993 4
994 7
995 0
996 4
997 8
998 14
999 3
1000 4
1001 10
1002 16
1003 0
1004 24
1005 2
1006 17
1007 1
1008 14
1009 15
1010 1
1011 0
1012 15
1013 6
1014 0
1015 14
1016 5
1017 11
1018 9
1019 5
1020 1
1021 16
1022 3
1023 1
1024 5
1025 1
1026 0
1027 1
1028 2
1029 5
1030 3
1031 3
1032 3
1033 15
1034 8
1035 37
1036 10
1037 4
1038 0
1039 3
1040 0
1041 0
1042 5
1043 3
1044 6
1045 31
1046 4
1047 2
1048 6
1049 2
1050 0
1051 2
1052 21
1053 14
1054 4
1055 3
1056 0
1057 0
1058 16
1059 13
1060 0
1061 9
1062 0
1063 0
1064 16
1065 0
1066 10
1067 11
1068 16
1069 13
1070 3
1071 4
1072 0
1073 8
1074 11
1075 8
1076 6
1077 17
1078 1
1079 5
1080 16
1081 7
1082 24
1083 13
1084 3
1085 0
1086 2
1087 7
1088 2
1089 3
1090 3
1091 25
1092 0
1093 3
1094 34
1095 9
1096 11
1097 16
1098 24
1099 20
1100 7
1101 2
1102 11
1103 8
1104 17
1105 11
1106 10
1107 11
1108 0
1109 13
1110 0
1111 11
1112 0
1113 5
1114 7
1115 2
1116 13
1117 4
1118 0
1119 0
1120 5
1121 1
1122 2
1123 7
1124 8
1125 4
1126 33
1127 5
1128 0
1129 2
1130 9
1131 14
1132 1
1133 3
1134 3
1135 11
1136 0
1137 0
1138 18
1139 0
1140 0
1141 0
1142 17
1143 20
1144 7
1145 4
1146 10
1147 9
1148 7
1149 8
1150 8
1151 13
1152 17
1153 2
1154 5
1155 6
1156 3
1157 0
1158 2
1159 14
1160 8
1161 4
1162 0
1163 11
1164 20
1165 11
1166 19
1167 4
1168 6
1169 31
1170 3
1171 1
1172 13
1173 10
1174 24
1175 5
1176 0
1177 11
1178 16
1179 8
1180 20
1181 16
1182 21
1183 14
1184 4
1185 0
1186 9
1187 5
1188 0
1189 4
1190 2
1191 1
1192 6
1193 15
1194 0
1195 0
1196 0
1197 0
1198 0
1199 10
1200 6
1201 21
1202 1
1203 0
1204 4
1205 4
1206 2
1207 3
1208 11
1209 0
1210 1
1211 7
1212 9
1213 1
1214 1
1215 3
1216 6
1217 4
1218 0
1219 13
1220 0
1221 0
1222 6
1223 4
1224 17
1225 1
1226 0
1227 3
1228 2
1229 0
1230 14
1231 32
1232 0
1233 21
1234 0
1235 4
1236 3
1237 2
1238 7
1239 5
1240 1
1241 1
1242 9
1243 1
1244 0
1245 0
1246 2
1247 13
1248 4
1249 6
1250 7
1251 27
1252 0
1253 9
1254 0
1255 5
1256 0
1257 3
1258 9
1259 2
1260 6
1261 6
1262 6
1263 7
1264 6
1265 5
1266 7
1267 10
1268 0
1269 0
1270 0
1271 0
1272 8
1273 1
1274 1
1275 1
1276 0
1277 3
1278 12
1279 0
1280 1
1281 13
1282 0
1283 9
1284 1
1285 4
1286 9
1287 0
1288 3
1289 5
1290 0
1291 0
1292 8
1293 5
1294 4
1295 16
1296 5
1297 14
1298 2
1299 6
1300 35
1301 0
1302 0
1303 31
1304 6
1305 2
1306 0
1307 15
1308 0
1309 12
1310 2
1311 7
1312 1
1313 0
1314 3
1315 1
1316 0
1317 2
1318 3
1319 2
1320 10
1321 1
1322 0
1323 6
1324 0
1325 20
1326 16
1327 0
1328 16
1329 0
1330 10
1331 0
1332 0
1333 3
1334 6
1335 4
1336 9
1337 0
1338 16
1339 34
1340 5
1341 0
1342 4
1343 3
1344 8
1345 2
1346 5
1347 1
1348 0
1349 2
1350 12
1351 1
1352 12
1353 4
1354 0
1355 2
1356 2
1357 9
1358 0
1359 16
1360 4
1361 6
1362 4
1363 3
1364 4
1365 0
1366 5
1367 3
1368 4
1369 17
1370 28
1371 0
1372 1
1373 2
1374 8
1375 4
1376 22
1377 0
1378 11
1379 21
1380 1
1381 8
1382 5
1383 3
1384 3
1385 0
1386 12
1387 0
1388 5
1389 2
1390 4
1391 0
1392 0
1393 0
1394 9
1395 24
1396 2
1397 5
1398 0
1399 1
1400 4
1401 5
1402 0
1403 2
1404 22
1405 18
1406 1
1407 33
1408 0
1409 9
1410 11
1411 2
1412 7
1413 3
1414 6
1415 0
1416 0
1417 3
1418 3
1419 0
1420 2
1421 0
1422 8
1423 21
1424 1
1425 16
1426 2
1427 10
1428 2
1429 0
1430 14
1431 6
1432 5
1433 1
1434 0
1435 9
1436 17
1437 3
1438 4
1439 10
1440 4
1441 3
1442 0
1443 7
1444 6
1445 9
1446 0
1447 6
1448 13
1449 17
1450 12
1451 1
1452 1
1453 1
1454 1
1455 9
1456 5
1457 0
1458 2
1459 1
1460 3
1461 0
1462 5
1463 0
1464 1
1465 17
1466 27
1467 11
1468 6
1469 6
1470 6
1471 3
1472 10
1473 9
1474 6
1475 24
1476 14
1477 7
1478 2
1479 8
1480 6
1481 6
1482 10
1483 0
1484 1
1485 5
1486 5
1487 29
1488 0
1489 0
1490 12
1491 26
1492 7
1493 0
1494 1
1495 15
1496 2
1497 8
1498 8
1499 0
1500 2
1501 5
1502 0
1503 1
1504 2
1505 1
1506 1
1507 26
1508 8
1509 7
1510 12
1511 33
1512 10
1513 1
1514 4
1515 0
1516 2
1517 3
1518 2
1519 7
1520 11
1521 14
1522 15
1523 13
1524 0
1525 72
1526 6
1527 0
1528 7
1529 1
1530 1
1531 0
1532 4
1533 0
1534 0
1535 68
1536 4
1537 11
1538 2
1539 5
1540 0
1541 0
1542 0
1543 1
1544 0
1545 6
1546 2
1547 0
1548 2
1549 1
1550 0
1551 1
1552 8
1553 0
1554 32
1555 7
1556 1
1557 1
1558 2
1559 2
1560 1
1561 4
1562 18
1563 2
1564 5
1565 1
1566 13
1567 0
1568 0
1569 3
1570 2
1571 38
1572 16
1573 1
1574 2
1575 3
1576 0
1577 0
1578 4
1579 15
1580 1
1581 1
1582 2
1583 5
1584 18
1585 0
1586 3
1587 4
1588 1
1589 5
1590 12
1591 4
1592 17
1593 11
1594 7
1595 0
1596 35
1597 7
