1 0
2 0
3 4
4 28
5 26
6 21
7 0
8 2
9 6
10 0
11 2
12 2
13 3
14 0
15 4
16 13
17 13
18 11
19 85
20 0
21 5
22 49
23 35
24 44
25 24
26 13
27 11
28 42
29 7
30 3
31 36
32 10
33 10
34 20
35 37
36 50
37 45
38 12
39 32
40 25
41 59
42 40
43 13
44 1
45 13
46 47
47 0
48 13
49 4
50 43
51 13
52 25
53 9
54 6
55 36
56 23
57 14
58 51
59 70
60 20
61 54
62 43
63 8
64 30
65 33
66 19
67 3
68 28
69 10
70 36
71 2
72 49
73 45
74 19
75 20
76 24
77 39
78 4
79 22
80 72
81 39
82 0
83 38
84 14
85 29
86 35
87 5
88 1
89 20
90 26
91 4
92 0
93 13
94 7
95 25
96 7
97 7
98 24
99 7
100 11
101 4
102 8
103 56
104 1
105 0
106 40
107 2
108 23
109 7
110 9
111 2
112 36
113 14
114 19
115 3
116 7
117 24
118 23
119 4
120 28
121 13
122 12
123 36
124 37
125 7
126 26
127 2
128 24
129 43
130 38
131 33
132 42
133 13
134 24
135 60
136 39
137 18
138 47
139 13
140 26
141 19
142 0
143 2
144 65
145 40
146 28
147 46
148 48
149 4
150 8
151 14
152 15
153 31
154 12
155 1
156 12
157 0
158 10
159 68
160 5
161 5
162 36
163 23
164 2
165 38
166 23
167 5
168 4
169 25
170 4
171 12
172 29
173 0
174 12
175 37
176 4
177 22
178 6
179 35
180 14
181 15
182 15
183 18
184 6
185 34
186 5
187 0
188 30
189 3
190 10
191 36
192 2
193 16
194 7
195 5
196 8
197 13
198 12
199 32
200 24
201 13
202 2
203 4
204 2
205 1
206 54
207 14
208 14
209 24
210 16
211 11
212 7
213 0
214 53
215 7
216 0
217 14
218 9
219 47
220 23
221 0
222 12
223 7
224 49
225 14
226 2
227 2
228 6
229 14
230 5
231 8
232 22
233 26
234 0
235 2
236 6
237 5
238 9
239 27
240 22
241 21
242 3
243 46
244 1
245 10
246 74
247 14
248 28
249 3
250 8
251 7
252 25
253 13
254 67
255 7
256 6
257 16
258 26
259 62
260 14
261 26
262 0
263 33
264 1
265 28
266 9
267 53
268 43
269 0
270 4
271 39
272 30
273 2
274 0
275 37
276 8
277 2
278 3
279 3
280 0
281 3
282 3
283 24
284 13
285 3
286 8
287 18
288 35
289 0
290 12
291 12
292 2
293 39
294 0
295 10
296 12
297 0
298 16
299 1
300 4
301 12
302 9
303 48
304 16
305 9
306 0
307 63
308 52
309 7
310 0
311 29
312 7
313 11
314 15
315 5
316 24
317 0
318 26
319 1
320 17
321 12
322 8
323 12
324 10
325 22
326 1
327 15
328 49
329 0
330 2
331 2
332 49
333 24
334 20
335 19
336 6
337 19
338 0
339 13
340 2
341 30
342 29
343 9
344 39
345 44
346 14
347 21
348 0
349 4
350 6
351 16
352 10
353 29
354 2
355 36
356 19
357 2
358 46
359 4
360 7
361 17
362 12
363 0
364 7
365 7
366 2
367 12
368 0
369 3
370 12
371 33
372 5
373 4
374 6
375 2
376 11
377 18
378 70
379 27
380 6
381 33
382 3
383 5
384 36
385 64
386 20
387 18
388 3
389 25
390 1
391 60
392 8
393 11
394 2
395 56
396 2
397 57
398 25
399 0
400 26
401 21
402 7
403 11
404 8
405 2
406 22
407 17
408 5
409 10
410 3
411 3
412 0
413 2
414 11
415 47
416 19
417 5
418 19
419 13
420 17
421 18
422 23
423 0
424 2
425 8
426 3
427 26
428 17
429 3
430 4
431 1
432 14
433 26
434 0
435 13
436 2
437 0
438 3
439 41
440 19
441 7
442 7
443 43
444 6
445 0
446 3
447 3
448 15
449 5
450 4
451 8
452 0
453 20
454 13
455 18
456 41
457 36
458 7
459 10
460 2
461 10
462 9
463 26
464 34
465 1
466 25
467 1
468 7
469 1
470 46
471 20
472 39
473 41
474 0
475 24
476 8
477 15
478 6
479 0
480 8
481 16
482 3
483 3
484 2
485 9
486 2
487 11
488 2
489 2
490 0
491 12
492 3
493 9
494 23
495 8
496 4
497 6
498 73
499 9
500 8
501 3
502 9
503 16
504 3
505 3
506 10
507 5
508 8
509 12
510 3
511 7
512 4
513 7
514 6
515 10
516 18
517 10
518 5
519 7
520 6
521 15
522 8
523 39
524 28
525 3
526 45
527 9
528 6
529 1
530 6
531 4
532 8
533 5
534 1
535 7
536 4
537 23
538 24
539 19
540 31
541 2
542 1
543 0
544 16
545 5
546 0
547 7
548 6
549 9
550 11
551 8
552 11
553 38
554 71
555 0
556 15
557 15
558 36
559 45
560 35
561 34
562 24
563 3
564 4
565 3
566 46
567 13
568 8
569 15
570 9
571 11
572 65
573 100
574 20
575 5
576 8
577 2
578 6
579 10
580 16
581 18
582 6
583 8
584 9
585 21
586 33
587 24
588 1
589 1
590 7
591 28
592 36
593 15
594 42
595 42
596 48
597 23
598 20
599 5
600 26
601 1
602 11
603 16
604 9
605 10
606 14
607 27
608 24
609 3
610 40
611 20
612 5
613 0
614 36
615 93
616 14
617 8
618 0
619 17
620 1
621 17
622 16
623 26
624 32
625 6
626 3
627 48
628 32
629 22
630 27
631 12
632 17
633 12
634 13
635 25
636 0
637 28
638 10
639 5
640 0
641 40
642 24
643 96
644 3
645 16
646 20
647 23
648 15
649 7
650 4
651 21
652 1
653 5
654 37
655 23
656 17
657 3
658 42
659 4
660 40
661 20
662 9
663 12
664 11
665 13
666 10
667 24
668 9
669 35
670 10
671 14
672 9
673 27
674 9
675 34
676 15
677 12
678 11
679 16
680 8
681 13
682 42
683 7
684 25
685 1
686 45
687 15
688 4
689 24
690 0
691 0
692 5
693 0
694 1
695 10
696 7
697 21
698 26
699 37
700 3
701 4
702 15
703 8
704 33
705 5
706 17
707 10
708 3
709 4
710 29
711 47
712 4
713 13
714 1
715 28
716 17
717 5
718 1
719 19
720 1
721 0
722 3
723 82
724 3
725 16
726 9
727 4
728 5
729 7
730 19
731 6
732 0
733 18
734 28
735 2
736 3
737 19
738 16
739 19
740 0
741 2
742 30
743 5
744 9
745 13
746 11
747 9
748 10
749 23
750 57
751 6
752 1
753 1
754 25
755 10
756 31
757 12
758 7
759 32
760 21
761 22
762 31
763 21
764 11
765 12
766 20
767 2
768 26
769 5
770 0
771 6
772 5
773 15
774 1
775 31
776 2
777 58
778 11
779 53
780 9
781 0
782 2
783 31
784 7
785 74
786 17
787 11
788 16
789 11
790 4
791 20
792 0
793 12
794 3
795 8
796 49
797 30
798 15
799 7
800 0
801 26
802 46
803 31
804 9
805 1
806 17
807 10
808 0
809 8
810 2
811 72
812 36
813 4
814 10
815 14
816 7
817 10
818 34
819 42
820 22
821 2
822 8
823 2
824 12
825 29
826 8
827 7
828 2
829 8
830 19
831 34
832 31
833 8
834 4
835 24
836 40
837 62
838 41
839 1
840 7
841 1
842 14
843 5
844 26
845 4
846 7
847 28
848 15
849 20
850 17
851 18
852 1
853 4
854 1
855 5
856 10
857 47
858 3
859 7
860 2
861 28
862 0
863 7
864 3
865 11
866 4
867 24
868 6
869 4
870 20
871 35
872 13
873 0
874 19
875 12
876 0
877 6
878 65
879 24
880 10
881 5
882 1
883 9
884 20
885 34
886 4
887 15
888 12
889 1
890 32
891 4
892 4
893 17
894 10
895 4
896 8
897 1
898 13
899 8
900 33
901 29
902 14
903 3
904 4
905 1
906 1
907 5
908 12
909 2
910 3
911 0
912 6
913 16
914 2
915 11
916 10
917 21
918 1
919 4
920 10
921 9
922 9
923 10
924 12
925 6
926 3
927 14
928 4
929 1
930 9
931 8
932 3
933 8
934 4
935 6
936 19
937 0
938 56
939 1
940 1
941 4
942 8
943 2
944 1
945 9
946 3
947 8
948 3
949 15
950 0
951 2
952 9
953 4
954 7
955 4
956 56
957 25
958 20
959 39
960 3
961 4
962 4
963 2
964 2
965 13
966 9
967 18
968 7
969 0
970 19
971 56
972 38
973 5
974 10
975 14
976 16
977 49
978 1
979 3
980 4
981 6
982 2
983 18
984 2
985 27
986 18
987 5
988 77
989 8
990 36
991 60
992 55
993 8
994 121
995 23
996 33
997 21
998 32
999 1
1000 2
1001 12
1002 43
1003 2
1004 18
1005 20
1006 33
1007 4
1008 23
1009 40
1010 1
1011 7
1012 42
1013 5
1014 21
1015 11
1016 14
1017 13
1018 2
1019 25
1020 5
1021 12
1022 0
1023 2
1024 0
1025 9
1026 58
1027 12
1028 2
1029 10
1030 20
1031 4
1032 21
1033 6
1034 4
1035 9
1036 16
1037 19
1038 29
1039 24
1040 6
1041 0
1042 22
1043 7
1044 3
1045 15
1046 4
1047 2
1048 50
1049 0
1050 4
1051 10
1052 16
1053 14
1054 11
1055 7
1056 16
1057 0
1058 20
1059 12
1060 6
1061 17
1062 10
1063 1
1064 84
1065 5
1066 6
1067 0
1068 9
1069 13
1070 1
1071 12
1072 2
1073 11
1074 9
1075 15
1076 23
1077 12
1078 44
1079 4
1080 42
1081 14
1082 35
1083 36
1084 9
1085 2
1086 3
1087 16
1088 12
1089 0
1090 41
1091 10
1092 9
1093 12
1094 19
1095 1
1096 21
1097 12
1098 39
1099 10
1100 3
1101 10
1102 22
1103 20
1104 19
1105 15
1106 17
1107 9
1108 41
1109 9
1110 0
1111 10
1112 29
1113 10
1114 2
1115 27
1116 6
1117 35
1118 10
1119 0
1120 6
1121 5
1122 3
1123 3
1124 5
1125 5
1126 33
1127 8
1128 50
1129 0
1130 14
1131 46
1132 5
1133 51
1134 5
1135 1
1136 0
1137 3
1138 15
1139 2
1140 4
1141 10
1142 7
1143 6
1144 0
1145 0
1146 25
1147 3
1148 2
1149 15
1150 7
1151 7
1152 77
1153 1
1154 47
1155 51
1156 45
1157 0
1158 5
1159 17
1160 4
1161 10
1162 21
1163 10
1164 4
1165 1
1166 25
1167 6
1168 6
1169 3
1170 9
1171 0
1172 11
1173 10
1174 8
1175 10
1176 2
1177 16
1178 5
1179 10
1180 9
1181 6
1182 6
1183 76
1184 25
1185 24
1186 52
1187 14
1188 0
1189 22
1190 26
1191 41
1192 30
1193 10
1194 15
1195 10
1196 63
1197 96
1198 34
1199 18
1200 9
1201 26
1202 15
1203 18
1204 83
1205 21
1206 0
1207 12
1208 27
1209 10
1210 9
1211 53
1212 4
1213 0
1214 24
1215 13
1216 47
1217 34
1218 73
1219 35
1220 3
1221 3
1222 48
1223 24
1224 10
1225 3
1226 8
1227 1
1228 9
1229 31
1230 30
1231 65
1232 3
1233 25
1234 20
1235 39
1236 3
1237 3
1238 23
1239 34
1240 3
1241 10
1242 14
1243 4
1244 21
1245 0
1246 8
1247 66
1248 6
1249 16
1250 2
1251 29
1252 1
1253 18
1254 5
1255 32
1256 4
1257 48
1258 14
1259 17
1260 9
1261 15
1262 28
1263 29
1264 16
1265 14
1266 10
1267 18
1268 10
1269 0
1270 2
1271 9
1272 54
1273 11
1274 19
1275 76
1276 29
1277 12
1278 43
1279 5
1280 16
1281 20
1282 12
1283 23
1284 39
1285 1
1286 12
1287 4
1288 22
1289 10
1290 8
1291 24
1292 33
1293 18
1294 2
1295 30
1296 7
1297 21
1298 31
1299 11
1300 54
1301 0
1302 3
1303 13
1304 2
1305 1
1306 4
1307 32
1308 25
1309 9
1310 9
1311 67
1312 12
1313 21
1314 11
1315 9
1316 23
1317 2
1318 34
1319 2
1320 20
1321 18
1322 2
1323 6
1324 9
1325 1
1326 21
1327 1
1328 26
1329 2
1330 20
1331 0
1332 0
1333 34
1334 13
1335 69
1336 32
1337 18
1338 8
1339 27
1340 3
1341 10
1342 14
1343 5
1344 17
1345 12
1346 4
1347 14
1348 0
1349 22
1350 46
1351 12
1352 22
1353 7
1354 7
1355 2
1356 14
1357 19
1358 4
1359 32
1360 14
1361 2
1362 1
1363 11
1364 18
1365 13
1366 29
1367 6
1368 13
1369 8
1370 27
1371 33
1372 5
1373 7
1374 16
1375 5
1376 43
1377 5
1378 2
1379 16
1380 6
1381 40
1382 58
1383 17
1384 11
1385 5
1386 66
1387 11
1388 38
1389 2
1390 21
1391 0
1392 6
1393 4
1394 11
1395 12
1396 16
1397 6
1398 0
1399 70
1400 26
1401 10
1402 3
1403 3
1404 13
1405 34
1406 2
1407 25
1408 2
1409 13
1410 16
1411 2
1412 9
1413 8
1414 20
1415 8
1416 3
1417 0
1418 12
1419 13
1420 10
1421 0
1422 46
1423 14
1424 5
1425 33
1426 2
1427 5
1428 4
1429 12
1430 14
1431 7
1432 15
1433 0
1434 3
1435 36
1436 9
1437 0
1438 36
1439 27
1440 8
1441 1
1442 6
1443 18
1444 2
1445 20
1446 0
1447 12
1448 10
1449 54
1450 43
1451 0
1452 18
1453 23
1454 10
1455 7
1456 9
1457 0
1458 1
1459 51
1460 13
1461 3
1462 0
1463 0
1464 9
1465 29
1466 27
1467 28
1468 7
1469 24
1470 10
1471 20
1472 55
1473 21
1474 29
1475 21
1476 20
1477 13
1478 0
1479 4
1480 20
1481 47
1482 12
1483 10
1484 11
1485 3
1486 25
1487 29
1488 0
1489 5
1490 18
1491 7
1492 2
1493 1
1494 7
1495 32
1496 12
1497 1
1498 2
1499 0
1500 10
1501 4
1502 5
1503 0
1504 5
1505 4
1506 3
1507 7
1508 30
1509 5
1510 4
1511 14
1512 8
1513 5
1514 8
1515 1
1516 2
1517 2
1518 9
1519 2
1520 6
1521 4
1522 23
1523 14
1524 1
1525 25
1526 5
1527 3
1528 29
1529 7
1530 1
1531 0
1532 0
1533 8
1534 0
1535 48
1536 9
1537 14
1538 0
1539 0
1540 1
1541 0
1542 2
1543 4
1544 1
1545 0
1546 4
1547 44
1548 6
1549 0
1550 4
1551 20
1552 5
1553 0
1554 16
1555 6
1556 0
1557 13
1558 0
1559 1
1560 2
1561 9
1562 28
1563 3
1564 11
1565 7
1566 7
1567 4
1568 3
1569 0
1570 7
1571 5
1572 18
1573 0
1574 2
1575 28
1576 88
1577 30
1578 22
1579 16
1580 1
1581 11
1582 5
1583 20
1584 24
1585 0
1586 1
1587 4
1588 3
1589 3
1590 9
1591 17
1592 24
1593 14
1594 14
1595 33
1596 17
1597 5
