1 0
2 1
3 4
4 7
5 9
6 5
7 0
8 15
9 1
10 0
11 0
12 13
13 0
14 0
15 5
16 14
17 27
18 19
19 0
20 0
21 3
22 0
23 0
24 4
25 2
26 6
27 3
28 0
29 0
30 0
31 3
32 1
33 2
34 2
35 17
36 0
37 18
38 7
39 0
40 0
41 0
42 0
43 5
44 0
45 4
46 1
47 0
48 18
49 0
50 5
51 7
52 3
53 5
54 3
55 0
56 2
57 0
58 17
59 22
60 1
61 5
62 8
63 2
64 0
65 1
66 2
67 1
68 0
69 20
70 1
71 0
72 19
73 4
74 15
75 10
76 6
77 23
78 15
79 3
80 17
81 11
82 5
83 7
84 11
85 7
86 5
87 6
88 0
89 0
90 11
91 6
92 1
93 18
94 6
95 8
96 12
97 7
98 0
99 7
100 3
101 13
102 3
103 23
104 2
105 1
106 1
107 0
108 4
109 5
110 0
111 1
112 25
113 9
114 0
115 6
116 5
117 6
118 4
119 0
120 23
121 1
122 8
123 5
124 22
125 4
126 11
127 3
128 5
129 14
130 0
131 5
132 8
133 6
134 0
135 0
136 1
137 1
138 5
139 2
140 1
141 1
142 0
143 0
144 1
145 3
146 1
147 21
148 4
149 0
150 1
151 1
152 2
153 1
154 0
155 3
156 0
157 0
158 2
159 3
160 0
161 0
162 0
163 1
164 0
165 2
166 0
167 1
168 2
169 3
170 2
171 0
172 1
173 0
174 0
175 2
176 0
177 3
178 0
179 3
180 5
181 3
182 0
183 3
184 0
185 2
186 11
187 0
188 9
189 0
190 3
191 1
192 0
193 7
194 0
195 7
196 0
197 0
198 0
199 0
200 1
201 1
202 0
203 0
204 2
205 7
206 3
207 0
208 4
209 3
210 1
211 4
212 0
213 0
214 2
215 0
216 1
217 6
218 4
219 1
220 11
221 0
222 2
223 0
224 0
225 9
226 0
227 1
228 0
229 1
230 1
231 4
232 3
233 7
234 0
235 1
236 2
237 1
238 0
239 1
240 1
241 0
242 0
243 1
244 0
245 0
246 0
247 12
248 7
249 5
250 0
251 2
252 0
253 0
254 6
255 0
256 3
257 1
258 4
259 9
260 2
261 1
262 0
263 8
264 0
265 4
266 14
267 13
268 0
269 2
270 0
271 4
272 0
273 0
274 0
275 3
276 1
277 1
278 0
279 0
280 6
281 1
282 2
283 3
284 1
285 7
286 1
287 5
288 1
289 0
290 6
291 4
292 0
293 7
294 0
295 0
296 5
297 2
298 8
299 0
300 0
301 0
302 3
303 3
304 1
305 1
306 1
307 8
308 3
309 10
310 0
311 3
312 0
313 19
314 11
315 1
316 5
317 0
318 2
319 0
320 1
321 4
322 1
323 0
324 3
325 0
326 2
327 1
328 7
329 0
330 0
331 0
332 2
333 4
334 0
335 4
336 0
337 8
338 9
339 1
340 11
341 0
342 30
343 2
344 7
345 1
346 4
347 3
348 0
349 3
350 1
351 18
352 4
353 0
354 1
355 36
356 6
357 5
358 0
359 4
360 0
361 6
362 1
363 0
364 6
365 4
366 2
367 1
368 0
369 2
370 0
371 1
372 2
373 4
374 1
375 7
376 0
377 13
378 1
379 2
380 0
381 4
382 0
383 4
384 4
385 3
386 1
387 27
388 3
389 10
390 0
391 5
392 15
393 4
394 1
395 11
396 1
397 2
398 12
399 0
400 2
401 4
402 3
403 2
404 1
405 0
406 2
407 0
408 0
409 1
410 1
411 7
412 0
413 0
414 2
415 10
416 6
417 1
418 28
419 13
420 8
421 11
422 6
423 0
424 1
425 3
426 0
427 1
428 3
429 0
430 0
431 1
432 2
433 9
434 0
435 1
436 5
437 0
438 0
439 5
440 5
441 4
442 1
443 3
444 1
445 0
446 5
447 1
448 1
449 1
450 0
451 1
452 3
453 0
454 2
455 3
456 3
457 6
458 0
459 2
460 0
461 0
462 6
463 3
464 4
465 0
466 5
467 5
468 2
469 0
470 3
471 3
472 13
473 12
474 0
475 2
476 35
477 1
478 8
479 1
480 1
481 6
482 7
483 8
484 4
485 4
486 10
487 2
488 2
489 1
490 22
491 4
492 1
493 1
494 2
495 0
496 2
497 5
498 11
499 5
500 1
501 25
502 8
503 4
504 0
505 4
506 0
507 4
508 5
509 2
510 2
511 4
512 0
513 18
514 8
515 0
516 2
517 13
518 1
519 2
520 2
521 16
522 18
523 3
524 6
525 1
526 0
527 5
528 3
529 1
530 4
531 0
532 2
533 3
534 1
535 9
536 0
537 6
538 13
539 20
540 7
541 2
542 8
543 6
544 21
545 7
546 10
547 8
548 6
549 8
550 11
551 9
552 11
553 7
554 4
555 4
556 23
557 5
558 15
559 33
560 31
561 7
562 19
563 1
564 1
565 0
566 0
567 10
568 1
569 3
570 8
571 17
572 3
573 242
574 8
575 1
576 1
577 12
578 12
579 31
580 7
581 5
582 1
583 1
584 3
585 2
586 0
587 0
588 0
589 0
590 3
591 1
592 6
593 1
594 8
595 3
596 5
597 1
598 5
599 3
600 3
601 1
602 4
603 1
604 3
605 6
606 0
607 7
608 0
609 0
610 0
611 2
612 0
613 0
614 4
615 6
616 7
617 1
618 3
619 6
620 0
621 0
622 7
623 3
624 5
625 0
626 0
627 4
628 4
629 3
630 3
631 2
632 3
633 9
634 2
635 12
636 0
637 2
638 14
639 0
640 0
641 0
642 15
643 10
644 3
645 4
646 0
647 0
648 0
649 2
650 0
651 12
652 1
653 0
654 1
655 1
656 7
657 3
658 0
659 8
660 10
661 2
662 2
663 1
664 4
665 3
666 0
667 2
668 1
669 2
670 3
671 3
672 8
673 0
674 1
675 3
676 2
677 2
678 0
679 2
680 0
681 1
682 0
683 2
684 8
685 0
686 11
687 2
688 2
689 4
690 0
691 0
692 2
693 2
694 16
695 4
696 6
697 11
698 41
699 5
700 0
701 5
702 3
703 4
704 14
705 3
706 8
707 1
708 0
709 0
710 1
711 11
712 1
713 1
714 1
715 19
716 0
717 1
718 0
719 3
720 29
721 0
722 1
723 1
724 2
725 0
726 3
727 0
728 0
729 2
730 4
731 1
732 2
733 6
734 6
735 0
736 1
737 3
738 0
739 6
740 0
741 0
742 4
743 4
744 0
745 3
746 0
747 2
748 2
749 4
750 2
751 2
752 0
753 2
754 2
755 3
756 8
757 0
758 0
759 0
760 1
761 4
762 0
763 10
764 2
765 12
766 2
767 0
768 3
769 2
770 0
771 0
772 4
773 2
774 0
775 0
776 1
777 2
778 6
779 20
780 1
781 0
782 0
783 8
784 0
785 4
786 9
787 1
788 4
789 0
790 1
791 1
792 0
793 1
794 0
795 1
796 15
797 9
798 17
799 6
800 1
801 0
802 8
803 12
804 3
805 0
806 0
807 2
808 0
809 2
810 8
811 3
812 3
813 3
814 1
815 10
816 0
817 5
818 15
819 3
820 10
821 0
822 7
823 0
824 8
825 1
826 1
827 4
828 0
829 13
830 10
831 1
832 0
833 0
834 0
835 2
836 8
837 0
838 8
839 4
840 0
841 0
842 0
843 10
844 6
845 1
846 5
847 4
848 1
849 3
850 0
851 3
852 1
853 0
854 4
855 1
856 11
857 3
858 0
859 0
860 4
861 5
862 2
863 3
864 0
865 4
866 2
867 2
868 1
869 8
870 5
871 11
872 4
873 5
874 15
875 2
876 1
877 1
878 3
879 2
880 0
881 1
882 3
883 4
884 0
885 3
886 0
887 4
888 4
889 0
890 2
891 0
892 0
893 11
894 12
895 3
896 2
897 3
898 15
899 1
900 5
901 2
902 0
903 23
904 15
905 5
906 9
907 3
908 13
909 0
910 0
911 3
912 2
913 7
914 11
915 1
916 0
917 12
918 0
919 9
920 0
921 5
922 3
923 3
924 9
925 5
926 1
927 7
928 6
929 0
930 4
931 8
932 4
933 1
934 6
935 1
936 11
937 0
938 16
939 7
940 0
941 11
942 20
943 2
944 1
945 1
946 0
947 6
948 1
949 7
950 0
951 0
952 4
953 1
954 2
955 1
956 34
957 9
958 10
959 5
960 2
961 2
962 2
963 4
964 2
965 4
966 17
967 0
968 5
969 6
970 9
971 0
972 2
973 0
974 12
975 4
976 3
977 5
978 1
979 2
980 3
981 0
982 5
983 0
984 0
985 3
986 0
987 4
988 5
989 0
990 7
991 11
992 8
993 6
994 6
995 6
996 1
997 3
998 2
999 0
1000 0
1001 7
1002 11
1003 2
1004 18
1005 3
1006 1
1007 2
1008 3
1009 7
1010 0
1011 1
1012 3
1013 1
1014 9
1015 3
1016 6
1017 1
1018 0
1019 1
1020 1
1021 2
1022 2
1023 0
1024 0
1025 0
1026 0
1027 1
1028 0
1029 3
1030 0
1031 0
1032 4
1033 1
1034 8
1035 1
1036 1
1037 8
1038 2
1039 1
1040 0
1041 0
1042 2
1043 1
1044 13
1045 2
1046 4
1047 3
1048 3
1049 0
1050 1
1051 0
1052 22
1053 30
1054 2
1055 0
1056 8
1057 0
1058 5
1059 2
1060 4
1061 7
1062 0
1063 5
1064 10
1065 0
1066 5
1067 0
1068 2
1069 6
1070 0
1071 5
1072 0
1073 1
1074 0
1075 3
1076 5
1077 2
1078 1
1079 0
1080 8
1081 3
1082 33
1083 4
1084 3
1085 1
1086 0
1087 3
1088 2
1089 0
1090 0
1091 4
1092 0
1093 3
1094 7
1095 2
1096 5
1097 1
1098 15
1099 3
1100 0
1101 1
1102 0
1103 5
1104 8
1105 3
1106 10
1107 3
1108 18
1109 0
1110 0
1111 3
1112 0
1113 5
1114 4
1115 6
1116 3
1117 1
1118 0
1119 1
1120 21
1121 10
1122 4
1123 0
1124 1
1125 0
1126 3
1127 2
1128 2
1129 7
1130 9
1131 47
1132 0
1133 4
1134 5
1135 4
1136 3
1137 22
1138 2
1139 0
1140 0
1141 5
1142 1
1143 1
1144 2
1145 0
1146 5
1147 7
1148 2
1149 5
1150 5
1151 5
1152 47
1153 1
1154 0
1155 5
1156 19
1157 1
1158 9
1159 11
1160 0
1161 3
1162 0
1163 14
1164 2
1165 0
1166 4
1167 0
1168 3
1169 6
1170 11
1171 3
1172 0
1173 5
1174 7
1175 11
1176 5
1177 18
1178 14
1179 0
1180 5
1181 11
1182 8
1183 1
1184 19
1185 0
1186 20
1187 6
1188 1
1189 3
1190 0
1191 1
1192 8
1193 8
1194 0
1195 3
1196 6
1197 1
1198 0
1199 13
1200 6
1201 6
1202 0
1203 0
1204 1
1205 1
1206 1
1207 2
1208 19
1209 0
1210 0
1211 0
1212 15
1213 0
1214 0
1215 13
1216 14
1217 4
1218 10
1219 5
1220 0
1221 0
1222 3
1223 8
1224 6
1225 0
1226 7
1227 2
1228 3
1229 0
1230 0
1231 4
1232 0
1233 6
1234 4
1235 1
1236 1
1237 1
1238 4
1239 6
1240 7
1241 0
1242 2
1243 4
1244 3
1245 4
1246 0
1247 13
1248 0
1249 4
1250 7
1251 2
1252 0
1253 1
1254 0
1255 9
1256 6
1257 1
1258 1
1259 1
1260 0
1261 4
1262 0
1263 4
1264 2
1265 15
1266 7
1267 0
1268 5
1269 0
1270 0
1271 2
1272 3
1273 10
1274 0
1275 1
1276 1
1277 2
1278 1
1279 0
1280 2
1281 1
1282 0
1283 2
1284 2
1285 6
1286 2
1287 0
1288 1
1289 7
1290 2
1291 12
1292 9
1293 27
1294 0
1295 4
1296 6
1297 4
1298 12
1299 3
1300 6
1301 0
1302 5
1303 16
1304 2
1305 0
1306 0
1307 11
1308 0
1309 0
1310 1
1311 2
1312 27
1313 0
1314 3
1315 1
1316 0
1317 0
1318 17
1319 2
1320 4
1321 0
1322 0
1323 13
1324 0
1325 2
1326 4
1327 0
1328 4
1329 1
1330 2
1331 0
1332 0
1333 5
1334 1
1335 11
1336 0
1337 0
1338 12
1339 6
1340 0
1341 7
1342 2
1343 2
1344 16
1345 0
1346 7
1347 1
1348 0
1349 1
1350 2
1351 4
1352 2
1353 3
1354 3
1355 3
1356 1
1357 2
1358 1
1359 4
1360 4
1361 0
1362 0
1363 2
1364 11
1365 0
1366 5
1367 3
1368 5
1369 0
1370 1
1371 2
1372 0
1373 2
1374 5
1375 2
1376 13
1377 1
1378 5
1379 2
1380 2
1381 8
1382 0
1383 1
1384 2
1385 2
1386 3
1387 0
1388 19
1389 0
1390 0
1391 0
1392 0
1393 2
1394 9
1395 8
1396 8
1397 3
1398 0
1399 5
1400 0
1401 9
1402 1
1403 5
1404 8
1405 1
1406 0
1407 4
1408 0
1409 3
1410 2
1411 1
1412 4
1413 4
1414 1
1415 7
1416 4
1417 3
1418 2
1419 0
1420 2
1421 3
1422 1
1423 5
1424 0
1425 2
1426 0
1427 4
1428 0
1429 0
1430 0
1431 30
1432 9
1433 0
1434 2
1435 1
1436 5
1437 0
1438 1
1439 0
1440 1
1441 0
1442 0
1443 7
1444 3
1445 2
1446 3
1447 3
1448 5
1449 3
1450 1
1451 0
1452 0
1453 1
1454 12
1455 7
1456 0
1457 0
1458 1
1459 1
1460 15
1461 0
1462 1
1463 0
1464 5
1465 6
1466 6
1467 26
1468 3
1469 11
1470 8
1471 1
1472 8
1473 6
1474 23
1475 2
1476 4
1477 4
1478 0
1479 2
1480 13
1481 5
1482 6
1483 1
1484 2
1485 3
1486 5
1487 8
1488 1
1489 0
1490 3
1491 2
1492 11
1493 0
1494 2
1495 29
1496 8
1497 7
1498 4
1499 1
1500 4
1501 2
1502 8
1503 0
1504 5
1505 3
1506 9
1507 18
1508 32
1509 4
1510 4
1511 7
1512 0
1513 0
1514 14
1515 3
1516 2
1517 2
1518 2
1519 0
1520 5
1521 8
1522 13
1523 27
1524 1
1525 1
1526 2
1527 14
1528 14
1529 0
1530 8
1531 3
1532 2
1533 0
1534 0
1535 12
1536 8
1537 8
1538 0
1539 1
1540 3
1541 0
1542 2
1543 2
1544 0
1545 3
1546 2
1547 0
1548 2
1549 4
1550 1
1551 8
1552 13
1553 0
1554 7
1555 10
1556 0
1557 0
1558 0
1559 0
1560 19
1561 6
1562 14
1563 4
1564 8
1565 0
1566 5
1567 0
1568 1
1569 22
1570 0
1571 16
1572 25
1573 6
1574 5
1575 0
1576 0
1577 4
1578 25
1579 1
1580 1
1581 5
1582 8
1583 4
1584 5
1585 0
1586 0
1587 2
1588 1
1589 4
1590 2
1591 1
1592 6
1593 8
1594 1
1595 0
1596 10
1597 6
