1 1
2 4
3 3
4 27
5 15
6 37
7 2
8 0
9 36
10 0
11 0
12 6
13 0
14 15
15 7
16 9
17 22
18 9
19 0
20 1
21 6
22 1
23 12
24 52
25 6
26 4
27 7
28 17
29 4
30 0
31 4
32 2
33 0
34 6
35 12
36 14
37 17
38 4
39 6
40 7
41 7
42 0
43 50
44 2
45 15
46 0
47 0
48 28
49 5
50 2
51 8
52 2
53 0
54 2
55 3
56 8
57 4
58 8
59 15
60 2
61 11
62 17
63 3
64 2
65 12
66 1
67 0
68 0
69 15
70 0
71 0
72 68
73 16
74 23
75 34
76 17
77 23
78 5
79 42
80 3
81 46
82 4
83 0
84 22
85 15
86 24
87 0
88 8
89 1
90 8
91 47
92 33
93 19
94 12
95 8
96 7
97 22
98 0
99 4
100 16
101 2
102 4
103 13
104 0
105 2
106 4
107 0
108 9
109 18
110 13
111 9
112 12
113 2
114 6
115 7
116 11
117 28
118 7
119 8
120 20
121 7
122 3
123 1
124 15
125 7
126 48
127 4
128 22
129 4
130 9
131 23
132 7
133 20
134 6
135 3
136 2
137 12
138 12
139 3
140 7
141 6
142 2
143 0
144 22
145 5
146 1
147 24
148 4
149 0
150 0
151 12
152 2
153 6
154 3
155 5
156 3
157 0
158 6
159 1
160 1
161 1
162 2
163 2
164 0
165 2
166 3
167 5
168 2
169 17
170 1
171 3
172 6
173 0
174 3
175 12
176 4
177 3
178 11
179 8
180 6
181 2
182 1
183 0
184 7
185 7
186 8
187 12
188 11
189 1
190 0
191 2
192 5
193 3
194 6
195 9
196 0
197 0
198 10
199 0
200 16
201 0
202 2
203 4
204 3
205 11
206 26
207 4
208 26
209 17
210 8
211 10
212 10
213 2
214 2
215 1
216 6
217 12
218 15
219 3
220 2
221 0
222 18
223 3
224 2
225 6
226 0
227 0
228 4
229 2
230 6
231 7
232 2
233 31
234 2
235 1
236 3
237 4
238 8
239 25
240 5
241 19
242 0
243 2
244 0
245 3
246 5
247 5
248 4
249 11
250 6
251 5
252 0
253 6
254 29
255 2
256 10
257 12
258 4
259 12
260 3
261 4
262 0
263 13
264 3
265 5
266 0
267 5
268 0
269 1
270 3
271 18
272 1
273 1
274 0
275 3
276 0
277 16
278 5
279 3
280 3
281 1
282 3
283 33
284 9
285 0
286 3
287 5
288 5
289 1
290 8
291 5
292 2
293 5
294 0
295 1
296 9
297 0
298 8
299 2
300 4
301 2
302 2
303 10
304 6
305 2
306 4
307 23
308 22
309 10
310 5
311 1
312 9
313 4
314 47
315 11
316 21
317 0
318 9
319 1
320 15
321 7
322 1
323 34
324 23
325 0
326 1
327 12
328 10
329 11
330 2
331 0
332 7
333 11
334 1
335 22
336 8
337 3
338 3
339 5
340 7
341 31
342 3
343 14
344 22
345 4
346 8
347 1
348 3
349 5
350 5
351 23
352 6
353 8
354 0
355 28
356 5
357 1
358 14
359 10
360 6
361 6
362 6
363 8
364 31
365 0
366 16
367 6
368 3
369 1
370 5
371 8
372 3
373 3
374 44
375 14
376 1
377 27
378 12
379 21
380 2
381 12
382 2
383 3
384 9
385 10
386 5
387 5
388 10
389 15
390 2
391 11
392 21
393 0
394 4
395 27
396 4
397 11
398 37
399 0
400 10
401 6
402 28
403 0
404 3
405 18
406 5
407 0
408 0
409 4
410 3
411 9
412 2
413 3
414 0
415 20
416 13
417 0
418 10
419 10
420 7
421 3
422 10
423 4
424 2
425 18
426 0
427 10
428 13
429 0
430 4
431 3
432 16
433 21
434 0
435 10
436 11
437 0
438 3
439 6
440 11
441 18
442 4
443 4
444 0
445 3
446 13
447 21
448 18
449 11
450 4
451 1
452 8
453 16
454 7
455 8
456 2
457 11
458 13
459 48
460 4
461 5
462 10
463 11
464 7
465 2
466 10
467 2
468 18
469 0
470 11
471 2
472 16
473 30
474 0
475 30
476 5
477 5
478 0
479 0
480 0
481 2
482 6
483 1
484 24
485 0
486 2
487 2
488 0
489 0
490 5
491 7
492 9
493 13
494 2
495 1
496 4
497 0
498 15
499 2
500 1
501 1
502 3
503 3
504 1
505 4
506 6
507 7
508 6
509 5
510 2
511 4
512 0
513 63
514 7
515 34
516 3
517 8
518 1
519 1
520 0
521 2
522 9
523 13
524 1
525 10
526 4
527 4
528 1
529 2
530 4
531 3
532 10
533 20
534 1
535 7
536 1
537 8
538 0
539 14
540 15
541 11
542 9
543 2
544 31
545 8
546 1
547 10
548 4
549 8
550 1
551 1
552 4
553 4
554 3
555 6
556 4
557 18
558 9
559 13
560 42
561 14
562 19
563 11
564 2
565 2
566 5
567 8
568 5
569 1
570 4
571 33
572 1
573 30
574 24
575 1
576 3
577 0
578 11
579 10
580 23
581 7
582 2
583 10
584 18
585 0
586 1
587 6
588 3
589 2
590 2
591 5
592 12
593 4
594 1
595 23
596 12
597 10
598 6
599 3
600 2
601 0
602 0
603 1
604 5
605 20
606 15
607 35
608 5
609 3
610 4
611 20
612 4
613 0
614 6
615 31
616 7
617 5
618 3
619 5
620 1
621 1
622 1
623 10
624 6
625 0
626 11
627 25
628 23
629 3
630 13
631 5
632 6
633 11
634 6
635 25
636 2
637 25
638 9
639 1
640 0
641 0
642 5
643 34
644 6
645 10
646 0
647 2
648 6
649 5
650 2
651 11
652 0
653 1
654 8
655 12
656 8
657 2
658 9
659 7
660 12
661 8
662 7
663 10
664 7
665 4
666 0
667 10
668 25
669 3
670 3
671 6
672 6
673 0
674 2
675 11
676 11
677 14
678 10
679 4
680 3
681 3
682 12
683 6
684 10
685 1
686 9
687 8
688 32
689 7
690 1
691 0
692 34
693 4
694 8
695 0
696 16
697 18
698 6
699 10
700 3
701 6
702 4
703 8
704 12
705 6
706 20
707 0
708 2
709 0
710 2
711 17
712 0
713 7
714 0
715 11
716 10
717 5
718 0
719 21
720 5
721 0
722 0
723 5
724 3
725 9
726 13
727 13
728 0
729 27
730 8
731 0
732 2
733 7
734 3
735 0
736 4
737 12
738 3
739 17
740 7
741 0
742 13
743 5
744 14
745 2
746 0
747 6
748 8
749 21
750 4
751 5
752 1
753 1
754 4
755 8
756 11
757 10
758 1
759 3
760 2
761 17
762 0
763 16
764 3
765 14
766 13
767 7
768 9
769 0
770 0
771 0
772 0
773 1
774 2
775 9
776 0
777 14
778 33
779 17
780 8
781 3
782 0
783 7
784 14
785 1
786 3
787 3
788 51
789 19
790 2
791 9
792 1
793 8
794 0
795 3
796 17
797 20
798 22
799 10
800 0
801 0
802 24
803 8
804 6
805 9
806 1
807 0
808 0
809 7
810 3
811 16
812 9
813 2
814 15
815 7
816 1
817 13
818 9
819 1
820 4
821 0
822 32
823 14
824 0
825 15
826 15
827 21
828 3
829 6
830 31
831 14
832 18
833 4
834 0
835 50
836 8
837 33
838 26
839 2
840 0
841 0
842 4
843 9
844 32
845 1
846 8
847 3
848 1
849 18
850 11
851 29
852 16
853 0
854 11
855 15
856 36
857 2
858 0
859 2
860 1
861 16
862 5
863 10
864 7
865 13
866 4
867 15
868 2
869 6
870 15
871 1
872 17
873 1
874 20
875 1
876 0
877 2
878 36
879 3
880 0
881 3
882 2
883 2
884 4
885 5
886 0
887 8
888 4
889 3
890 15
891 4
892 1
893 5
894 2
895 10
896 4
897 0
898 20
899 2
900 16
901 7
902 7
903 1
904 3
905 0
906 7
907 9
908 4
909 0
910 0
911 5
912 1
913 1
914 1
915 12
916 19
917 0
918 0
919 2
920 0
921 0
922 14
923 12
924 7
925 11
926 3
927 10
928 6
929 0
930 3
931 8
932 12
933 4
934 10
935 1
936 6
937 0
938 13
939 7
940 0
941 12
942 2
943 2
944 2
945 0
946 0
947 8
948 0
949 7
950 7
951 1
952 6
953 0
954 0
955 2
956 17
957 18
958 7
959 5
960 5
961 3
962 1
963 3
964 0
965 5
966 28
967 3
968 15
969 0
970 24
971 5
972 8
973 1
974 8
975 14
976 19
977 6
978 1
979 2
980 2
981 9
982 6
983 1
984 8
985 32
986 6
987 0
988 55
989 0
990 13
991 21
992 17
993 10
994 12
995 4
996 12
997 10
998 12
999 4
1000 1
1001 8
1002 12
1003 0
1004 16
1005 3
1006 59
1007 1
1008 66
1009 22
1010 0
1011 0
1012 27
1013 2
1014 12
1015 5
1016 12
1017 9
1018 6
1019 8
1020 1
1021 11
1022 3
1023 0
1024 0
1025 0
1026 14
1027 11
1028 1
1029 9
1030 0
1031 6
1032 7
1033 2
1034 3
1035 2
1036 3
1037 20
1038 3
1039 0
1040 0
1041 2
1042 0
1043 3
1044 15
1045 5
1046 10
1047 0
1048 12
1049 0
1050 0
1051 16
1052 20
1053 5
1054 11
1055 0
1056 1
1057 0
1058 16
1059 4
1060 3
1061 1
1062 0
1063 0
1064 8
1065 0
1066 4
1067 3
1068 6
1069 6
1070 1
1071 11
1072 0
1073 2
1074 10
1075 4
1076 13
1077 21
1078 8
1079 7
1080 20
1081 0
1082 11
1083 5
1084 26
1085 0
1086 0
1087 17
1088 5
1089 0
1090 8
1091 37
1092 2
1093 9
1094 20
1095 3
1096 14
1097 9
1098 5
1099 41
1100 3
1101 10
1102 1
1103 7
1104 22
1105 5
1106 10
1107 0
1108 3
1109 3
1110 1
1111 1
1112 1
1113 3
1114 6
1115 6
1116 6
1117 1
1118 2
1119 0
1120 0
1121 12
1122 0
1123 3
1124 18
1125 6
1126 13
1127 9
1128 9
1129 3
1130 20
1131 18
1132 1
1133 4
1134 6
1135 17
1136 0
1137 14
1138 2
1139 3
1140 8
1141 21
1142 0
1143 0
1144 2
1145 0
1146 10
1147 16
1148 7
1149 20
1150 3
1151 6
1152 34
1153 3
1154 3
1155 7
1156 38
1157 5
1158 1
1159 10
1160 1
1161 11
1162 0
1163 3
1164 1
1165 7
1166 32
1167 11
1168 3
1169 3
1170 12
1171 6
1172 26
1173 3
1174 3
1175 3
1176 4
1177 12
1178 18
1179 6
1180 13
1181 18
1182 9
1183 10
1184 31
1185 0
1186 1
1187 5
1188 1
1189 15
1190 13
1191 7
1192 12
1193 39
1194 8
1195 0
1196 3
1197 10
1198 2
1199 7
1200 28
1201 19
1202 1
1203 11
1204 19
1205 0
1206 4
1207 18
1208 10
1209 1
1210 2
1211 1
1212 7
1213 6
1214 0
1215 7
1216 20
1217 8
1218 4
1219 49
1220 0
1221 4
1222 53
1223 15
1224 17
1225 11
1226 0
1227 4
1228 3
1229 5
1230 17
1231 11
1232 16
1233 106
1234 7
1235 13
1236 1
1237 3
1238 21
1239 22
1240 1
1241 8
1242 4
1243 19
1244 2
1245 3
1246 2
1247 12
1248 0
1249 26
1250 9
1251 1
1252 0
1253 11
1254 2
1255 1
1256 19
1257 3
1258 25
1259 5
1260 0
1261 20
1262 4
1263 16
1264 2
1265 13
1266 2
1267 23
1268 11
1269 0
1270 4
1271 3
1272 38
1273 15
1274 7
1275 4
1276 21
1277 10
1278 11
1279 4
1280 4
1281 11
1282 2
1283 0
1284 0
1285 0
1286 11
1287 0
1288 8
1289 2
1290 3
1291 15
1292 6
1293 3
1294 3
1295 19
1296 1
1297 39
1298 16
1299 8
1300 19
1301 1
1302 10
1303 27
1304 3
1305 1
1306 0
1307 17
1308 11
1309 1
1310 3
1311 18
1312 6
1313 0
1314 33
1315 3
1316 2
1317 2
1318 10
1319 18
1320 24
1321 1
1322 2
1323 5
1324 2
1325 11
1326 4
1327 1
1328 4
1329 1
1330 35
1331 0
1332 9
1333 7
1334 20
1335 31
1336 3
1337 3
1338 7
1339 15
1340 10
1341 8
1342 2
1343 7
1344 18
1345 7
1346 5
1347 31
1348 7
1349 15
1350 22
1351 14
1352 11
1353 8
1354 0
1355 9
1356 4
1357 4
1358 2
1359 12
1360 12
1361 4
1362 1
1363 5
1364 18
1365 4
1366 5
1367 6
1368 32
1369 2
1370 4
1371 18
1372 0
1373 12
1374 4
1375 4
1376 5
1377 0
1378 3
1379 22
1380 5
1381 24
1382 6
1383 31
1384 5
1385 0
1386 14
1387 20
1388 3
1389 3
1390 12
1391 2
1392 0
1393 0
1394 7
1395 3
1396 8
1397 2
1398 1
1399 2
1400 7
1401 3
1402 5
1403 0
1404 1
1405 3
1406 1
1407 7
1408 1
1409 13
1410 1
1411 1
1412 7
1413 12
1414 14
1415 2
1416 1
1417 0
1418 3
1419 1
1420 5
1421 1
1422 4
1423 3
1424 4
1425 8
1426 2
1427 6
1428 2
1429 1
1430 2
1431 3
1432 20
1433 0
1434 1
1435 30
1436 1
1437 1
1438 0
1439 31
1440 4
1441 0
1442 0
1443 16
1444 9
1445 3
1446 1
1447 6
1448 4
1449 9
1450 5
1451 4
1452 0
1453 6
1454 16
1455 15
1456 1
1457 0
1458 4
1459 5
1460 4
1461 3
1462 1
1463 0
1464 3
1465 10
1466 8
1467 23
1468 4
1469 16
1470 12
1471 26
1472 7
1473 0
1474 9
1475 2
1476 5
1477 3
1478 2
1479 16
1480 4
1481 10
1482 5
1483 0
1484 5
1485 20
1486 2
1487 13
1488 0
1489 1
1490 25
1491 6
1492 6
1493 0
1494 6
1495 26
1496 3
1497 2
1498 0
1499 0
1500 0
1501 4
1502 3
1503 4
1504 20
1505 5
1506 2
1507 4
1508 18
1509 5
1510 3
1511 11
1512 5
1513 8
1514 6
1515 3
1516 3
1517 1
1518 7
1519 1
1520 40
1521 25
1522 5
1523 9
1524 0
1525 7
1526 9
1527 2
1528 14
1529 2
1530 1
1531 2
1532 4
1533 8
1534 0
1535 13
1536 5
1537 24
1538 5
1539 1
1540 2
1541 2
1542 0
1543 3
1544 0
1545 0
1546 1
1547 5
1548 0
1549 9
1550 0
1551 13
1552 4
1553 3
1554 12
1555 27
1556 0
1557 0
1558 3
1559 0
1560 10
1561 10
1562 7
1563 2
1564 2
1565 9
1566 2
1567 8
1568 7
1569 5
1570 0
1571 15
1572 21
1573 4
1574 8
1575 2
1576 1
1577 8
1578 12
1579 3
1580 0
1581 1
1582 0
1583 1
1584 18
1585 0
1586 2
1587 29
1588 1
1589 1
1590 5
1591 0
1592 23
1593 7
1594 4
1595 2
1596 34
1597 7
