1 1
2 3
3 1
4 25
5 13
6 29
7 1
8 1
9 8
10 0
11 0
12 28
13 0
14 3
15 29
16 25
17 18
18 52
19 8
20 0
21 2
22 2
23 7
24 8
25 15
26 7
27 20
28 2
29 1
30 4
31 3
32 2
33 8
34 4
35 21
36 25
37 14
38 3
39 4
40 6
41 0
42 1
43 16
44 2
45 11
46 0
47 0
48 5
49 0
50 6
51 1
52 1
53 0
54 6
55 3
56 4
57 0
58 3
59 7
60 14
61 17
62 16
63 0
64 0
65 1
66 11
67 4
68 0
69 2
70 0
71 0
72 4
73 10
74 9
75 11
76 7
77 3
78 2
79 12
80 2
81 9
82 11
83 11
84 27
85 12
86 29
87 43
88 3
89 4
90 14
91 11
92 13
93 17
94 7
95 4
96 17
97 26
98 11
99 28
100 7
101 4
102 20
103 36
104 0
105 4
106 9
107 12
108 2
109 19
110 11
111 10
112 51
113 6
114 2
115 0
116 11
117 58
118 3
119 17
120 16
121 2
122 18
123 4
124 63
125 37
126 15
127 11
128 34
129 0
130 1
131 4
132 9
133 3
134 4
135 0
136 1
137 2
138 0
139 7
140 4
141 1
142 0
143 0
144 3
145 0
146 3
147 7
148 18
149 3
150 4
151 2
152 1
153 4
154 0
155 0
156 2
157 0
158 5
159 3
160 0
161 2
162 0
163 11
164 6
165 2
166 14
167 2
168 1
169 8
170 0
171 4
172 6
173 2
174 2
175 15
176 2
177 16
178 3
179 3
180 0
181 1
182 0
183 0
184 1
185 10
186 0
187 0
188 5
189 3
190 0
191 0
192 0
193 1
194 1
195 9
196 3
197 2
198 5
199 0
200 0
201 1
202 0
203 0
204 1
205 0
206 8
207 0
208 5
209 7
210 1
211 5
212 2
213 6
214 1
215 1
216 6
217 4
218 12
219 5
220 3
221 5
222 3
223 0
224 2
225 17
226 0
227 5
228 6
229 0
230 4
231 1
232 1
233 21
234 2
235 1
236 1
237 9
238 0
239 10
240 0
241 12
242 0
243 3
244 0
245 2
246 0
247 2
248 2
249 1
250 1
251 0
252 4
253 1
254 4
255 13
256 9
257 7
258 5
259 1
260 4
261 1
262 0
263 3
264 0
265 0
266 0
267 5
268 0
269 0
270 3
271 8
272 0
273 0
274 5
275 0
276 0
277 9
278 3
279 0
280 2
281 3
282 9
283 34
284 6
285 0
286 2
287 21
288 4
289 0
290 14
291 2
292 5
293 16
294 0
295 22
296 1
297 0
298 9
299 6
300 10
301 0
302 2
303 3
304 1
305 1
306 0
307 4
308 5
309 10
310 5
311 4
312 0
313 3
314 11
315 2
316 4
317 3
318 19
319 1
320 5
321 3
322 5
323 4
324 3
325 3
326 5
327 0
328 8
329 0
330 8
331 4
332 16
333 12
334 11
335 11
336 3
337 5
338 3
339 10
340 16
341 33
342 1
343 17
344 0
345 2
346 4
347 3
348 0
349 5
350 0
351 4
352 3
353 2
354 5
355 12
356 17
357 4
358 0
359 2
360 3
361 7
362 0
363 4
364 0
365 3
366 4
367 2
368 0
369 9
370 12
371 9
372 0
373 0
374 3
375 0
376 4
377 9
378 2
379 1
380 2
381 14
382 23
383 15
384 8
385 29
386 10
387 15
388 5
389 7
390 5
391 8
392 12
393 1
394 5
395 29
396 3
397 15
398 0
399 0
400 8
401 2
402 5
403 5
404 3
405 1
406 3
407 3
408 9
409 1
410 6
411 0
412 17
413 4
414 1
415 0
416 9
417 11
418 1
419 10
420 0
421 11
422 21
423 0
424 7
425 4
426 0
427 7
428 2
429 0
430 5
431 6
432 1
433 8
434 4
435 0
436 7
437 10
438 1
439 8
440 5
441 4
442 1
443 8
444 3
445 0
446 2
447 22
448 1
449 0
450 0
451 10
452 18
453 4
454 21
455 4
456 6
457 2
458 2
459 3
460 7
461 1
462 17
463 13
464 17
465 3
466 35
467 1
468 4
469 13
470 24
471 20
472 8
473 21
474 2
475 46
476 6
477 1
478 4
479 8
480 2
481 1
482 13
483 0
484 5
485 14
486 18
487 3
488 4
489 0
490 7
491 29
492 22
493 2
494 1
495 10
496 0
497 9
498 3
499 3
500 3
501 3
502 4
503 81
504 15
505 6
506 5
507 8
508 13
509 0
510 21
511 15
512 0
513 6
514 10
515 7
516 4
517 6
518 0
519 3
520 3
521 3
522 4
523 9
524 5
525 5
526 2
527 3
528 7
529 0
530 6
531 52
532 2
533 8
534 0
535 5
536 4
537 4
538 4
539 8
540 43
541 14
542 3
543 18
544 59
545 16
546 7
547 2
548 4
549 8
550 4
551 12
552 61
553 10
554 16
555 4
556 8
557 3
558 4
559 24
560 6
561 24
562 105
563 4
564 9
565 2
566 12
567 0
568 9
569 8
570 9
571 8
572 4
573 131
574 38
575 5
576 21
577 2
578 14
579 7
580 38
581 56
582 1
583 1
584 2
585 1
586 4
587 2
588 3
589 0
590 4
591 0
592 16
593 2
594 1
595 17
596 5
597 4
598 13
599 7
600 10
601 1
602 7
603 2
604 1
605 1
606 8
607 24
608 2
609 0
610 0
611 7
612 3
613 12
614 6
615 1
616 2
617 0
618 2
619 4
620 0
621 2
622 1
623 2
624 10
625 2
626 1
627 13
628 4
629 1
630 2
631 1
632 2
633 3
634 4
635 0
636 0
637 1
638 0
639 0
640 0
641 14
642 0
643 1
644 0
645 0
646 3
647 3
648 0
649 4
650 1
651 4
652 1
653 6
654 1
655 0
656 0
657 0
658 0
659 3
660 7
661 0
662 26
663 0
664 0
665 4
666 0
667 1
668 5
669 0
670 8
671 5
672 0
673 11
674 5
675 0
676 8
677 3
678 6
679 0
680 2
681 1
682 3
683 2
684 4
685 3
686 7
687 4
688 13
689 3
690 6
691 0
692 1
693 7
694 13
695 3
696 23
697 10
698 2
699 10
700 0
701 1
702 0
703 5
704 8
705 0
706 1
707 5
708 9
709 6
710 33
711 13
712 0
713 10
714 0
715 20
716 7
717 4
718 0
719 15
720 1
721 0
722 0
723 4
724 1
725 0
726 4
727 10
728 0
729 6
730 6
731 1
732 0
733 11
734 8
735 0
736 7
737 3
738 0
739 0
740 0
741 13
742 1
743 1
744 3
745 0
746 3
747 4
748 15
749 12
750 10
751 34
752 1
753 0
754 1
755 12
756 2
757 6
758 6
759 9
760 14
761 1
762 1
763 25
764 2
765 2
766 4
767 10
768 12
769 1
770 5
771 1
772 4
773 2
774 2
775 17
776 4
777 7
778 1
779 19
780 2
781 0
782 1
783 14
784 6
785 13
786 8
787 22
788 5
789 2
790 2
791 3
792 2
793 6
794 1
795 4
796 3
797 8
798 2
799 2
800 0
801 3
802 1
803 4
804 8
805 6
806 9
807 0
808 0
809 15
810 1
811 22
812 8
813 0
814 4
815 10
816 1
817 4
818 4
819 14
820 53
821 0
822 10
823 1
824 0
825 14
826 13
827 1
828 9
829 10
830 2
831 4
832 0
833 5
834 0
835 9
836 6
837 2
838 1
839 1
840 3
841 4
842 9
843 7
844 20
845 2
846 7
847 19
848 2
849 18
850 3
851 4
852 0
853 2
854 5
855 7
856 8
857 2
858 10
859 2
860 0
861 13
862 0
863 3
864 10
865 8
866 1
867 12
868 0
869 21
870 3
871 12
872 26
873 1
874 9
875 4
876 3
877 0
878 36
879 11
880 0
881 0
882 0
883 0
884 0
885 3
886 0
887 2
888 4
889 2
890 0
891 7
892 0
893 1
894 7
895 5
896 4
897 0
898 10
899 28
900 4
901 30
902 0
903 0
904 0
905 1
906 1
907 0
908 2
909 0
910 1
911 4
912 8
913 1
914 8
915 5
916 6
917 0
918 5
919 1
920 5
921 2
922 3
923 4
924 5
925 10
926 20
927 0
928 5
929 7
930 6
931 2
932 4
933 11
934 4
935 1
936 8
937 0
938 7
939 2
940 8
941 2
942 16
943 16
944 0
945 0
946 7
947 5
948 1
949 9
950 0
951 7
952 18
953 8
954 0
955 8
956 28
957 6
958 0
959 11
960 11
961 12
962 0
963 5
964 5
965 9
966 16
967 11
968 3
969 3
970 9
971 9
972 1
973 8
974 20
975 18
976 8
977 2
978 5
979 0
980 0
981 10
982 2
983 0
984 2
985 28
986 2
987 1
988 3
989 0
990 6
991 3
992 3
993 7
994 1
995 4
996 31
997 7
998 2
999 3
1000 0
1001 7
1002 10
1003 0
1004 1
1005 7
1006 5
1007 6
1008 16
1009 2
1010 1
1011 0
1012 7
1013 2
1014 9
1015 0
1016 12
1017 1
1018 0
1019 0
1020 0
1021 6
1022 9
1023 0
1024 4
1025 0
1026 15
1027 0
1028 5
1029 0
1030 1
1031 1
1032 7
1033 3
1034 3
1035 9
1036 9
1037 6
1038 0
1039 2
1040 0
1041 0
1042 8
1043 1
1044 2
1045 9
1046 5
1047 0
1048 2
1049 4
1050 0
1051 0
1052 20
1053 20
1054 21
1055 0
1056 2
1057 0
1058 6
1059 2
1060 4
1061 6
1062 0
1063 0
1064 33
1065 11
1066 13
1067 3
1068 1
1069 12
1070 3
1071 2
1072 0
1073 5
1074 10
1075 22
1076 4
1077 2
1078 0
1079 0
1080 4
1081 1
1082 4
1083 10
1084 8
1085 0
1086 0
1087 15
1088 4
1089 16
1090 1
1091 4
1092 6
1093 9
1094 16
1095 1
1096 11
1097 11
1098 9
1099 2
1100 0
1101 0
1102 17
1103 8
1104 8
1105 13
1106 8
1107 12
1108 1
1109 7
1110 1
1111 0
1112 2
1113 4
1114 7
1115 2
1116 4
1117 0
1118 8
1119 0
1120 3
1121 9
1122 7
1123 0
1124 0
1125 4
1126 10
1127 12
1128 5
1129 0
1130 11
1131 8
1132 2
1133 2
1134 25
1135 12
1136 0
1137 7
1138 7
1139 0
1140 9
1141 7
1142 8
1143 0
1144 1
1145 0
1146 4
1147 20
1148 1
1149 3
1150 4
1151 1
1152 5
1153 0
1154 2
1155 12
1156 7
1157 2
1158 1
1159 6
1160 2
1161 5
1162 0
1163 1
1164 3
1165 0
1166 5
1167 9
1168 16
1169 0
1170 9
1171 2
1172 25
1173 2
1174 4
1175 8
1176 1
1177 18
1178 4
1179 8
1180 4
1181 4
1182 2
1183 0
1184 5
1185 1
1186 1
1187 5
1188 2
1189 5
1190 4
1191 7
1192 17
1193 8
1194 8
1195 0
1196 3
1197 3
1198 0
1199 4
1200 4
1201 29
1202 10
1203 0
1204 3
1205 0
1206 1
1207 18
1208 2
1209 11
1210 3
1211 4
1212 0
1213 1
1214 3
1215 0
1216 17
1217 8
1218 4
1219 12
1220 0
1221 7
1222 2
1223 7
1224 0
1225 1
1226 1
1227 3
1228 7
1229 22
1230 6
1231 4
1232 2
1233 30
1234 3
1235 0
1236 7
1237 5
1238 9
1239 7
1240 0
1241 13
1242 1
1243 1
1244 13
1245 4
1246 1
1247 4
1248 0
1249 12
1250 7
1251 20
1252 2
1253 1
1254 13
1255 3
1256 6
1257 0
1258 17
1259 4
1260 7
1261 23
1262 2
1263 2
1264 10
1265 5
1266 3
1267 2
1268 5
1269 2
1270 0
1271 9
1272 3
1273 11
1274 1
1275 8
1276 1
1277 0
1278 16
1279 4
1280 1
1281 7
1282 2
1283 2
1284 5
1285 5
1286 26
1287 3
1288 1
1289 0
1290 1
1291 3
1292 2
1293 5
1294 1
1295 8
1296 0
1297 32
1298 0
1299 2
1300 12
1301 0
1302 4
1303 17
1304 0
1305 10
1306 6
1307 16
1308 2
1309 8
1310 1
1311 1
1312 4
1313 0
1314 5
1315 4
1316 0
1317 8
1318 0
1319 3
1320 15
1321 7
1322 0
1323 0
1324 6
1325 0
1326 2
1327 0
1328 17
1329 0
1330 2
1331 0
1332 0
1333 6
1334 4
1335 13
1336 0
1337 1
1338 4
1339 1
1340 3
1341 0
1342 5
1343 3
1344 8
1345 1
1346 0
1347 0
1348 0
1349 8
1350 5
1351 7
1352 5
1353 28
1354 0
1355 15
1356 8
1357 7
1358 1
1359 20
1360 5
1361 0
1362 0
1363 0
1364 0
1365 20
1366 0
1367 2
1368 40
1369 0
1370 5
1371 0
1372 3
1373 0
1374 0
1375 6
1376 11
1377 0
1378 0
1379 14
1380 8
1381 18
1382 2
1383 3
1384 15
1385 1
1386 7
1387 0
1388 5
1389 1
1390 1
1391 3
1392 2
1393 0
1394 10
1395 2
1396 2
1397 3
1398 0
1399 14
1400 2
1401 2
1402 21
1403 2
1404 8
1405 5
1406 1
1407 3
1408 3
1409 21
1410 6
1411 3
1412 1
1413 9
1414 0
1415 5
1416 0
1417 1
1418 30
1419 2
1420 0
1421 1
1422 0
1423 6
1424 3
1425 1
1426 0
1427 1
1428 0
1429 3
1430 17
1431 0
1432 1
1433 0
1434 5
1435 55
1436 5
1437 2
1438 0
1439 7
1440 0
1441 0
1442 6
1443 4
1444 6
1445 0
1446 4
1447 6
1448 1
1449 11
1450 1
1451 2
1452 1
1453 0
1454 0
1455 2
1456 0
1457 0
1458 1
1459 8
1460 6
1461 3
1462 8
1463 6
1464 2
1465 3
1466 11
1467 9
1468 21
1469 4
1470 19
1471 21
1472 13
1473 3
1474 4
1475 7
1476 11
1477 4
1478 4
1479 9
1480 0
1481 9
1482 1
1483 6
1484 3
1485 9
1486 6
1487 7
1488 13
1489 1
1490 3
1491 6
1492 9
1493 0
1494 1
1495 15
1496 13
1497 5
1498 3
1499 16
1500 7
1501 3
1502 0
1503 0
1504 8
1505 6
1506 2
1507 2
1508 22
1509 11
1510 4
1511 5
1512 9
1513 1
1514 3
1515 5
1516 1
1517 13
1518 4
1519 0
1520 17
1521 33
1522 8
1523 34
1524 0
1525 6
1526 2
1527 0
1528 15
1529 3
1530 8
1531 2
1532 6
1533 2
1534 0
1535 18
1536 6
1537 8
1538 0
1539 6
1540 0
1541 0
1542 5
1543 0
1544 6
1545 7
1546 1
1547 7
1548 23
1549 12
1550 16
1551 4
1552 20
1553 2
1554 10
1555 8
1556 0
1557 1
1558 0
1559 0
1560 3
1561 5
1562 18
1563 8
1564 1
1565 1
1566 0
1567 0
1568 3
1569 3
1570 0
1571 2
1572 53
1573 0
1574 7
1575 6
1576 1
1577 1
1578 5
1579 10
1580 0
1581 3
1582 4
1583 8
1584 6
1585 2
1586 0
1587 16
1588 15
1589 0
1590 11
1591 0
1592 10
1593 3
1594 10
1595 34
1596 25
1597 3
