1 2
2 2
3 15
4 54
5 28
6 85
7 5
8 2
9 59
10 2
11 4
12 5
13 9
14 16
15 40
16 36
17 38
18 51
19 23
20 1
21 10
22 22
23 27
24 42
25 25
26 46
27 6
28 20
29 18
30 11
31 47
32 29
33 17
34 19
35 46
36 49
37 69
38 19
39 39
40 19
41 30
42 32
43 19
44 17
45 19
46 13
47 2
48 9
49 13
50 15
51 56
52 11
53 23
54 13
55 9
56 47
57 1
58 19
59 51
60 48
61 33
62 46
63 47
64 21
65 8
66 20
67 16
68 14
69 34
70 32
71 4
72 31
73 18
74 10
75 49
76 18
77 15
78 7
79 13
80 25
81 24
82 12
83 15
84 44
85 61
86 46
87 90
88 186
89 24
90 29
91 14
92 16
93 26
94 59
95 31
96 40
97 28
98 10
99 17
100 34
101 20
102 7
103 22
104 1
105 14
106 16
107 8
108 25
109 8
110 17
111 11
112 59
113 13
114 51
115 9
116 33
117 29
118 32
119 23
120 37
121 14
122 3
123 53
124 42
125 18
126 53
127 14
128 20
129 27
130 14
131 21
132 25
133 31
134 42
135 35
136 21
137 27
138 38
139 22
140 34
141 19
142 25
143 13
144 18
145 21
146 71
147 26
148 32
149 23
150 28
151 24
152 20
153 36
154 28
155 6
156 16
157 6
158 29
159 10
160 7
161 13
162 6
163 39
164 5
165 12
166 40
167 18
168 14
169 21
170 20
171 30
172 6
173 9
174 19
175 30
176 10
177 53
178 38
179 67
180 54
181 48
182 14
183 36
184 11
185 17
186 11
187 9
188 24
189 15
190 26
191 36
192 25
193 8
194 64
195 41
196 21
197 7
198 5
199 39
200 24
201 3
202 5
203 28
204 7
205 24
206 25
207 41
208 39
209 63
210 23
211 11
212 14
213 13
214 14
215 23
216 30
217 61
218 32
219 42
220 49
221 9
222 60
223 31
224 47
225 26
226 8
227 25
228 28
229 16
230 18
231 54
232 35
233 69
234 8
235 26
236 43
237 40
238 39
239 58
240 25
241 51
242 6
243 32
244 6
245 14
246 34
247 10
248 16
249 21
250 16
251 28
252 30
253 20
254 65
255 33
256 21
257 19
258 29
259 35
260 13
261 24
262 9
263 34
264 9
265 94
266 8
267 23
268 47
269 9
270 14
271 65
272 14
273 24
274 17
275 39
276 13
277 26
278 35
279 2
280 20
281 39
282 11
283 34
284 30
285 16
286 12
287 44
288 26
289 3
290 63
291 46
292 20
293 45
294 8
295 28
296 7
297 11
298 25
299 19
300 18
301 22
302 8
303 17
304 20
305 8
306 7
307 90
308 78
309 18
310 12
311 27
312 17
313 37
314 44
315 39
316 18
317 10
318 46
319 23
320 23
321 30
322 37
323 93
324 31
325 19
326 19
327 38
328 32
329 2
330 15
331 38
332 47
333 40
334 33
335 17
336 20
337 34
338 27
339 31
340 17
341 29
342 22
343 113
344 36
345 28
346 40
347 18
348 16
349 11
350 12
351 57
352 37
353 45
354 10
355 90
356 29
357 22
358 16
359 29
360 4
361 46
362 15
363 18
364 44
365 16
366 25
367 47
368 14
369 30
370 17
371 98
372 11
373 25
374 24
375 17
376 6
377 25
378 21
379 20
380 13
381 73
382 41
383 35
384 46
385 105
386 23
387 35
388 20
389 43
390 14
391 34
392 32
393 38
394 18
395 20
396 17
397 34
398 44
399 28
400 18
401 78
402 20
403 30
404 62
405 33
406 12
407 24
408 14
409 7
410 20
411 27
412 27
413 41
414 38
415 24
416 15
417 48
418 50
419 49
420 78
421 56
422 38
423 10
424 9
425 32
426 11
427 66
428 18
429 13
430 22
431 31
432 15
433 27
434 8
435 28
436 45
437 15
438 18
439 34
440 37
441 13
442 36
443 14
444 17
445 16
446 31
447 30
448 40
449 55
450 28
451 64
452 57
453 24
454 32
455 49
456 40
457 27
458 24
459 51
460 16
461 34
462 60
463 39
464 27
465 15
466 43
467 26
468 34
469 18
470 41
471 22
472 36
473 33
474 20
475 47
476 58
477 64
478 42
479 18
480 9
481 11
482 58
483 6
484 2
485 18
486 35
487 6
488 12
489 11
490 36
491 55
492 8
493 21
494 7
495 18
496 41
497 12
498 19
499 29
500 19
501 42
502 28
503 30
504 6
505 20
506 20
507 17
508 37
509 13
510 6
511 11
512 2
513 28
514 21
515 25
516 54
517 19
518 34
519 6
520 28
521 24
522 29
523 71
524 53
525 26
526 4
527 11
528 3
529 15
530 63
531 28
532 11
533 33
534 13
535 7
536 39
537 23
538 13
539 101
540 62
541 30
542 26
543 61
544 39
545 38
546 21
547 19
548 12
549 66
550 94
551 12
552 84
553 16
554 16
555 5
556 16
557 20
558 77
559 37
560 13
561 56
562 23
563 19
564 4
565 3
566 53
567 22
568 35
569 16
570 21
571 60
572 26
573 107
574 66
575 56
576 30
577 10
578 19
579 71
580 38
581 47
582 17
583 31
584 11
585 11
586 25
587 14
588 11
589 11
590 26
591 39
592 38
593 13
594 13
595 47
596 42
597 30
598 54
599 21
600 18
601 10
602 12
603 14
604 11
605 48
606 27
607 45
608 20
609 23
610 20
611 38
612 5
613 11
614 33
615 27
616 10
617 14
618 16
619 8
620 6
621 10
622 34
623 28
624 32
625 3
626 49
627 29
628 19
629 20
630 31
631 36
632 16
633 56
634 46
635 13
636 7
637 33
638 47
639 25
640 6
641 25
642 24
643 40
644 1
645 43
646 17
647 27
648 26
649 22
650 40
651 35
652 15
653 11
654 31
655 9
656 13
657 1
658 17
659 23
660 62
661 37
662 27
663 41
664 7
665 34
666 25
667 42
668 37
669 16
670 20
671 30
672 24
673 27
674 14
675 11
676 37
677 28
678 18
679 17
680 8
681 9
682 48
683 39
684 36
685 30
686 44
687 36
688 21
689 46
690 17
691 9
692 32
693 21
694 36
695 14
696 58
697 55
698 22
699 35
700 26
701 23
702 16
703 45
704 80
705 7
706 18
707 26
708 29
709 26
710 30
711 82
712 3
713 12
714 26
715 38
716 18
717 31
718 13
719 40
720 11
721 5
722 17
723 79
724 26
725 36
726 22
727 14
728 16
729 26
730 23
731 35
732 18
733 23
734 54
735 5
736 15
737 41
738 42
739 30
740 36
741 7
742 58
743 51
744 57
745 20
746 21
747 36
748 47
749 51
750 58
751 76
752 68
753 24
754 67
755 22
756 28
757 22
758 23
759 30
760 11
761 40
762 16
763 52
764 65
765 39
766 16
767 15
768 94
769 14
770 12
771 17
772 20
773 42
774 22
775 146
776 21
777 39
778 31
779 13
780 21
781 9
782 21
783 44
784 26
785 27
786 30
787 16
788 43
789 23
790 43
791 21
792 26
793 63
794 20
795 13
796 84
797 56
798 38
799 21
800 33
801 32
802 40
803 30
804 31
805 13
806 14
807 9
808 12
809 17
810 40
811 22
812 42
813 14
814 48
815 27
816 30
817 28
818 7
819 31
820 48
821 10
822 32
823 24
824 17
825 100
826 32
827 36
828 35
829 52
830 31
831 28
832 22
833 13
834 15
835 24
836 24
837 24
838 17
839 10
840 6
841 14
842 15
843 16
844 11
845 17
846 34
847 40
848 30
849 25
850 44
851 112
852 3
853 3
854 13
855 25
856 21
857 24
858 14
859 10
860 10
861 24
862 23
863 23
864 35
865 18
866 2
867 38
868 15
869 41
870 59
871 30
872 42
873 3
874 24
875 10
876 4
877 15
878 43
879 22
880 6
881 23
882 6
883 9
884 35
885 25
886 13
887 19
888 16
889 11
890 57
891 29
892 15
893 12
894 33
895 45
896 21
897 6
898 33
899 15
900 47
901 45
902 9
903 42
904 7
905 7
906 4
907 11
908 46
909 2
910 18
911 6
912 27
913 41
914 12
915 21
916 11
917 20
918 15
919 16
920 11
921 16
922 6
923 3
924 13
925 8
926 28
927 6
928 9
929 20
930 34
931 17
932 10
933 18
934 22
935 4
936 12
937 11
938 34
939 7
940 20
941 9
942 12
943 36
944 10
945 13
946 7
947 33
948 8
949 40
950 33
951 7
952 65
953 8
954 17
955 15
956 42
957 37
958 19
959 35
960 20
961 27
962 13
963 29
964 58
965 44
966 61
967 27
968 7
969 10
970 17
971 39
972 64
973 13
974 75
975 30
976 25
977 32
978 14
979 23
980 4
981 23
982 3
983 21
984 10
985 46
986 19
987 6
988 70
989 6
990 34
991 27
992 39
993 16
994 15
995 15
996 30
997 43
998 52
999 23
1000 16
1001 15
1002 64
1003 6
1004 24
1005 23
1006 91
1007 41
1008 88
1009 54
1010 16
1011 2
1012 58
1013 8
1014 85
1015 79
1016 34
1017 27
1018 3
1019 35
1020 3
1021 81
1022 13
1023 10
1024 20
1025 26
1026 32
1027 23
1028 23
1029 31
1030 23
1031 17
1032 93
1033 30
1034 24
1035 18
1036 25
1037 16
1038 13
1039 12
1040 22
1041 8
1042 33
1043 14
1044 20
1045 29
1046 21
1047 15
1048 60
1049 10
1050 8
1051 35
1052 30
1053 36
1054 39
1055 8
1056 23
1057 1
1058 52
1059 19
1060 8
1061 20
1062 13
1063 26
1064 27
1065 7
1066 22
1067 4
1068 15
1069 25
1070 10
1071 13
1072 10
1073 17
1074 25
1075 23
1076 53
1077 12
1078 11
1079 23
1080 25
1081 19
1082 38
1083 18
1084 52
1085 4
1086 11
1087 32
1088 22
1089 31
1090 23
1091 28
1092 16
1093 4
1094 16
1095 10
1096 38
1097 32
1098 23
1099 39
1100 4
1101 15
1102 12
1103 59
1104 71
1105 105
1106 22
1107 38
1108 28
1109 23
1110 34
1111 29
1112 18
1113 30
1114 24
1115 13
1116 7
1117 10
1118 5
1119 10
1120 24
1121 9
1122 24
1123 12
1124 17
1125 48
1126 30
1127 15
1128 16
1129 12
1130 19
1131 56
1132 12
1133 16
1134 17
1135 27
1136 4
1137 8
1138 5
1139 16
1140 23
1141 13
1142 29
1143 7
1144 14
1145 3
1146 17
1147 16
1148 4
1149 46
1150 11
1151 14
1152 70
1153 5
1154 39
1155 20
1156 17
1157 14
1158 26
1159 38
1160 2
1161 19
1162 8
1163 13
1164 5
1165 11
1166 11
1167 9
1168 4
1169 7
1170 6
1171 9
1172 10
1173 3
1174 10
1175 6
1176 3
1177 40
1178 15
1179 6
1180 18
1181 3
1182 7
1183 10
1184 46
1185 44
1186 30
1187 15
1188 7
1189 42
1190 32
1191 38
1192 58
1193 49
1194 37
1195 41
1196 30
1197 33
1198 8
1199 21
1200 23
1201 41
1202 23
1203 20
1204 33
1205 14
1206 9
1207 24
1208 45
1209 43
1210 18
1211 4
1212 18
1213 20
1214 15
1215 16
1216 103
1217 58
1218 41
1219 129
1220 7
1221 18
1222 19
1223 52
1224 68
1225 48
1226 17
1227 6
1228 27
1229 13
1230 58
1231 72
1232 28
1233 82
1234 13
1235 8
1236 10
1237 19
1238 52
1239 69
1240 6
1241 24
1242 19
1243 41
1244 27
1245 15
1246 22
1247 92
1248 10
1249 13
1250 30
1251 19
1252 9
1253 21
1254 7
1255 35
1256 19
1257 24
1258 19
1259 17
1260 18
1261 41
1262 22
1263 26
1264 42
1265 47
1266 56
1267 66
1268 23
1269 8
1270 13
1271 43
1272 52
1273 32
1274 36
1275 33
1276 53
1277 23
1278 23
1279 15
1280 47
1281 56
1282 15
1283 5
1284 33
1285 27
1286 49
1287 10
1288 16
1289 18
1290 16
1291 12
1292 21
1293 58
1294 31
1295 58
1296 33
1297 85
1298 14
1299 25
1300 61
1301 11
1302 44
1303 71
1304 15
1305 18
1306 9
1307 64
1308 24
1309 30
1310 12
1311 22
1312 14
1313 16
1314 57
1315 33
1316 27
1317 14
1318 25
1319 14
1320 63
1321 17
1322 17
1323 26
1324 24
1325 28
1326 47
1327 12
1328 42
1329 19
1330 14
1331 5
1332 17
1333 41
1334 34
1335 40
1336 18
1337 31
1338 29
1339 36
1340 7
1341 6
1342 23
1343 8
1344 31
1345 23
1346 18
1347 23
1348 13
1349 54
1350 17
1351 19
1352 17
1353 31
1354 12
1355 30
1356 15
1357 21
1358 11
1359 39
1360 58
1361 14
1362 24
1363 16
1364 8
1365 31
1366 16
1367 22
1368 13
1369 29
1370 19
1371 27
1372 40
1373 27
1374 12
1375 13
1376 28
1377 19
1378 20
1379 97
1380 44
1381 16
1382 30
1383 26
1384 28
1385 14
1386 32
1387 35
1388 41
1389 14
1390 22
1391 31
1392 16
1393 12
1394 41
1395 18
1396 37
1397 24
1398 17
1399 27
1400 11
1401 16
1402 22
1403 17
1404 29
1405 54
1406 15
1407 47
1408 17
1409 33
1410 43
1411 10
1412 22
1413 26
1414 16
1415 42
1416 5
1417 12
1418 25
1419 9
1420 27
1421 14
1422 33
1423 28
1424 26
1425 23
1426 13
1427 45
1428 19
1429 45
1430 44
1431 12
1432 15
1433 12
1434 14
1435 11
1436 33
1437 11
1438 5
1439 7
1440 48
1441 14
1442 7
1443 38
1444 4
1445 17
1446 32
1447 50
1448 26
1449 33
1450 22
1451 12
1452 48
1453 56
1454 32
1455 46
1456 13
1457 19
1458 38
1459 31
1460 24
1461 12
1462 26
1463 19
1464 48
1465 37
1466 28
1467 38
1468 34
1469 50
1470 29
1471 63
1472 58
1473 10
1474 30
1475 21
1476 47
1477 42
1478 28
1479 26
1480 27
1481 9
1482 13
1483 18
1484 29
1485 53
1486 42
1487 83
1488 19
1489 17
1490 64
1491 11
1492 44
1493 8
1494 13
1495 33
1496 106
1497 23
1498 21
1499 23
1500 37
1501 39
1502 16
1503 36
1504 26
1505 29
1506 47
1507 11
1508 30
1509 41
1510 24
1511 14
1512 37
1513 19
1514 40
1515 23
1516 17
1517 20
1518 43
1519 17
1520 22
1521 15
1522 47
1523 44
1524 27
1525 54
1526 35
1527 31
1528 58
1529 21
1530 19
1531 29
1532 8
1533 15
1534 4
1535 42
1536 6
1537 19
1538 9
1539 34
1540 9
1541 3
1542 15
1543 22
1544 12
1545 20
1546 23
1547 24
1548 49
1549 8
1550 13
1551 23
1552 39
1553 26
1554 16
1555 14
1556 10
1557 30
1558 7
1559 14
1560 10
1561 26
1562 70
1563 20
1564 22
1565 23
1566 61
1567 11
1568 30
1569 11
1570 8
1571 22
1572 64
1573 7
1574 9
1575 24
1576 8
1577 19
1578 32
1579 34
1580 7
1581 28
1582 11
1583 22
1584 31
1585 30
1586 6
1587 11
1588 21
1589 41
1590 79
1591 5
1592 27
1593 11
1594 19
1595 20
1596 66
1597 26
