1 1
2 0
3 15
4 23
5 16
6 25
7 4
8 6
9 14
10 0
11 1
12 2
13 4
14 5
15 5
16 12
17 27
18 25
19 22
20 0
21 10
22 18
23 22
24 28
25 40
26 20
27 16
28 32
29 16
30 11
31 37
32 29
33 30
34 12
35 45
36 23
37 57
38 13
39 38
40 182
41 20
42 17
43 38
44 11
45 29
46 7
47 3
48 16
49 21
50 18
51 45
52 11
53 7
54 30
55 5
56 16
57 14
58 35
59 28
60 57
61 53
62 60
63 34
64 11
65 18
66 30
67 4
68 15
69 39
70 27
71 4
72 17
73 13
74 17
75 34
76 10
77 10
78 7
79 28
80 9
81 19
82 12
83 10
84 17
85 37
86 12
87 31
88 15
89 17
90 17
91 11
92 11
93 35
94 35
95 6
96 32
97 16
98 5
99 15
100 15
101 21
102 9
103 30
104 3
105 4
106 12
107 6
108 38
109 12
110 5
111 10
112 50
113 6
114 47
115 11
116 16
117 28
118 30
119 11
120 36
121 15
122 18
123 25
124 17
125 16
126 24
127 9
128 18
129 29
130 10
131 22
132 28
133 34
134 32
135 26
136 17
137 10
138 17
139 10
140 22
141 77
142 19
143 14
144 14
145 25
146 47
147 51
148 36
149 20
150 19
151 35
152 25
153 44
154 25
155 15
156 15
157 3
158 39
159 15
160 8
161 19
162 6
163 23
164 4
165 6
166 45
167 16
168 13
169 27
170 11
171 22
172 9
173 6
174 28
175 47
176 22
177 93
178 44
179 85
180 126
181 48
182 34
183 33
184 26
185 12
186 31
187 27
188 36
189 15
190 36
191 80
192 42
193 33
194 19
195 52
196 12
197 17
198 11
199 20
200 33
201 8
202 26
203 16
204 15
205 28
206 26
207 44
208 69
209 52
210 11
211 12
212 25
213 22
214 28
215 12
216 18
217 44
218 38
219 30
220 60
221 25
222 51
223 57
224 57
225 45
226 13
227 90
228 43
229 32
230 29
231 51
232 34
233 84
234 19
235 204
236 11
237 57
238 54
239 65
240 28
241 63
242 11
243 34
244 17
245 29
246 49
247 6
248 8
249 36
250 36
251 34
252 30
253 13
254 27
255 56
256 17
257 64
258 46
259 44
260 65
261 48
262 5
263 51
264 21
265 90
266 9
267 45
268 40
269 16
270 20
271 87
272 16
273 56
274 15
275 32
276 2
277 10
278 35
279 46
280 14
281 36
282 30
283 31
284 14
285 32
286 23
287 62
288 37
289 2
290 65
291 36
292 17
293 48
294 14
295 20
296 9
297 17
298 40
299 34
300 20
301 26
302 31
303 25
304 62
305 15
306 18
307 55
308 79
309 43
310 15
311 41
312 30
313 53
314 72
315 45
316 46
317 14
318 58
319 29
320 32
321 58
322 53
323 56
324 39
325 11
326 23
327 36
328 40
329 21
330 17
331 43
332 46
333 62
334 55
335 25
336 30
337 60
338 29
339 67
340 37
341 26
342 36
343 98
344 46
345 21
346 117
347 19
348 25
349 33
350 7
351 66
352 33
353 18
354 17
355 57
356 29
357 15
358 30
359 23
360 13
361 92
362 17
363 12
364 21
365 16
366 28
367 39
368 23
369 35
370 32
371 89
372 7
373 6
374 14
375 18
376 18
377 21
378 12
379 25
380 16
381 41
382 19
383 20
384 31
385 51
386 29
387 46
388 14
389 27
390 33
391 37
392 51
393 23
394 11
395 42
396 18
397 50
398 36
399 1
400 45
401 69
402 22
403 41
404 21
405 25
406 40
407 7
408 12
409 7
410 14
411 26
412 24
413 16
414 33
415 43
416 26
417 12
418 53
419 27
420 43
421 38
422 40
423 18
424 31
425 44
426 16
427 27
428 18
429 15
430 49
431 50
432 42
433 59
434 8
435 40
436 33
437 14
438 19
439 28
440 58
441 25
442 46
443 39
444 18
445 18
446 45
447 28
448 49
449 55
450 11
451 36
452 42
453 29
454 38
455 46
456 31
457 35
458 39
459 55
460 33
461 19
462 27
463 41
464 35
465 19
466 61
467 28
468 18
469 27
470 56
471 58
472 33
473 41
474 11
475 32
476 31
477 34
478 22
479 6
480 13
481 17
482 20
483 5
484 6
485 11
486 11
487 9
488 7
489 12
490 15
491 14
492 16
493 11
494 4
495 10
496 34
497 8
498 22
499 15
500 23
501 35
502 22
503 12
504 3
505 15
506 7
507 17
508 41
509 20
510 22
511 26
512 7
513 26
514 39
515 44
516 18
517 9
518 9
519 7
520 14
521 27
522 25
523 66
524 5
525 5
526 3
527 3
528 6
529 7
530 26
531 13
532 8
533 10
534 6
535 7
536 25
537 28
538 8
539 94
540 41
541 10
542 12
543 21
544 44
545 10
546 11
547 11
548 7
549 37
550 57
551 5
552 48
553 13
554 8
555 5
556 25
557 14
558 11
559 16
560 19
561 37
562 13
563 28
564 7
565 7
566 8
567 13
568 13
569 14
570 7
571 34
572 18
573 48
574 34
575 23
576 17
577 8
578 13
579 45
580 48
581 21
582 26
583 40
584 38
585 15
586 24
587 37
588 11
589 24
590 18
591 35
592 50
593 24
594 16
595 69
596 93
597 49
598 49
599 12
600 14
601 9
602 24
603 27
604 25
605 58
606 28
607 42
608 35
609 22
610 23
611 63
612 12
613 12
614 47
615 34
616 21
617 13
618 23
619 29
620 22
621 25
622 26
623 17
624 43
625 8
626 44
627 53
628 26
629 30
630 43
631 37
632 29
633 50
634 30
635 15
636 10
637 48
638 61
639 16
640 13
641 14
642 15
643 54
644 7
645 33
646 7
647 78
648 26
649 36
650 34
651 39
652 25
653 8
654 37
655 30
656 9
657 3
658 13
659 25
660 22
661 22
662 35
663 46
664 11
665 44
666 26
667 29
668 38
669 33
670 26
671 26
672 15
673 26
674 25
675 21
676 23
677 31
678 15
679 30
680 26
681 20
682 38
683 17
684 29
685 10
686 53
687 45
688 11
689 42
690 14
691 18
692 54
693 15
694 55
695 11
696 43
697 26
698 15
699 25
700 20
701 23
702 8
703 26
704 65
705 14
706 23
707 14
708 16
709 33
710 22
711 77
712 7
713 10
714 20
715 36
716 32
717 16
718 7
719 28
720 24
721 2
722 19
723 25
724 16
725 37
726 14
727 24
728 9
729 31
730 31
731 20
732 9
733 19
734 21
735 3
736 17
737 57
738 30
739 29
740 11
741 22
742 48
743 45
744 60
745 25
746 29
747 57
748 94
749 32
750 42
751 44
752 50
753 18
754 64
755 31
756 52
757 23
758 20
759 25
760 11
761 65
762 20
763 43
764 25
765 34
766 25
767 18
768 76
769 19
770 8
771 18
772 10
773 33
774 13
775 102
776 33
777 47
778 45
779 40
780 13
781 3
782 20
783 40
784 30
785 31
786 49
787 29
788 46
789 22
790 17
791 12
792 2
793 41
794 13
795 10
796 52
797 38
798 24
799 28
800 20
801 27
802 47
803 24
804 48
805 11
806 12
807 3
808 8
809 27
810 31
811 25
812 40
813 15
814 17
815 28
816 19
817 13
818 16
819 23
820 43
821 19
822 35
823 31
824 15
825 43
826 13
827 15
828 17
829 23
830 28
831 24
832 8
833 19
834 24
835 33
836 22
837 39
838 18
839 8
840 15
841 4
842 8
843 20
844 25
845 12
846 42
847 42
848 24
849 33
850 28
851 20
852 13
853 4
854 25
855 18
856 28
857 25
858 6
859 7
860 4
861 47
862 34
863 18
864 35
865 15
866 4
867 48
868 19
869 23
870 50
871 40
872 56
873 20
874 29
875 2
876 5
877 11
878 33
879 35
880 23
881 36
882 21
883 17
884 28
885 11
886 12
887 18
888 18
889 7
890 20
891 17
892 3
893 14
894 12
895 18
896 8
897 3
898 49
899 14
900 41
901 7
902 3
903 7
904 6
905 9
906 2
907 19
908 30
909 3
910 9
911 6
912 18
913 18
914 9
915 8
916 9
917 17
918 7
919 11
920 4
921 13
922 9
923 15
924 19
925 7
926 9
927 2
928 18
929 21
930 20
931 12
932 7
933 4
934 17
935 3
936 21
937 7
938 22
939 8
940 13
941 5
942 24
943 29
944 10
945 4
946 5
947 18
948 10
949 24
950 7
951 5
952 31
953 14
954 29
955 4
956 50
957 26
958 48
959 47
960 7
961 14
962 5
963 26
964 19
965 13
966 32
967 32
968 7
969 7
970 26
971 51
972 30
973 15
974 48
975 7
976 14
977 51
978 19
979 6
980 12
981 16
982 9
983 22
984 6
985 27
986 14
987 12
988 41
989 4
990 19
991 36
992 23
993 13
994 6
995 7
996 12
997 44
998 26
999 20
1000 9
1001 16
1002 45
1003 2
1004 24
1005 22
1006 40
1007 32
1008 68
1009 16
1010 2
1011 7
1012 54
1013 2
1014 29
1015 56
1016 31
1017 6
1018 2
1019 40
1020 15
1021 64
1022 10
1023 6
1024 6
1025 12
1026 29
1027 18
1028 6
1029 21
1030 20
1031 11
1032 47
1033 23
1034 36
1035 22
1036 20
1037 16
1038 10
1039 7
1040 20
1041 13
1042 38
1043 9
1044 20
1045 40
1046 17
1047 10
1048 56
1049 3
1050 5
1051 19
1052 34
1053 14
1054 45
1055 12
1056 21
1057 3
1058 52
1059 40
1060 8
1061 34
1062 10
1063 10
1064 15
1065 6
1066 24
1067 4
1068 41
1069 39
1070 8
1071 11
1072 4
1073 25
1074 25
1075 19
1076 53
1077 9
1078 14
1079 12
1080 31
1081 26
1082 82
1083 24
1084 53
1085 4
1086 18
1087 29
1088 14
1089 8
1090 40
1091 24
1092 15
1093 3
1094 15
1095 6
1096 26
1097 32
1098 39
1099 41
1100 10
1101 22
1102 3
1103 40
1104 38
1105 71
1106 13
1107 47
1108 41
1109 9
1110 8
1111 34
1112 15
1113 11
1114 11
1115 8
1116 3
1117 18
1118 6
1119 3
1120 7
1121 8
1122 6
1123 3
1124 6
1125 11
1126 13
1127 4
1128 14
1129 4
1130 22
1131 24
1132 2
1133 8
1134 10
1135 9
1136 4
1137 7
1138 3
1139 14
1140 7
1141 8
1142 8
1143 0
1144 3
1145 3
1146 16
1147 11
1148 8
1149 21
1150 4
1151 3
1152 10
1153 6
1154 5
1155 3
1156 11
1157 8
1158 10
1159 30
1160 0
1161 7
1162 4
1163 11
1164 8
1165 7
1166 8
1167 5
1168 6
1169 5
1170 12
1171 3
1172 1
1173 0
1174 8
1175 10
1176 3
1177 15
1178 21
1179 5
1180 19
1181 2
1182 6
1183 6
1184 21
1185 13
1186 27
1187 25
1188 14
1189 25
1190 19
1191 8
1192 37
1193 63
1194 19
1195 18
1196 26
1197 30
1198 8
1199 16
1200 34
1201 67
1202 10
1203 26
1204 27
1205 21
1206 5
1207 40
1208 57
1209 23
1210 20
1211 11
1212 20
1213 12
1214 16
1215 35
1216 89
1217 47
1218 40
1219 58
1220 3
1221 14
1222 19
1223 60
1224 124
1225 26
1226 13
1227 4
1228 19
1229 26
1230 35
1231 97
1232 9
1233 62
1234 8
1235 7
1236 24
1237 9
1238 38
1239 82
1240 40
1241 29
1242 31
1243 25
1244 26
1245 40
1246 23
1247 112
1248 27
1249 24
1250 43
1251 4
1252 10
1253 21
1254 12
1255 38
1256 27
1257 41
1258 27
1259 24
1260 34
1261 51
1262 44
1263 31
1264 28
1265 43
1266 21
1267 41
1268 22
1269 8
1270 9
1271 6
1272 22
1273 13
1274 9
1275 38
1276 17
1277 15
1278 33
1279 14
1280 23
1281 52
1282 9
1283 28
1284 33
1285 22
1286 61
1287 11
1288 21
1289 14
1290 20
1291 16
1292 37
1293 64
1294 15
1295 86
1296 34
1297 112
1298 31
1299 8
1300 88
1301 9
1302 37
1303 66
1304 8
1305 12
1306 11
1307 39
1308 16
1309 36
1310 17
1311 14
1312 20
1313 6
1314 43
1315 16
1316 19
1317 22
1318 37
1319 10
1320 37
1321 18
1322 6
1323 31
1324 9
1325 21
1326 45
1327 9
1328 29
1329 25
1330 19
1331 10
1332 4
1333 18
1334 23
1335 54
1336 18
1337 32
1338 28
1339 34
1340 19
1341 5
1342 26
1343 16
1344 37
1345 14
1346 12
1347 12
1348 18
1349 36
1350 27
1351 16
1352 47
1353 33
1354 9
1355 36
1356 14
1357 22
1358 12
1359 66
1360 26
1361 8
1362 14
1363 41
1364 37
1365 33
1366 23
1367 13
1368 22
1369 35
1370 41
1371 19
1372 42
1373 19
1374 17
1375 12
1376 21
1377 30
1378 21
1379 82
1380 28
1381 32
1382 34
1383 28
1384 26
1385 7
1386 27
1387 13
1388 35
1389 39
1390 31
1391 26
1392 39
1393 25
1394 58
1395 45
1396 35
1397 37
1398 22
1399 23
1400 10
1401 37
1402 15
1403 28
1404 35
1405 40
1406 13
1407 47
1408 16
1409 64
1410 59
1411 21
1412 27
1413 29
1414 23
1415 48
1416 13
1417 9
1418 44
1419 10
1420 16
1421 25
1422 16
1423 29
1424 18
1425 23
1426 29
1427 25
1428 23
1429 33
1430 23
1431 18
1432 8
1433 15
1434 10
1435 17
1436 35
1437 31
1438 11
1439 6
1440 13
1441 17
1442 7
1443 24
1444 16
1445 39
1446 18
1447 52
1448 29
1449 63
1450 24
1451 27
1452 32
1453 36
1454 12
1455 15
1456 13
1457 5
1458 14
1459 73
1460 61
1461 33
1462 36
1463 24
1464 23
1465 35
1466 39
1467 38
1468 34
1469 39
1470 105
1471 41
1472 47
1473 44
1474 38
1475 39
1476 77
1477 35
1478 21
1479 28
1480 28
1481 23
1482 57
1483 9
1484 41
1485 22
1486 35
1487 52
1488 9
1489 21
1490 70
1491 7
1492 32
1493 5
1494 17
1495 17
1496 59
1497 18
1498 9
1499 9
1500 14
1501 19
1502 14
1503 8
1504 16
1505 32
1506 12
1507 11
1508 35
1509 8
1510 16
1511 28
1512 12
1513 20
1514 29
1515 22
1516 20
1517 6
1518 14
1519 20
1520 26
1521 12
1522 40
1523 28
1524 4
1525 13
1526 10
1527 25
1528 36
1529 24
1530 14
1531 9
1532 14
1533 2
1534 2
1535 52
1536 10
1537 22
1538 3
1539 21
1540 8
1541 2
1542 9
1543 8
1544 11
1545 4
1546 12
1547 5
1548 18
1549 16
1550 11
1551 12
1552 13
1553 18
1554 10
1555 16
1556 8
1557 17
1558 10
1559 6
1560 6
1561 12
1562 55
1563 16
1564 6
1565 14
1566 43
1567 5
1568 13
1569 10
1570 18
1571 12
1572 51
1573 5
1574 13
1575 13
1576 26
1577 24
1578 24
1579 14
1580 17
1581 13
1582 17
1583 18
1584 34
1585 9
1586 2
1587 5
1588 9
1589 7
1590 37
1591 2
1592 11
1593 6
1594 14
1595 47
1596 56
1597 7
