1 0
2 4
3 18
4 53
5 40
6 74
7 2
8 3
9 33
10 5
11 2
12 6
13 15
14 15
15 20
16 51
17 28
18 46
19 14
20 5
21 14
22 18
23 7
24 15
25 36
26 12
27 11
28 13
29 12
30 59
31 31
32 27
33 25
34 16
35 36
36 20
37 12
38 14
39 24
40 25
41 33
42 14
43 25
44 9
45 38
46 14
47 15
48 9
49 47
50 21
51 42
52 10
53 47
54 17
55 25
56 18
57 22
58 17
59 24
60 36
61 27
62 45
63 41
64 15
65 15
66 21
67 7
68 21
69 34
70 20
71 4
72 8
73 4
74 7
75 13
76 12
77 7
78 10
79 14
80 9
81 15
82 12
83 11
84 20
85 124
86 27
87 70
88 16
89 14
90 13
91 28
92 12
93 47
94 63
95 32
96 22
97 15
98 3
99 31
100 17
101 31
102 3
103 15
104 1
105 6
106 17
107 24
108 47
109 17
110 5
111 9
112 23
113 3
114 35
115 5
116 13
117 20
118 10
119 12
120 14
121 23
122 6
123 29
124 11
125 41
126 23
127 7
128 20
129 11
130 3
131 6
132 15
133 15
134 22
135 24
136 13
137 5
138 29
139 6
140 16
141 22
142 10
143 17
144 2
145 12
146 56
147 25
148 41
149 25
150 7
151 7
152 31
153 16
154 38
155 6
156 25
157 3
158 18
159 7
160 8
161 10
162 2
163 20
164 10
165 7
166 37
167 16
168 29
169 14
170 5
171 25
172 14
173 49
174 13
175 48
176 17
177 52
178 47
179 54
180 33
181 26
182 20
183 25
184 6
185 10
186 6
187 23
188 19
189 17
190 15
191 37
192 40
193 13
194 15
195 12
196 4
197 16
198 7
199 27
200 15
201 58
202 23
203 12
204 38
205 17
206 13
207 58
208 37
209 35
210 7
211 13
212 31
213 17
214 17
215 13
216 9
217 21
218 16
219 19
220 19
221 23
222 36
223 85
224 34
225 35
226 13
227 36
228 18
229 14
230 36
231 22
232 28
233 37
234 37
235 21
236 21
237 39
238 70
239 39
240 24
241 27
242 11
243 11
244 6
245 1
246 22
247 12
248 2
249 20
250 20
251 64
252 14
253 6
254 23
255 30
256 7
257 30
258 25
259 50
260 38
261 43
262 4
263 37
264 11
265 71
266 24
267 28
268 18
269 7
270 9
271 63
272 6
273 36
274 9
275 18
276 3
277 7
278 49
279 47
280 22
281 28
282 33
283 5
284 9
285 14
286 22
287 30
288 16
289 10
290 24
291 67
292 24
293 30
294 8
295 67
296 11
297 12
298 21
299 31
300 15
301 17
302 9
303 5
304 62
305 7
306 17
307 37
308 24
309 16
310 41
311 17
312 34
313 20
314 27
315 25
316 22
317 7
318 25
319 34
320 21
321 36
322 31
323 18
324 23
325 22
326 12
327 18
328 20
329 23
330 13
331 25
332 41
333 25
334 38
335 18
336 72
337 43
338 24
339 25
340 25
341 13
342 23
343 81
344 36
345 7
346 26
347 9
348 20
349 43
350 2
351 29
352 27
353 14
354 5
355 37
356 19
357 3
358 21
359 10
360 7
361 44
362 17
363 17
364 14
365 32
366 18
367 29
368 13
369 86
370 24
371 36
372 5
373 4
374 19
375 9
376 7
377 7
378 2
379 9
380 11
381 14
382 13
383 32
384 31
385 18
386 7
387 32
388 11
389 19
390 21
391 26
392 20
393 33
394 4
395 15
396 14
397 17
398 19
399 9
400 22
401 20
402 12
403 23
404 18
405 8
406 11
407 17
408 18
409 7
410 17
411 13
412 11
413 18
414 27
415 20
416 21
417 33
418 19
419 16
420 44
421 30
422 25
423 19
424 31
425 28
426 7
427 39
428 18
429 6
430 21
431 23
432 19
433 23
434 3
435 12
436 43
437 4
438 19
439 26
440 26
441 5
442 23
443 15
444 26
445 5
446 47
447 14
448 19
449 9
450 25
451 22
452 31
453 22
454 26
455 28
456 29
457 21
458 37
459 40
460 4
461 46
462 23
463 18
464 12
465 58
466 30
467 20
468 8
469 15
470 38
471 41
472 13
473 20
474 5
475 29
476 24
477 36
478 23
479 19
480 6
481 8
482 15
483 12
484 6
485 10
486 6
487 6
488 5
489 6
490 9
491 34
492 7
493 43
494 5
495 4
496 57
497 14
498 17
499 7
500 7
501 12
502 20
503 30
504 4
505 14
506 5
507 12
508 7
509 4
510 12
511 16
512 5
513 11
514 78
515 30
516 11
517 5
518 3
519 10
520 2
521 35
522 33
523 50
524 10
525 3
526 17
527 1
528 12
529 7
530 26
531 10
532 20
533 6
534 7
535 12
536 47
537 13
538 31
539 114
540 39
541 9
542 11
543 24
544 12
545 12
546 4
547 11
548 11
549 21
550 48
551 13
552 74
553 8
554 12
555 9
556 10
557 18
558 5
559 17
560 8
561 42
562 14
563 24
564 28
565 5
566 11
567 29
568 29
569 5
570 6
571 46
572 16
573 46
574 47
575 30
576 49
577 15
578 6
579 51
580 28
581 38
582 131
583 19
584 10
585 10
586 21
587 16
588 5
589 12
590 16
591 19
592 18
593 32
594 2
595 33
596 73
597 26
598 19
599 17
600 10
601 18
602 17
603 14
604 15
605 22
606 25
607 34
608 26
609 14
610 28
611 34
612 8
613 15
614 21
615 18
616 12
617 13
618 21
619 22
620 12
621 13
622 15
623 6
624 13
625 6
626 42
627 25
628 32
629 20
630 13
631 17
632 12
633 48
634 33
635 8
636 16
637 31
638 37
639 12
640 9
641 8
642 29
643 33
644 13
645 25
646 13
647 29
648 29
649 11
650 99
651 32
652 27
653 8
654 17
655 10
656 6
657 3
658 24
659 20
660 24
661 29
662 15
663 24
664 15
665 21
666 17
667 17
668 82
669 31
670 39
671 16
672 14
673 12
674 23
675 7
676 5
677 20
678 12
679 26
680 13
681 9
682 23
683 33
684 12
685 28
686 22
687 14
688 15
689 15
690 13
691 22
692 29
693 20
694 28
695 9
696 41
697 14
698 13
699 19
700 31
701 14
702 6
703 14
704 47
705 11
706 18
707 17
708 79
709 31
710 22
711 39
712 16
713 6
714 12
715 21
716 27
717 58
718 32
719 20
720 7
721 4
722 29
723 45
724 33
725 90
726 16
727 21
728 20
729 26
730 19
731 7
732 13
733 14
734 29
735 7
736 20
737 34
738 50
739 21
740 8
741 33
742 22
743 60
744 38
745 46
746 25
747 26
748 49
749 35
750 25
751 32
752 15
753 14
754 28
755 20
756 16
757 24
758 9
759 17
760 17
761 32
762 21
763 23
764 14
765 41
766 12
767 18
768 56
769 11
770 9
771 20
772 13
773 69
774 20
775 74
776 30
777 36
778 22
779 15
780 18
781 4
782 33
783 19
784 18
785 16
786 20
787 19
788 53
789 24
790 49
791 12
792 9
793 23
794 18
795 10
796 45
797 32
798 28
799 23
800 15
801 17
802 39
803 27
804 24
805 11
806 10
807 6
808 9
809 4
810 47
811 18
812 26
813 28
814 15
815 19
816 10
817 14
818 13
819 24
820 28
821 21
822 21
823 10
824 18
825 34
826 29
827 15
828 62
829 21
830 23
831 15
832 19
833 12
834 18
835 10
836 4
837 21
838 11
839 12
840 19
841 2
842 12
843 20
844 25
845 13
846 28
847 20
848 20
849 14
850 18
851 17
852 25
853 15
854 17
855 16
856 19
857 13
858 13
859 11
860 24
861 42
862 42
863 7
864 20
865 9
866 3
867 36
868 37
869 7
870 30
871 33
872 18
873 15
874 9
875 2
876 14
877 14
878 33
879 24
880 16
881 18
882 31
883 65
884 13
885 10
886 14
887 14
888 22
889 4
890 23
891 9
892 12
893 12
894 7
895 14
896 6
897 26
898 47
899 25
900 34
901 12
902 6
903 10
904 9
905 4
906 2
907 14
908 47
909 3
910 9
911 3
912 20
913 12
914 16
915 4
916 12
917 41
918 11
919 6
920 13
921 16
922 22
923 15
924 6
925 6
926 15
927 3
928 17
929 6
930 18
931 9
932 9
933 15
934 19
935 6
936 20
937 3
938 14
939 13
940 8
941 8
942 12
943 13
944 8
945 8
946 21
947 29
948 14
949 31
950 14
951 10
952 10
953 10
954 17
955 11
956 19
957 11
958 26
959 28
960 6
961 7
962 20
963 36
964 14
965 21
966 65
967 16
968 11
969 8
970 10
971 47
972 21
973 16
974 28
975 15
976 4
977 10
978 33
979 14
980 13
981 20
982 21
983 11
984 5
985 14
986 6
987 7
988 26
989 6
990 4
991 18
992 2
993 12
994 5
995 9
996 10
997 21
998 13
999 7
1000 6
1001 16
1002 23
1003 30
1004 9
1005 11
1006 18
1007 14
1008 28
1009 6
1010 29
1011 8
1012 21
1013 3
1014 19
1015 12
1016 10
1017 5
1018 38
1019 14
1020 17
1021 12
1022 10
1023 14
1024 14
1025 4
1026 9
1027 4
1028 7
1029 10
1030 10
1031 5
1032 30
1033 15
1034 18
1035 15
1036 19
1037 6
1038 5
1039 13
1040 17
1041 33
1042 22
1043 12
1044 8
1045 24
1046 11
1047 7
1048 39
1049 21
1050 14
1051 13
1052 16
1053 19
1054 16
1055 18
1056 20
1057 0
1058 30
1059 21
1060 17
1061 20
1062 14
1063 5
1064 14
1065 7
1066 18
1067 2
1068 24
1069 20
1070 24
1071 6
1072 8
1073 18
1074 12
1075 14
1076 34
1077 5
1078 16
1079 5
1080 25
1081 8
1082 50
1083 16
1084 24
1085 3
1086 4
1087 9
1088 14
1089 11
1090 26
1091 9
1092 11
1093 3
1094 1
1095 0
1096 23
1097 12
1098 5
1099 10
1100 15
1101 5
1102 0
1103 26
1104 29
1105 29
1106 0
1107 28
1108 13
1109 6
1110 13
1111 6
1112 15
1113 11
1114 9
1115 6
1116 2
1117 10
1118 4
1119 1
1120 1
1121 1
1122 1
1123 0
1124 3
1125 0
1126 0
1127 2
1128 1
1129 0
1130 0
1131 2
1132 1
1133 1
1134 0
1135 1
1136 0
1137 2
1138 1
1139 2
1140 0
1141 1
1142 1
1143 1
1144 0
1145 0
1146 2
1147 1
1148 0
1149 2
1150 0
1151 0
1152 1
1153 170
1154 0
1155 1
1156 1
1157 4
1158 3
1159 1
1160 0
1161 1
1162 18
1163 15
1164 14
1165 24
1166 12
1167 32
1168 7
1169 3
1170 8
1171 7
1172 3
1173 1
1174 11
1175 11
1176 5
1177 38
1178 41
1179 4
1180 3
1181 1
1182 13
1183 1
1184 5
1185 1
1186 3
1187 8
1188 24
1189 5
1190 9
1191 9
1192 22
1193 34
1194 14
1195 22
1196 27
1197 21
1198 21
1199 14
1200 24
1201 22
1202 15
1203 6
1204 8
1205 7
1206 12
1207 24
1208 21
1209 11
1210 63
1211 6
1212 9
1213 12
1214 11
1215 12
1216 30
1217 12
1218 21
1219 16
1220 6
1221 8
1222 9
1223 39
1224 30
1225 30
1226 5
1227 4
1228 8
1229 10
1230 15
1231 32
1232 6
1233 30
1234 1
1235 6
1236 30
1237 9
1238 17
1239 16
1240 15
1241 23
1242 52
1243 29
1244 18
1245 19
1246 34
1247 73
1248 5
1249 14
1250 55
1251 9
1252 10
1253 6
1254 20
1255 19
1256 27
1257 17
1258 21
1259 14
1260 40
1261 24
1262 36
1263 19
1264 31
1265 18
1266 11
1267 21
1268 10
1269 19
1270 5
1271 18
1272 14
1273 18
1274 10
1275 10
1276 12
1277 5
1278 25
1279 45
1280 20
1281 36
1282 43
1283 17
1284 34
1285 45
1286 38
1287 16
1288 11
1289 14
1290 14
1291 22
1292 15
1293 99
1294 30
1295 41
1296 41
1297 77
1298 17
1299 18
1300 77
1301 11
1302 62
1303 35
1304 21
1305 11
1306 21
1307 45
1308 11
1309 25
1310 21
1311 20
1312 9
1313 16
1314 54
1315 18
1316 18
1317 74
1318 20
1319 37
1320 50
1321 25
1322 5
1323 31
1324 8
1325 20
1326 46
1327 25
1328 18
1329 10
1330 18
1331 13
1332 9
1333 23
1334 25
1335 38
1336 16
1337 26
1338 27
1339 29
1340 23
1341 9
1342 29
1343 30
1344 37
1345 25
1346 9
1347 24
1348 13
1349 58
1350 14
1351 23
1352 22
1353 29
1354 20
1355 12
1356 22
1357 28
1358 72
1359 49
1360 41
1361 3
1362 29
1363 23
1364 11
1365 28
1366 20
1367 30
1368 18
1369 28
1370 17
1371 24
1372 51
1373 37
1374 18
1375 21
1376 18
1377 62
1378 29
1379 26
1380 7
1381 7
1382 16
1383 32
1384 11
1385 11
1386 20
1387 12
1388 32
1389 46
1390 11
1391 35
1392 36
1393 15
1394 34
1395 16
1396 26
1397 19
1398 28
1399 12
1400 8
1401 17
1402 18
1403 41
1404 33
1405 40
1406 33
1407 17
1408 35
1409 30
1410 26
1411 19
1412 15
1413 30
1414 14
1415 9
1416 15
1417 17
1418 55
1419 18
1420 32
1421 12
1422 7
1423 24
1424 27
1425 13
1426 15
1427 18
1428 27
1429 42
1430 39
1431 13
1432 7
1433 28
1434 10
1435 11
1436 19
1437 17
1438 8
1439 16
1440 21
1441 20
1442 7
1443 23
1444 14
1445 16
1446 12
1447 33
1448 34
1449 21
1450 13
1451 23
1452 23
1453 40
1454 20
1455 21
1456 4
1457 14
1458 28
1459 12
1460 20
1461 16
1462 34
1463 16
1464 17
1465 32
1466 37
1467 27
1468 30
1469 33
1470 41
1471 35
1472 20
1473 16
1474 15
1475 22
1476 41
1477 15
1478 37
1479 25
1480 20
1481 19
1482 12
1483 98
1484 28
1485 19
1486 38
1487 36
1488 24
1489 14
1490 38
1491 2
1492 19
1493 0
1494 5
1495 7
1496 11
1497 9
1498 25
1499 22
1500 5
1501 10
1502 12
1503 8
1504 8
1505 13
1506 9
1507 8
1508 22
1509 16
1510 11
1511 13
1512 8
1513 21
1514 18
1515 11
1516 132
1517 12
1518 74
1519 21
1520 15
1521 6
1522 19
1523 27
1524 14
1525 7
1526 17
1527 31
1528 44
1529 37
1530 10
1531 5
1532 2
1533 5
1534 5
1535 19
1536 4
1537 14
1538 3
1539 8
1540 8
1541 4
1542 8
1543 6
1544 14
1545 12
1546 9
1547 6
1548 7
1549 20
1550 3
1551 16
1552 10
1553 13
1554 13
1555 9
1556 12
1557 16
1558 16
1559 7
1560 6
1561 17
1562 35
1563 4
1564 6
1565 13
1566 41
1567 6
1568 16
1569 3
1570 4
1571 23
1572 56
1573 6
1574 11
1575 23
1576 18
1577 18
1578 10
1579 3
1580 15
1581 28
1582 37
1583 37
1584 27
1585 15
1586 1
1587 0
1588 4
1589 1
1590 13
1591 2
1592 11
1593 8
1594 22
1595 16
1596 48
1597 7
