1 0
2 0
3 8
4 8
5 1
6 25
7 1
8 0
9 21
10 0
11 0
12 8
13 0
14 1
15 2
16 9
17 5
18 30
19 0
20 1
21 1
22 0
23 0
24 6
25 2
26 34
27 11
28 3
29 7
30 0
31 3
32 7
33 7
34 20
35 5
36 8
37 26
38 6
39 3
40 2
41 4
42 7
43 2
44 2
45 2
46 2
47 1
48 2
49 7
50 3
51 5
52 2
53 2
54 3
55 0
56 9
57 0
58 15
59 6
60 8
61 5
62 6
63 2
64 2
65 3
66 10
67 0
68 3
69 5
70 3
71 1
72 11
73 18
74 18
75 17
76 49
77 7
78 6
79 24
80 8
81 25
82 2
83 19
84 2
85 15
86 24
87 3
88 0
89 17
90 15
91 24
92 0
93 54
94 32
95 6
96 25
97 2
98 4
99 2
100 0
101 17
102 4
103 23
104 0
105 0
106 2
107 14
108 2
109 4
110 10
111 12
112 53
113 0
114 5
115 13
116 2
117 8
118 0
119 2
120 36
121 34
122 2
123 7
124 20
125 4
126 31
127 6
128 11
129 3
130 3
131 1
132 0
133 3
134 5
135 0
136 2
137 1
138 10
139 0
140 4
141 5
142 5
143 4
144 3
145 15
146 0
147 1
148 1
149 0
150 0
151 4
152 0
153 4
154 1
155 6
156 0
157 0
158 5
159 2
160 3
161 3
162 7
163 0
164 0
165 9
166 1
167 0
168 0
169 10
170 0
171 0
172 0
173 0
174 3
175 19
176 13
177 17
178 3
179 17
180 14
181 8
182 1
183 3
184 15
185 15
186 1
187 0
188 10
189 0
190 0
191 1
192 2
193 5
194 4
195 6
196 6
197 0
198 0
199 1
200 25
201 5
202 0
203 4
204 0
205 7
206 4
207 5
208 7
209 7
210 1
211 4
212 0
213 8
214 7
215 0
216 3
217 16
218 29
219 13
220 6
221 10
222 6
223 7
224 2
225 24
226 0
227 0
228 8
229 7
230 0
231 36
232 0
233 7
234 1
235 4
236 7
237 1
238 4
239 0
240 1
241 4
242 0
243 42
244 0
245 0
246 2
247 1
248 8
249 3
250 6
251 4
252 1
253 2
254 12
255 1
256 7
257 21
258 11
259 8
260 1
261 1
262 3
263 7
264 2
265 15
266 1
267 11
268 1
269 3
270 2
271 6
272 10
273 0
274 0
275 13
276 1
277 0
278 1
279 0
280 7
281 0
282 0
283 15
284 1
285 4
286 5
287 9
288 4
289 0
290 30
291 2
292 17
293 7
294 0
295 3
296 0
297 0
298 7
299 2
300 1
301 0
302 3
303 1
304 0
305 11
306 25
307 17
308 23
309 24
310 11
311 5
312 6
313 3
314 20
315 17
316 6
317 0
318 13
319 3
320 50
321 12
322 2
323 10
324 18
325 3
326 4
327 6
328 7
329 0
330 3
331 1
332 6
333 6
334 2
335 13
336 9
337 7
338 4
339 6
340 29
341 1
342 5
343 17
344 10
345 3
346 18
347 7
348 0
349 2
350 4
351 16
352 2
353 2
354 2
355 13
356 6
357 0
358 2
359 3
360 0
361 17
362 1
363 2
364 9
365 3
366 13
367 2
368 7
369 21
370 8
371 21
372 9
373 6
374 1
375 0
376 7
377 8
378 0
379 6
380 0
381 9
382 3
383 0
384 14
385 7
386 11
387 23
388 3
389 5
390 5
391 4
392 50
393 5
394 11
395 21
396 0
397 1
398 31
399 2
400 4
401 7
402 13
403 0
404 23
405 3
406 11
407 0
408 6
409 2
410 0
411 6
412 0
413 2
414 1
415 0
416 5
417 0
418 11
419 8
420 5
421 13
422 4
423 0
424 16
425 6
426 0
427 24
428 3
429 4
430 0
431 1
432 3
433 24
434 0
435 7
436 1
437 1
438 4
439 5
440 7
441 1
442 13
443 1
444 2
445 1
446 33
447 1
448 6
449 2
450 8
451 2
452 17
453 4
454 48
455 1
456 6
457 10
458 4
459 14
460 2
461 2
462 5
463 3
464 9
465 0
466 12
467 5
468 2
469 0
470 10
471 9
472 22
473 13
474 5
475 13
476 16
477 1
478 2
479 0
480 0
481 8
482 12
483 0
484 5
485 0
486 0
487 0
488 0
489 2
490 1
491 6
492 2
493 0
494 0
495 3
496 5
497 1
498 23
499 4
500 7
501 0
502 7
503 2
504 5
505 18
506 1
507 0
508 22
509 7
510 4
511 2
512 0
513 4
514 21
515 24
516 0
517 0
518 2
519 0
520 26
521 2
522 16
523 2
524 5
525 5
526 0
527 0
528 3
529 4
530 58
531 8
532 12
533 7
534 1
535 0
536 8
537 21
538 3
539 9
540 8
541 5
542 1
543 21
544 27
545 0
546 0
547 24
548 0
549 4
550 3
551 1
552 1
553 6
554 22
555 17
556 17
557 4
558 20
559 29
560 3
561 4
562 34
563 8
564 4
565 3
566 1
567 7
568 12
569 7
570 5
571 8
572 12
573 38
574 14
575 7
576 11
577 13
578 18
579 8
580 20
581 22
582 2
583 10
584 7
585 3
586 2
587 0
588 0
589 3
590 3
591 4
592 9
593 0
594 1
595 20
596 3
597 6
598 16
599 0
600 0
601 2
602 7
603 0
604 3
605 39
606 4
607 5
608 5
609 2
610 9
611 14
612 1
613 3
614 9
615 10
616 1
617 4
618 0
619 1
620 3
621 3
622 3
623 6
624 13
625 8
626 19
627 12
628 7
629 0
630 2
631 5
632 12
633 7
634 6
635 7
636 1
637 1
638 4
639 9
640 4
641 0
642 1
643 20
644 0
645 4
646 3
647 10
648 3
649 0
650 3
651 3
652 4
653 0
654 6
655 1
656 2
657 2
658 8
659 4
660 6
661 4
662 15
663 0
664 0
665 5
666 11
667 9
668 7
669 2
670 8
671 3
672 2
673 12
674 9
675 7
676 6
677 17
678 1
679 5
680 0
681 7
682 7
683 7
684 10
685 3
686 8
687 5
688 2
689 8
690 3
691 15
692 19
693 2
694 5
695 9
696 44
697 3
698 4
699 12
700 1
701 2
702 2
703 40
704 39
705 3
706 10
707 8
708 5
709 4
710 0
711 36
712 0
713 2
714 1
715 14
716 10
717 2
718 3
719 6
720 2
721 2
722 0
723 26
724 3
725 3
726 23
727 0
728 0
729 15
730 1
731 4
732 8
733 33
734 10
735 0
736 8
737 12
738 12
739 10
740 0
741 0
742 42
743 13
744 11
745 2
746 16
747 3
748 2
749 2
750 6
751 29
752 29
753 1
754 11
755 4
756 6
757 2
758 18
759 5
760 14
761 28
762 0
763 9
764 1
765 2
766 16
767 8
768 21
769 5
770 0
771 6
772 1
773 4
774 7
775 22
776 0
777 4
778 7
779 16
780 0
781 3
782 0
783 2
784 18
785 3
786 5
787 1
788 16
789 3
790 0
791 1
792 1
793 5
794 0
795 2
796 9
797 15
798 2
799 5
800 1
801 0
802 4
803 3
804 11
805 0
806 9
807 0
808 3
809 1
810 2
811 8
812 4
813 2
814 3
815 8
816 12
817 7
818 10
819 15
820 12
821 3
822 2
823 0
824 1
825 5
826 9
827 8
828 2
829 3
830 13
831 2
832 5
833 6
834 0
835 3
836 2
837 12
838 4
839 3
840 5
841 0
842 11
843 2
844 5
845 1
846 15
847 14
848 2
849 6
850 5
851 9
852 0
853 0
854 2
855 1
856 5
857 9
858 1
859 1
860 0
861 2
862 6
863 22
864 0
865 4
866 0
867 15
868 14
869 4
870 4
871 20
872 2
873 0
874 7
875 0
876 7
877 0
878 12
879 2
880 0
881 0
882 0
883 9
884 1
885 3
886 8
887 10
888 2
889 3
890 0
891 3
892 0
893 7
894 4
895 16
896 0
897 2
898 31
899 2
900 3
901 2
902 0
903 0
904 0
905 0
906 1
907 13
908 11
909 0
910 0
911 4
912 1
913 7
914 4
915 1
916 14
917 6
918 0
919 11
920 13
921 7
922 4
923 2
924 2
925 13
926 1
927 2
928 4
929 10
930 7
931 6
932 0
933 7
934 13
935 0
936 4
937 0
938 2
939 0
940 1
941 0
942 5
943 7
944 0
945 5
946 0
947 7
948 7
949 22
950 0
951 20
952 2
953 0
954 23
955 11
956 27
957 14
958 6
959 34
960 5
961 10
962 3
963 3
964 5
965 6
966 2
967 3
968 0
969 1
970 3
971 7
972 10
973 4
974 13
975 7
976 8
977 7
978 0
979 1
980 0
981 9
982 0
983 3
984 2
985 6
986 1
987 2
988 16
989 0
990 2
991 14
992 6
993 0
994 3
995 10
996 19
997 1
998 8
999 1
1000 0
1001 0
1002 8
1003 1
1004 0
1005 2
1006 18
1007 5
1008 2
1009 18
1010 0
1011 0
1012 12
1013 5
1014 7
1015 10
1016 29
1017 0
1018 0
1019 4
1020 0
1021 24
1022 1
1023 0
1024 0
1025 1
1026 6
1027 5
1028 0
1029 3
1030 5
1031 6
1032 6
1033 1
1034 15
1035 0
1036 0
1037 2
1038 3
1039 2
1040 6
1041 9
1042 3
1043 5
1044 2
1045 0
1046 3
1047 1
1048 6
1049 0
1050 8
1051 5
1052 12
1053 1
1054 18
1055 1
1056 8
1057 0
1058 7
1059 8
1060 0
1061 2
1062 3
1063 0
1064 3
1065 7
1066 0
1067 0
1068 10
1069 2
1070 0
1071 2
1072 4
1073 7
1074 1
1075 8
1076 8
1077 1
1078 0
1079 0
1080 6
1081 9
1082 14
1083 7
1084 2
1085 1
1086 0
1087 7
1088 3
1089 0
1090 16
1091 4
1092 2
1093 4
1094 38
1095 0
1096 24
1097 11
1098 4
1099 4
1100 0
1101 7
1102 0
1103 18
1104 13
1105 7
1106 20
1107 0
1108 10
1109 2
1110 2
1111 15
1112 3
1113 2
1114 4
1115 29
1116 5
1117 4
1118 0
1119 2
1120 1
1121 9
1122 5
1123 4
1124 1
1125 5
1126 4
1127 2
1128 2
1129 0
1130 2
1131 31
1132 0
1133 4
1134 8
1135 1
1136 0
1137 2
1138 10
1139 1
1140 3
1141 1
1142 3
1143 8
1144 9
1145 1
1146 8
1147 15
1148 7
1149 4
1150 1
1151 9
1152 7
1153 0
1154 17
1155 16
1156 4
1157 0
1158 5
1159 6
1160 0
1161 7
1162 1
1163 3
1164 5
1165 57
1166 8
1167 3
1168 3
1169 1
1170 10
1171 7
1172 6
1173 4
1174 5
1175 1
1176 3
1177 33
1178 17
1179 8
1180 9
1181 16
1182 2
1183 7
1184 1
1185 0
1186 2
1187 9
1188 4
1189 4
1190 6
1191 6
1192 7
1193 31
1194 0
1195 2
1196 1
1197 8
1198 0
1199 7
1200 4
1201 42
1202 6
1203 5
1204 7
1205 1
1206 3
1207 3
1208 25
1209 1
1210 5
1211 6
1212 3
1213 1
1214 0
1215 1
1216 14
1217 20
1218 2
1219 21
1220 0
1221 2
1222 30
1223 14
1224 5
1225 10
1226 10
1227 7
1228 0
1229 1
1230 1
1231 22
1232 1
1233 27
1234 5
1235 0
1236 2
1237 1
1238 40
1239 56
1240 1
1241 3
1242 29
1243 1
1244 5
1245 0
1246 4
1247 11
1248 4
1249 3
1250 2
1251 0
1252 1
1253 14
1254 6
1255 3
1256 1
1257 0
1258 25
1259 9
1260 3
1261 4
1262 5
1263 4
1264 51
1265 15
1266 3
1267 3
1268 18
1269 3
1270 2
1271 0
1272 4
1273 2
1274 6
1275 3
1276 0
1277 2
1278 4
1279 3
1280 10
1281 3
1282 3
1283 0
1284 7
1285 0
1286 13
1287 0
1288 5
1289 0
1290 1
1291 3
1292 9
1293 6
1294 9
1295 6
1296 3
1297 17
1298 2
1299 3
1300 24
1301 2
1302 0
1303 12
1304 0
1305 3
1306 0
1307 3
1308 0
1309 10
1310 0
1311 0
1312 7
1313 0
1314 2
1315 6
1316 6
1317 0
1318 1
1319 0
1320 22
1321 2
1322 0
1323 5
1324 0
1325 1
1326 14
1327 0
1328 6
1329 2
1330 11
1331 0
1332 0
1333 3
1334 4
1335 20
1336 0
1337 3
1338 5
1339 1
1340 0
1341 0
1342 8
1343 4
1344 5
1345 5
1346 0
1347 1
1348 0
1349 5
1350 2
1351 14
1352 14
1353 3
1354 18
1355 2
1356 0
1357 1
1358 0
1359 31
1360 9
1361 0
1362 0
1363 6
1364 7
1365 0
1366 3
1367 0
1368 0
1369 12
1370 7
1371 0
1372 1
1373 3
1374 5
1375 0
1376 21
1377 18
1378 43
1379 20
1380 2
1381 38
1382 10
1383 0
1384 4
1385 0
1386 13
1387 0
1388 5
1389 0
1390 2
1391 3
1392 3
1393 1
1394 3
1395 10
1396 20
1397 6
1398 8
1399 3
1400 1
1401 0
1402 1
1403 3
1404 18
1405 11
1406 9
1407 5
1408 4
1409 4
1410 23
1411 7
1412 1
1413 0
1414 5
1415 15
1416 3
1417 2
1418 6
1419 3
1420 2
1421 0
1422 5
1423 1
1424 1
1425 3
1426 0
1427 1
1428 13
1429 2
1430 5
1431 6
1432 2
1433 0
1434 9
1435 6
1436 4
1437 8
1438 6
1439 0
1440 8
1441 0
1442 0
1443 5
1444 0
1445 11
1446 14
1447 10
1448 6
1449 1
1450 24
1451 3
1452 2
1453 5
1454 5
1455 2
1456 3
1457 0
1458 23
1459 7
1460 13
1461 0
1462 0
1463 3
1464 0
1465 25
1466 4
1467 11
1468 7
1469 10
1470 6
1471 1
1472 7
1473 0
1474 5
1475 8
1476 6
1477 5
1478 0
1479 6
1480 14
1481 13
1482 0
1483 5
1484 18
1485 4
1486 2
1487 2
1488 4
1489 1
1490 2
1491 4
1492 4
1493 0
1494 12
1495 18
1496 4
1497 4
1498 1
1499 0
1500 4
1501 7
1502 0
1503 4
1504 15
1505 4
1506 1
1507 5
1508 30
1509 24
1510 2
1511 8
1512 7
1513 7
1514 3
1515 0
1516 0
1517 0
1518 10
1519 0
1520 3
1521 7
1522 10
1523 45
1524 0
1525 10
1526 0
1527 5
1528 13
1529 3
1530 3
1531 4
1532 4
1533 3
1534 0
1535 11
1536 6
1537 59
1538 1
1539 1
1540 3
1541 0
1542 0
1543 9
1544 5
1545 7
1546 3
1547 5
1548 4
1549 3
1550 7
1551 8
1552 3
1553 10
1554 3
1555 35
1556 5
1557 11
1558 1
1559 8
1560 0
1561 4
1562 38
1563 1
1564 0
1565 4
1566 7
1567 4
1568 1
1569 2
1570 0
1571 2
1572 9
1573 6
1574 1
1575 16
1576 0
1577 4
1578 6
1579 1
1580 5
1581 3
1582 1
1583 7
1584 8
1585 0
1586 1
1587 0
1588 5
1589 1
1590 18
1591 0
1592 8
1593 9
1594 13
1595 38
1596 49
1597 11
