1 6
2 7
3 43
4 132
5 142
6 92
7 6
8 5
9 118
10 4
11 1
12 41
13 15
14 19
15 37
16 83
17 64
18 143
19 92
20 8
21 32
22 90
23 108
24 197
25 155
26 61
27 48
28 81
29 70
30 69
31 135
32 123
33 96
34 112
35 245
36 91
37 139
38 79
39 116
40 116
41 116
42 94
43 89
44 46
45 87
46 42
47 10
48 80
49 15
50 71
51 184
52 60
53 38
54 85
55 27
56 151
57 39
58 112
59 76
60 217
61 215
62 279
63 72
64 94
65 100
66 120
67 44
68 63
69 103
70 102
71 14
72 107
73 66
74 71
75 116
76 74
77 70
78 51
79 101
80 73
81 131
82 48
83 100
84 116
85 125
86 78
87 78
88 32
89 91
90 84
91 60
92 32
93 113
94 118
95 41
96 128
97 27
98 17
99 105
100 50
101 90
102 16
103 93
104 5
105 22
106 68
107 26
108 107
109 25
110 29
111 25
112 225
113 33
114 176
115 33
116 133
117 130
118 48
119 66
120 110
121 51
122 39
123 96
124 108
125 23
126 57
127 29
128 63
129 116
130 34
131 80
132 101
133 88
134 146
135 74
136 75
137 53
138 74
139 48
140 138
141 140
142 55
143 18
144 73
145 68
146 183
147 111
148 167
149 119
150 78
151 104
152 71
153 169
154 166
155 18
156 77
157 24
158 162
159 93
160 21
161 61
162 22
163 125
164 28
165 72
166 173
167 100
168 39
169 106
170 74
171 60
172 44
173 53
174 79
175 160
176 105
177 232
178 190
179 236
180 291
181 152
182 60
183 81
184 20
185 118
186 69
187 35
188 255
189 80
190 89
191 183
192 132
193 30
194 111
195 146
196 36
197 21
198 40
199 181
200 153
201 54
202 69
203 52
204 57
205 81
206 98
207 80
208 249
209 226
210 58
211 56
212 104
213 61
214 73
215 93
216 71
217 172
218 143
219 238
220 111
221 42
222 233
223 195
224 229
225 176
226 63
227 161
228 104
229 114
230 112
231 221
232 213
233 267
234 55
235 97
236 110
237 145
238 165
239 232
240 121
241 153
242 64
243 102
244 49
245 77
246 155
247 37
248 77
249 148
250 85
251 65
252 77
253 62
254 207
255 123
256 88
257 163
258 244
259 229
260 222
261 193
262 16
263 172
264 88
265 308
266 34
267 172
268 120
269 62
270 56
271 268
272 80
273 109
274 59
275 217
276 50
277 81
278 94
279 35
280 70
281 188
282 68
283 108
284 57
285 71
286 133
287 223
288 157
289 14
290 140
291 88
292 103
293 228
294 28
295 63
296 19
297 16
298 159
299 84
300 82
301 38
302 70
303 28
304 69
305 40
306 83
307 483
308 339
309 128
310 68
311 110
312 67
313 178
314 291
315 239
316 160
317 16
318 150
319 87
320 157
321 172
322 218
323 236
324 136
325 34
326 126
327 181
328 124
329 49
330 30
331 56
332 189
333 209
334 85
335 118
336 101
337 134
338 117
339 143
340 68
341 75
342 128
343 439
344 123
345 123
346 290
347 109
348 38
349 48
350 25
351 242
352 159
353 105
354 11
355 291
356 108
357 62
358 96
359 90
360 53
361 202
362 74
363 49
364 99
365 32
366 61
367 118
368 53
369 76
370 169
371 494
372 13
373 35
374 59
375 39
376 34
377 118
378 91
379 84
380 73
381 99
382 30
383 70
384 165
385 215
386 84
387 165
388 78
389 163
390 39
391 194
392 139
393 63
394 82
395 152
396 48
397 132
398 246
399 16
400 135
401 207
402 110
403 65
404 67
405 87
406 82
407 10
408 54
409 55
410 38
411 53
412 20
413 111
414 119
415 168
416 125
417 36
418 126
419 156
420 176
421 159
422 127
423 22
424 67
425 161
426 5
427 184
428 129
429 31
430 66
431 103
432 151
433 154
434 19
435 53
436 147
437 34
438 49
439 144
440 144
441 115
442 117
443 107
444 53
445 20
446 242
447 77
448 83
449 73
450 116
451 89
452 116
453 118
454 129
455 165
456 104
457 128
458 88
459 150
460 59
461 55
462 123
463 108
464 100
465 93
466 182
467 59
468 20
469 27
470 211
471 174
472 104
473 191
474 45
475 193
476 84
477 59
478 50
479 12
480 9
481 42
482 35
483 6
484 27
485 30
486 52
487 33
488 19
489 14
490 38
491 99
492 30
493 33
494 7
495 21
496 41
497 13
498 107
499 46
500 14
501 17
502 37
503 48
504 8
505 80
506 27
507 26
508 52
509 52
510 19
511 27
512 7
513 121
514 59
515 142
516 20
517 15
518 9
519 26
520 64
521 42
522 78
523 119
524 33
525 19
526 4
527 18
528 33
529 18
530 93
531 33
532 20
533 65
534 16
535 30
536 58
537 43
538 41
539 175
540 76
541 30
542 44
543 91
544 239
545 40
546 14
547 47
548 12
549 134
550 78
551 17
552 92
553 69
554 98
555 32
556 119
557 117
558 143
559 105
560 57
561 149
562 147
563 97
564 43
565 30
566 51
567 52
568 71
569 30
570 33
571 114
572 112
573 272
574 160
575 74
576 47
577 21
578 36
579 134
580 91
581 51
582 74
583 135
584 92
585 48
586 129
587 72
588 46
589 64
590 129
591 119
592 215
593 65
594 66
595 200
596 210
597 240
598 186
599 112
600 79
601 54
602 116
603 81
604 90
605 233
606 51
607 186
608 82
609 56
610 106
611 244
612 31
613 56
614 207
615 183
616 80
617 79
618 61
619 83
620 44
621 50
622 138
623 75
624 102
625 35
626 197
627 286
628 131
629 100
630 136
631 98
632 57
633 289
634 176
635 70
636 31
637 184
638 200
639 94
640 12
641 95
642 57
643 194
644 34
645 188
646 82
647 151
648 124
649 138
650 91
651 205
652 105
653 50
654 185
655 117
656 75
657 25
658 86
659 103
660 134
661 114
662 195
663 117
664 82
665 181
666 100
667 129
668 166
669 136
670 96
671 125
672 71
673 166
674 157
675 107
676 152
677 188
678 100
679 156
680 97
681 95
682 167
683 130
684 135
685 54
686 245
687 129
688 117
689 148
690 43
691 22
692 190
693 100
694 207
695 60
696 292
697 162
698 75
699 158
700 53
701 94
702 45
703 121
704 356
705 46
706 128
707 77
708 74
709 189
710 185
711 297
712 6
713 49
714 44
715 174
716 125
717 93
718 24
719 132
720 60
721 18
722 46
723 196
724 46
725 68
726 84
727 43
728 38
729 29
730 107
731 51
732 68
733 108
734 169
735 18
736 53
737 139
738 93
739 105
740 38
741 23
742 223
743 89
744 253
745 40
746 72
747 131
748 127
749 87
750 188
751 159
752 91
753 74
754 185
755 81
756 97
757 85
758 70
759 97
760 77
761 264
762 76
763 207
764 115
765 200
766 104
767 60
768 424
769 76
770 28
771 33
772 34
773 117
774 53
775 293
776 49
777 168
778 186
779 167
780 59
781 9
782 14
783 105
784 84
785 107
786 112
787 77
788 280
789 103
790 35
791 90
792 22
793 205
794 45
795 48
796 168
797 112
798 123
799 56
800 23
801 68
802 167
803 101
804 142
805 61
806 84
807 14
808 31
809 48
810 64
811 90
812 56
813 26
814 73
815 152
816 30
817 92
818 102
819 117
820 157
821 41
822 169
823 65
824 43
825 202
826 80
827 74
828 62
829 133
830 192
831 122
832 56
833 37
834 19
835 149
836 89
837 117
838 75
839 24
840 21
841 20
842 57
843 91
844 100
845 48
846 99
847 111
848 94
849 76
850 95
851 119
852 15
853 13
854 8
855 68
856 79
857 45
858 23
859 22
860 18
861 97
862 26
863 80
864 43
865 119
866 12
867 122
868 21
869 78
870 149
871 105
872 75
873 19
874 167
875 33
876 59
877 33
878 173
879 133
880 15
881 57
882 26
883 47
884 72
885 50
886 23
887 85
888 26
889 15
890 93
891 49
892 29
893 98
894 62
895 51
896 37
897 34
898 147
899 31
900 106
901 76
902 29
903 24
904 29
905 24
906 34
907 79
908 116
909 8
910 21
911 36
912 38
913 53
914 45
915 57
916 83
917 45
918 40
919 72
920 39
921 28
922 30
923 63
924 152
925 80
926 57
927 31
928 64
929 50
930 58
931 94
932 33
933 33
934 39
935 11
936 109
937 15
938 185
939 50
940 12
941 24
942 60
943 43
944 14
945 29
946 21
947 93
948 25
949 46
950 19
951 28
952 49
953 26
954 46
955 42
956 196
957 111
958 195
959 181
960 38
961 46
962 20
963 63
964 66
965 78
966 80
967 50
968 27
969 16
970 82
971 181
972 205
973 70
974 184
975 46
976 101
977 222
978 25
979 23
980 25
981 24
982 32
983 85
984 35
985 211
986 66
987 6
988 193
989 3
990 126
991 164
992 181
993 42
994 94
995 32
996 111
997 238
998 104
999 43
1000 56
1001 117
1002 210
1003 15
1004 129
1005 125
1006 120
1007 53
1008 245
1009 139
1010 19
1011 9
1012 231
1013 22
1014 212
1015 152
1016 169
1017 55
1018 9
1019 90
1020 27
1021 195
1022 43
1023 16
1024 11
1025 20
1026 95
1027 63
1028 42
1029 108
1030 83
1031 46
1032 123
1033 65
1034 91
1035 49
1036 60
1037 45
1038 35
1039 54
1040 45
1041 22
1042 65
1043 16
1044 40
1045 112
1046 72
1047 11
1048 95
1049 13
1050 13
1051 58
1052 74
1053 66
1054 141
1055 27
1056 76
1057 2
1058 142
1059 134
1060 35
1061 47
1062 28
1063 12
1064 95
1065 28
1066 77
1067 11
1068 44
1069 123
1070 8
1071 54
1072 25
1073 50
1074 76
1075 110
1076 102
1077 49
1078 59
1079 24
1080 97
1081 75
1082 160
1083 83
1084 152
1085 18
1086 45
1087 113
1088 60
1089 22
1090 84
1091 69
1092 51
1093 57
1094 107
1095 27
1096 110
1097 87
1098 98
1099 97
1100 14
1101 22
1102 35
1103 156
1104 142
1105 220
1106 177
1107 105
1108 94
1109 51
1110 32
1111 65
1112 79
1113 53
1114 27
1115 52
1116 15
1117 55
1118 26
1119 13
1120 31
1121 25
1122 39
1123 18
1124 24
1125 51
1126 166
1127 12
1128 88
1129 36
1130 132
1131 206
1132 29
1133 97
1134 36
1135 38
1136 7
1137 11
1138 9
1139 51
1140 31
1141 28
1142 35
1143 21
1144 14
1145 13
1146 115
1147 66
1148 17
1149 60
1150 89
1151 77
1152 166
1153 23
1154 122
1155 136
1156 89
1157 21
1158 58
1159 168
1160 8
1161 85
1162 20
1163 40
1164 11
1165 15
1166 48
1167 40
1168 28
1169 8
1170 50
1171 8
1172 9
1173 9
1174 23
1175 28
1176 6
1177 139
1178 37
1179 34
1180 127
1181 37
1182 22
1183 83
1184 114
1185 83
1186 83
1187 59
1188 47
1189 120
1190 59
1191 72
1192 197
1193 233
1194 182
1195 34
1196 94
1197 100
1198 19
1199 77
1200 130
1201 233
1202 70
1203 82
1204 110
1205 122
1206 49
1207 111
1208 158
1209 49
1210 40
1211 58
1212 72
1213 29
1214 98
1215 96
1216 208
1217 185
1218 165
1219 178
1220 15
1221 115
1222 124
1223 127
1224 208
1225 106
1226 46
1227 53
1228 83
1229 95
1230 102
1231 247
1232 54
1233 178
1234 32
1235 70
1236 82
1237 91
1238 145
1239 180
1240 50
1241 124
1242 62
1243 65
1244 113
1245 48
1246 22
1247 297
1248 65
1249 56
1250 73
1251 89
1252 36
1253 78
1254 26
1255 88
1256 62
1257 199
1258 141
1259 72
1260 75
1261 236
1262 131
1263 109
1264 110
1265 171
1266 80
1267 177
1268 88
1269 27
1270 45
1271 116
1272 188
1273 93
1274 68
1275 71
1276 44
1277 57
1278 101
1279 54
1280 64
1281 217
1282 32
1283 64
1284 200
1285 72
1286 183
1287 49
1288 83
1289 52
1290 81
1291 59
1292 85
1293 220
1294 81
1295 208
1296 120
1297 353
1298 79
1299 71
1300 357
1301 29
1302 104
1303 396
1304 20
1305 48
1306 61
1307 208
1308 82
1309 120
1310 73
1311 64
1312 41
1313 37
1314 165
1315 67
1316 75
1317 41
1318 73
1319 47
1320 145
1321 85
1322 36
1323 63
1324 41
1325 89
1326 214
1327 18
1328 166
1329 28
1330 63
1331 11
1332 16
1333 127
1334 130
1335 254
1336 79
1337 57
1338 122
1339 184
1340 62
1341 31
1342 121
1343 65
1344 191
1345 37
1346 64
1347 87
1348 26
1349 260
1350 70
1351 64
1352 129
1353 141
1354 30
1355 104
1356 111
1357 100
1358 38
1359 291
1360 139
1361 40
1362 52
1363 130
1364 125
1365 185
1366 102
1367 88
1368 114
1369 194
1370 87
1371 112
1372 124
1373 70
1374 84
1375 73
1376 108
1377 46
1378 118
1379 283
1380 74
1381 159
1382 125
1383 123
1384 52
1385 37
1386 167
1387 58
1388 111
1389 56
1390 115
1391 52
1392 42
1393 47
1394 205
1395 140
1396 144
1397 57
1398 41
1399 79
1400 54
1401 130
1402 84
1403 70
1404 130
1405 164
1406 41
1407 127
1408 39
1409 217
1410 187
1411 45
1412 127
1413 41
1414 49
1415 84
1416 11
1417 44
1418 62
1419 89
1420 53
1421 44
1422 92
1423 91
1424 48
1425 121
1426 37
1427 84
1428 49
1429 54
1430 148
1431 100
1432 68
1433 16
1434 59
1435 168
1436 199
1437 61
1438 46
1439 19
1440 77
1441 55
1442 21
1443 139
1444 63
1445 54
1446 97
1447 154
1448 160
1449 165
1450 116
1451 64
1452 107
1453 212
1454 119
1455 102
1456 44
1457 27
1458 78
1459 120
1460 154
1461 45
1462 78
1463 104
1464 56
1465 140
1466 102
1467 270
1468 154
1469 136
1470 145
1471 124
1472 290
1473 107
1474 172
1475 141
1476 197
1477 121
1478 86
1479 153
1480 79
1481 95
1482 163
1483 70
1484 126
1485 96
1486 150
1487 203
1488 48
1489 26
1490 172
1491 73
1492 47
1493 17
1494 54
1495 125
1496 120
1497 41
1498 17
1499 24
1500 59
1501 61
1502 12
1503 33
1504 97
1505 86
1506 40
1507 62
1508 242
1509 77
1510 37
1511 143
1512 38
1513 34
1514 100
1515 52
1516 36
1517 29
1518 48
1519 12
1520 106
1521 92
1522 235
1523 193
1524 13
1525 137
1526 32
1527 61
1528 91
1529 70
1530 34
1531 22
1532 55
1533 14
1534 5
1535 245
1536 63
1537 149
1538 7
1539 48
1540 29
1541 8
1542 23
1543 39
1544 16
1545 42
1546 51
1547 85
1548 40
1549 74
1550 23
1551 45
1552 94
1553 37
1554 104
1555 99
1556 26
1557 39
1558 15
1559 25
1560 29
1561 33
1562 296
1563 32
1564 38
1565 41
1566 120
1567 11
1568 41
1569 50
1570 33
1571 64
1572 224
1573 20
1574 40
1575 76
1576 53
1577 87
1578 71
1579 84
1580 8
1581 30
1582 50
1583 59
1584 142
1585 46
1586 14
1587 57
1588 43
1589 38
1590 177
1591 6
1592 101
1593 46
1594 78
1595 162
1596 376
1597 38
