1 0
2 0
3 10
4 21
5 20
6 27
7 0
8 3
9 20
10 2
11 1
12 1
13 6
14 10
15 4
16 11
17 14
18 20
19 0
20 2
21 5
22 0
23 0
24 11
25 3
26 2
27 21
28 11
29 3
30 0
31 15
32 5
33 1
34 5
35 2
36 3
37 13
38 13
39 2
40 0
41 2
42 2
43 12
44 2
45 2
46 0
47 1
48 4
49 18
50 6
51 11
52 1
53 1
54 5
55 0
56 5
57 0
58 8
59 16
60 5
61 10
62 1
63 10
64 3
65 23
66 3
67 0
68 5
69 1
70 5
71 0
72 43
73 46
74 26
75 24
76 29
77 11
78 6
79 20
80 16
81 25
82 5
83 3
84 25
85 10
86 8
87 18
88 0
89 28
90 10
91 3
92 5
93 12
94 20
95 11
96 31
97 2
98 11
99 12
100 9
101 4
102 4
103 21
104 7
105 0
106 5
107 2
108 4
109 12
110 0
111 0
112 26
113 2
114 3
115 4
116 7
117 3
118 5
119 14
120 47
121 6
122 2
123 8
124 27
125 3
126 29
127 3
128 9
129 4
130 2
131 1
132 12
133 0
134 32
135 10
136 3
137 12
138 21
139 2
140 9
141 1
142 3
143 2
144 40
145 15
146 3
147 10
148 20
149 1
150 3
151 4
152 2
153 4
154 4
155 0
156 0
157 1
158 18
159 7
160 1
161 5
162 14
163 8
164 0
165 21
166 29
167 0
168 0
169 8
170 1
171 0
172 2
173 2
174 22
175 8
176 3
177 15
178 3
179 7
180 12
181 0
182 2
183 4
184 1
185 6
186 21
187 0
188 23
189 0
190 1
191 4
192 6
193 1
194 6
195 6
196 0
197 3
198 2
199 4
200 1
201 1
202 0
203 0
204 7
205 7
206 30
207 2
208 4
209 3
210 1
211 4
212 2
213 0
214 12
215 3
216 2
217 2
218 4
219 6
220 5
221 1
222 7
223 4
224 3
225 15
226 0
227 1
228 18
229 1
230 1
231 7
232 7
233 3
234 0
235 6
236 17
237 17
238 3
239 13
240 5
241 4
242 2
243 5
244 1
245 0
246 5
247 4
248 17
249 2
250 39
251 3
252 0
253 0
254 17
255 0
256 2
257 13
258 5
259 0
260 12
261 7
262 3
263 15
264 0
265 1
266 0
267 17
268 1
269 8
270 0
271 2
272 0
273 0
274 0
275 2
276 9
277 0
278 0
279 2
280 2
281 2
282 2
283 1
284 18
285 2
286 3
287 16
288 2
289 3
290 20
291 5
292 7
293 34
294 0
295 7
296 11
297 3
298 14
299 0
300 2
301 0
302 17
303 5
304 9
305 2
306 7
307 10
308 10
309 13
310 2
311 17
312 1
313 10
314 11
315 9
316 13
317 3
318 12
319 1
320 7
321 4
322 0
323 16
324 4
325 0
326 7
327 0
328 15
329 1
330 0
331 1
332 7
333 28
334 2
335 6
336 1
337 4
338 4
339 10
340 0
341 17
342 19
343 3
344 27
345 4
346 9
347 6
348 0
349 6
350 4
351 14
352 3
353 10
354 0
355 12
356 4
357 9
358 7
359 7
360 16
361 5
362 1
363 3
364 2
365 22
366 1
367 4
368 1
369 1
370 4
371 18
372 2
373 0
374 1
375 3
376 0
377 8
378 26
379 13
380 1
381 10
382 3
383 1
384 13
385 11
386 27
387 16
388 4
389 7
390 0
391 14
392 67
393 3
394 1
395 22
396 7
397 10
398 11
399 0
400 7
401 20
402 1
403 5
404 41
405 2
406 11
407 2
408 4
409 3
410 2
411 10
412 0
413 3
414 1
415 6
416 8
417 3
418 11
419 9
420 12
421 17
422 32
423 0
424 9
425 7
426 2
427 5
428 2
429 0
430 7
431 5
432 18
433 4
434 0
435 0
436 1
437 1
438 4
439 9
440 16
441 3
442 6
443 2
444 0
445 0
446 15
447 1
448 4
449 0
450 2
451 5
452 11
453 9
454 2
455 11
456 7
457 1
458 5
459 9
460 2
461 15
462 9
463 8
464 10
465 5
466 8
467 6
468 8
469 0
470 12
471 16
472 5
473 3
474 3
475 17
476 26
477 9
478 10
479 5
480 10
481 4
482 7
483 0
484 8
485 3
486 7
487 2
488 4
489 0
490 7
491 25
492 13
493 1
494 9
495 16
496 9
497 4
498 55
499 12
500 3
501 3
502 3
503 18
504 2
505 11
506 1
507 14
508 7
509 10
510 8
511 7
512 0
513 3
514 9
515 15
516 1
517 37
518 5
519 11
520 6
521 49
522 11
523 3
524 16
525 51
526 11
527 12
528 2
529 4
530 7
531 6
532 50
533 21
534 6
535 9
536 5
537 31
538 24
539 14
540 19
541 40
542 5
543 14
544 16
545 15
546 4
547 30
548 5
549 13
550 29
551 4
552 24
553 12
554 12
555 9
556 16
557 1
558 12
559 27
560 15
561 23
562 11
563 9
564 14
565 7
566 5
567 41
568 9
569 20
570 1
571 23
572 7
573 112
574 37
575 6
576 4
577 0
578 2
579 20
580 4
581 10
582 0
583 11
584 7
585 6
586 3
587 0
588 0
589 8
590 3
591 18
592 23
593 4
594 23
595 6
596 8
597 6
598 0
599 0
600 12
601 4
602 0
603 10
604 22
605 15
606 2
607 5
608 4
609 5
610 8
611 16
612 2
613 1
614 16
615 16
616 10
617 1
618 0
619 12
620 0
621 14
622 16
623 13
624 7
625 4
626 11
627 9
628 5
629 10
630 30
631 6
632 6
633 9
634 11
635 10
636 0
637 4
638 7
639 1
640 0
641 4
642 26
643 5
644 0
645 3
646 2
647 1
648 1
649 5
650 6
651 12
652 8
653 0
654 6
655 6
656 12
657 11
658 12
659 2
660 9
661 2
662 5
663 2
664 2
665 8
666 1
667 13
668 3
669 43
670 1
671 5
672 5
673 8
674 4
675 0
676 5
677 3
678 14
679 2
680 8
681 1
682 28
683 7
684 5
685 2
686 14
687 11
688 6
689 9
690 0
691 2
692 2
693 1
694 2
695 27
696 17
697 10
698 8
699 0
700 2
701 17
702 5
703 11
704 27
705 1
706 25
707 1
708 1
709 2
710 0
711 11
712 2
713 11
714 0
715 23
716 4
717 6
718 0
719 1
720 3
721 0
722 1
723 7
724 0
725 2
726 6
727 8
728 1
729 8
730 5
731 2
732 0
733 4
734 26
735 2
736 4
737 1
738 3
739 2
740 2
741 4
742 12
743 1
744 6
745 2
746 4
747 7
748 24
749 25
750 5
751 4
752 13
753 0
754 11
755 7
756 5
757 2
758 6
759 3
760 0
761 19
762 0
763 9
764 7
765 11
766 10
767 0
768 23
769 0
770 0
771 0
772 0
773 5
774 5
775 6
776 1
777 30
778 8
779 9
780 0
781 0
782 0
783 4
784 0
785 0
786 23
787 1
788 10
789 5
790 10
791 5
792 0
793 17
794 1
795 2
796 25
797 50
798 2
799 3
800 3
801 0
802 12
803 3
804 2
805 0
806 0
807 2
808 2
809 13
810 1
811 10
812 2
813 8
814 8
815 27
816 0
817 3
818 5
819 15
820 3
821 0
822 19
823 6
824 6
825 5
826 14
827 1
828 1
829 1
830 2
831 3
832 9
833 1
834 2
835 3
836 7
837 12
838 6
839 5
840 1
841 3
842 4
843 1
844 15
845 5
846 3
847 14
848 5
849 3
850 7
851 9
852 5
853 6
854 13
855 16
856 17
857 2
858 2
859 1
860 1
861 4
862 5
863 3
864 1
865 1
866 0
867 23
868 3
869 1
870 8
871 6
872 4
873 2
874 14
875 10
876 17
877 0
878 10
879 10
880 4
881 5
882 6
883 1
884 0
885 1
886 5
887 9
888 2
889 8
890 0
891 4
892 0
893 5
894 9
895 1
896 16
897 0
898 9
899 15
900 4
901 29
902 12
903 6
904 14
905 4
906 0
907 10
908 15
909 0
910 10
911 2
912 5
913 3
914 11
915 3
916 44
917 11
918 3
919 34
920 12
921 4
922 4
923 11
924 24
925 12
926 13
927 13
928 16
929 15
930 14
931 19
932 10
933 26
934 8
935 5
936 33
937 0
938 19
939 15
940 9
941 28
942 42
943 20
944 0
945 5
946 6
947 8
948 2
949 3
950 3
951 1
952 2
953 2
954 1
955 0
956 53
957 15
958 27
959 26
960 1
961 7
962 2
963 1
964 2
965 5
966 2
967 11
968 0
969 9
970 2
971 3
972 4
973 3
974 7
975 4
976 2
977 18
978 0
979 2
980 19
981 2
982 2
983 6
984 3
985 24
986 10
987 1
988 17
989 2
990 15
991 24
992 20
993 3
994 11
995 7
996 3
997 20
998 18
999 6
1000 8
1001 9
1002 20
1003 1
1004 10
1005 0
1006 13
1007 1
1008 26
1009 10
1010 5
1011 0
1012 11
1013 1
1014 7
1015 3
1016 11
1017 1
1018 9
1019 13
1020 6
1021 5
1022 3
1023 0
1024 1
1025 2
1026 12
1027 34
1028 5
1029 6
1030 0
1031 14
1032 8
1033 7
1034 7
1035 19
1036 6
1037 11
1038 1
1039 8
1040 5
1041 2
1042 5
1043 16
1044 1
1045 4
1046 12
1047 1
1048 9
1049 0
1050 0
1051 4
1052 19
1053 4
1054 8
1055 4
1056 2
1057 0
1058 9
1059 3
1060 3
1061 18
1062 0
1063 4
1064 2
1065 0
1066 19
1067 11
1068 10
1069 8
1070 4
1071 22
1072 0
1073 4
1074 11
1075 7
1076 1
1077 6
1078 0
1079 0
1080 19
1081 27
1082 88
1083 16
1084 5
1085 7
1086 0
1087 9
1088 9
1089 0
1090 8
1091 3
1092 3
1093 13
1094 21
1095 7
1096 4
1097 16
1098 0
1099 9
1100 0
1101 1
1102 6
1103 6
1104 15
1105 10
1106 13
1107 6
1108 14
1109 0
1110 2
1111 2
1112 0
1113 12
1114 7
1115 1
1116 29
1117 1
1118 2
1119 0
1120 2
1121 11
1122 2
1123 2
1124 3
1125 6
1126 7
1127 1
1128 1
1129 6
1130 39
1131 26
1132 2
1133 13
1134 7
1135 4
1136 10
1137 5
1138 5
1139 4
1140 0
1141 6
1142 7
1143 4
1144 4
1145 4
1146 2
1147 0
1148 7
1149 2
1150 36
1151 11
1152 42
1153 10
1154 9
1155 7
1156 18
1157 2
1158 1
1159 34
1160 0
1161 26
1162 6
1163 37
1164 4
1165 12
1166 18
1167 24
1168 14
1169 4
1170 3
1171 7
1172 4
1173 38
1174 4
1175 1
1176 0
1177 26
1178 3
1179 14
1180 3
1181 13
1182 10
1183 4
1184 28
1185 0
1186 0
1187 8
1188 0
1189 10
1190 0
1191 6
1192 26
1193 14
1194 4
1195 2
1196 0
1197 1
1198 0
1199 23
1200 2
1201 25
1202 1
1203 2
1204 10
1205 10
1206 2
1207 3
1208 11
1209 0
1210 3
1211 4
1212 0
1213 0
1214 1
1215 1
1216 13
1217 8
1218 4
1219 9
1220 0
1221 1
1222 18
1223 6
1224 12
1225 4
1226 0
1227 1
1228 7
1229 4
1230 19
1231 21
1232 1
1233 6
1234 0
1235 1
1236 12
1237 12
1238 10
1239 36
1240 4
1241 3
1242 3
1243 1
1244 2
1245 0
1246 10
1247 14
1248 0
1249 6
1250 6
1251 3
1252 1
1253 4
1254 1
1255 3
1256 8
1257 15
1258 1
1259 3
1260 2
1261 12
1262 0
1263 5
1264 0
1265 37
1266 4
1267 3
1268 5
1269 0
1270 3
1271 2
1272 0
1273 16
1274 0
1275 18
1276 10
1277 3
1278 15
1279 0
1280 2
1281 5
1282 0
1283 0
1284 0
1285 0
1286 33
1287 0
1288 3
1289 4
1290 0
1291 11
1292 4
1293 9
1294 4
1295 16
1296 1
1297 10
1298 3
1299 3
1300 1
1301 0
1302 8
1303 11
1304 0
1305 1
1306 0
1307 24
1308 0
1309 0
1310 2
1311 16
1312 1
1313 4
1314 6
1315 10
1316 2
1317 0
1318 26
1319 4
1320 14
1321 10
1322 0
1323 1
1324 6
1325 4
1326 3
1327 10
1328 6
1329 0
1330 4
1331 0
1332 1
1333 15
1334 6
1335 3
1336 0
1337 0
1338 3
1339 27
1340 5
1341 0
1342 3
1343 0
1344 8
1345 0
1346 7
1347 6
1348 1
1349 5
1350 16
1351 10
1352 5
1353 37
1354 0
1355 4
1356 3
1357 19
1358 2
1359 20
1360 2
1361 2
1362 4
1363 18
1364 5
1365 1
1366 2
1367 4
1368 18
1369 5
1370 4
1371 0
1372 10
1373 1
1374 5
1375 1
1376 5
1377 2
1378 1
1379 15
1380 7
1381 43
1382 5
1383 5
1384 4
1385 4
1386 10
1387 4
1388 4
1389 0
1390 2
1391 1
1392 0
1393 1
1394 5
1395 4
1396 14
1397 2
1398 0
1399 4
1400 4
1401 1
1402 0
1403 0
1404 17
1405 1
1406 0
1407 8
1408 0
1409 3
1410 7
1411 0
1412 9
1413 2
1414 0
1415 2
1416 0
1417 0
1418 6
1419 1
1420 0
1421 8
1422 4
1423 0
1424 0
1425 3
1426 0
1427 2
1428 17
1429 0
1430 5
1431 1
1432 37
1433 1
1434 9
1435 4
1436 5
1437 5
1438 6
1439 0
1440 2
1441 10
1442 0
1443 13
1444 0
1445 2
1446 6
1447 9
1448 3
1449 14
1450 5
1451 0
1452 2
1453 4
1454 8
1455 2
1456 16
1457 0
1458 0
1459 3
1460 7
1461 1
1462 2
1463 1
1464 3
1465 13
1466 8
1467 15
1468 16
1469 4
1470 9
1471 6
1472 4
1473 4
1474 3
1475 8
1476 14
1477 0
1478 0
1479 4
1480 4
1481 5
1482 0
1483 1
1484 3
1485 10
1486 9
1487 2
1488 2
1489 1
1490 9
1491 14
1492 15
1493 1
1494 0
1495 21
1496 6
1497 3
1498 2
1499 0
1500 1
1501 11
1502 0
1503 0
1504 30
1505 6
1506 3
1507 50
1508 9
1509 1
1510 0
1511 14
1512 0
1513 7
1514 6
1515 0
1516 0
1517 0
1518 3
1519 4
1520 8
1521 20
1522 25
1523 18
1524 5
1525 24
1526 13
1527 7
1528 19
1529 8
1530 1
1531 3
1532 1
1533 0
1534 0
1535 22
1536 36
1537 38
1538 3
1539 3
1540 0
1541 0
1542 1
1543 0
1544 5
1545 12
1546 1
1547 16
1548 2
1549 2
1550 0
1551 7
1552 8
1553 9
1554 19
1555 16
1556 5
1557 2
1558 0
1559 1
1560 1
1561 5
1562 7
1563 5
1564 6
1565 7
1566 3
1567 0
1568 2
1569 2
1570 0
1571 38
1572 21
1573 15
1574 2
1575 8
1576 0
1577 4
1578 6
1579 2
1580 2
1581 14
1582 4
1583 0
1584 23
1585 5
1586 0
1587 3
1588 7
1589 6
1590 10
1591 0
1592 10
1593 8
1594 4
1595 8
1596 8
1597 1
