1 2
2 4
3 2
4 23
5 4
6 4
7 0
8 3
9 12
10 0
11 0
12 1
13 2
14 16
15 8
16 23
17 13
18 15
19 2
20 3
21 8
22 7
23 5
24 13
25 15
26 6
27 13
28 2
29 39
30 5
31 15
32 3
33 9
34 10
35 17
36 9
37 11
38 15
39 16
40 9
41 4
42 5
43 2
44 0
45 21
46 9
47 0
48 10
49 1
50 5
51 5
52 2
53 8
54 0
55 1
56 28
57 2
58 10
59 9
60 5
61 16
62 4
63 3
64 0
65 9
66 11
67 2
68 0
69 3
70 8
71 1
72 16
73 11
74 17
75 26
76 5
77 14
78 10
79 12
80 19
81 13
82 1
83 3
84 8
85 5
86 5
87 9
88 0
89 1
90 12
91 14
92 10
93 14
94 17
95 14
96 14
97 24
98 7
99 32
100 3
101 2
102 0
103 12
104 0
105 0
106 32
107 0
108 11
109 106
110 1
111 3
112 14
113 3
114 4
115 3
116 4
117 5
118 20
119 2
120 39
121 6
122 235
123 5
124 19
125 3
126 15
127 0
128 51
129 12
130 47
131 1
132 2
133 3
134 0
135 3
136 7
137 0
138 6
139 5
140 11
141 3
142 0
143 0
144 4
145 6
146 1
147 6
148 6
149 3
150 2
151 16
152 0
153 0
154 3
155 1
156 8
157 0
158 8
159 5
160 0
161 0
162 4
163 8
164 88
165 38
166 5
167 8
168 6
169 3
170 2
171 0
172 2
173 13
174 0
175 14
176 0
177 11
178 108
179 11
180 13
181 10
182 4
183 5
184 9
185 1
186 7
187 3
188 6
189 0
190 7
191 6
192 0
193 7
194 6
195 3
196 12
197 1
198 3
199 0
200 4
201 1
202 8
203 0
204 0
205 1
206 4
207 15
208 9
209 34
210 2
211 0
212 3
213 0
214 6
215 4
216 1
217 7
218 5
219 1
220 4
221 0
222 7
223 3
224 1
225 5
226 0
227 1
228 3
229 1
230 2
231 1
232 14
233 4
234 0
235 28
236 4
237 23
238 1
239 4
240 6
241 3
242 0
243 4
244 93
245 5
246 4
247 0
248 4
249 4
250 3
251 1
252 0
253 0
254 1
255 1
256 2
257 10
258 5
259 5
260 12
261 0
262 58
263 0
264 0
265 10
266 0
267 20
268 0
269 222
270 24
271 5
272 1
273 8
274 0
275 32
276 0
277 0
278 2
279 0
280 5
281 4
282 32
283 10
284 15
285 1
286 16
287 4
288 7
289 3
290 2
291 2
292 78
293 18
294 40
295 38
296 6
297 0
298 3
299 1
300 0
301 1
302 2
303 0
304 0
305 2
306 5
307 22
308 14
309 5
310 4
311 28
312 2
313 19
314 6
315 22
316 3
317 78
318 5
319 4
320 5
321 18
322 0
323 26
324 7
325 8
326 6
327 4
328 7
329 76
330 8
331 2
332 7
333 10
334 2
335 2
336 2
337 3
338 11
339 5
340 1
341 5
342 10
343 6
344 6
345 4
346 15
347 3
348 3
349 3
350 2
351 5
352 3
353 9
354 0
355 6
356 5
357 36
358 8
359 2
360 1
361 14
362 10
363 0
364 6
365 2
366 2
367 5
368 54
369 0
370 1
371 3
372 1
373 2
374 0
375 1
376 2
377 13
378 0
379 3
380 0
381 3
382 1
383 2
384 0
385 3
386 2
387 9
388 12
389 9
390 2
391 18
392 14
393 0
394 1
395 8
396 4
397 3
398 5
399 0
400 3
401 9
402 11
403 6
404 5
405 4
406 7
407 2
408 1
409 0
410 9
411 2
412 46
413 1
414 6
415 20
416 9
417 0
418 6
419 7
420 9
421 7
422 16
423 216
424 2
425 3
426 4
427 5
428 5
429 4
430 5
431 3
432 12
433 5
434 55
435 2
436 4
437 1
438 2
439 6
440 2
441 9
442 4
443 6
444 0
445 0
446 18
447 51
448 12
449 3
450 4
451 7
452 3
453 21
454 1
455 3
456 5
457 9
458 5
459 4
460 4
461 19
462 14
463 4
464 5
465 19
466 9
467 3
468 12
469 0
470 35
471 13
472 5
473 6
474 2
475 7
476 15
477 8
478 10
479 12
480 195
481 1
482 4
483 1
484 3
485 1
486 8
487 1
488 7
489 2
490 2
491 3
492 120
493 30
494 1
495 4
496 2
497 4
498 23
499 11
500 10
501 1
502 1
503 15
504 9
505 9
506 4
507 3
508 1
509 7
510 42
511 1
512 1
513 28
514 6
515 2
516 1
517 18
518 1
519 14
520 1
521 0
522 38
523 2
524 5
525 9
526 4
527 1
528 0
529 4
530 8
531 5
532 15
533 1
534 2
535 12
536 4
537 4
538 3
539 10
540 13
541 1
542 5
543 18
544 13
545 3
546 2
547 0
548 40
549 3
550 12
551 1
552 9
553 9
554 3
555 1
556 16
557 18
558 13
559 67
560 10
561 8
562 7
563 8
564 1
565 38
566 3
567 4
568 2
569 7
570 3
571 34
572 6
573 42
574 23
575 3
576 4
577 0
578 126
579 14
580 6
581 2
582 14
583 4
584 2
585 0
586 0
587 2
588 2
589 10
590 10
591 8
592 1
593 0
594 3
595 14
596 7
597 10
598 47
599 5
600 20
601 84
602 1
603 4
604 13
605 10
606 5
607 3
608 9
609 0
610 0
611 12
612 0
613 177
614 26
615 4
616 17
617 9
618 7
619 11
620 0
621 1
622 10
623 6
624 3
625 181
626 17
627 36
628 6
629 1
630 16
631 0
632 3
633 13
634 12
635 5
636 0
637 3
638 8
639 0
640 0
641 7
642 6
643 1
644 0
645 12
646 3
647 9
648 2
649 2
650 9
651 16
652 4
653 2
654 3
655 8
656 2
657 1
658 1
659 5
660 15
661 23
662 3
663 0
664 2
665 53
666 1
667 2
668 6
669 32
670 4
671 6
672 8
673 7
674 4
675 1
676 18
677 5
678 2
679 5
680 6
681 5
682 3
683 6
684 7
685 0
686 3
687 10
688 4
689 1
690 0
691 0
692 6
693 2
694 3
695 2
696 11
697 5
698 0
699 5
700 0
701 1
702 0
703 1
704 8
705 6
706 29
707 0
708 10
709 7
710 0
711 26
712 0
713 2
714 61
715 33
716 22
717 2
718 1
719 25
720 0
721 0
722 9
723 1
724 0
725 12
726 3
727 83
728 0
729 7
730 0
731 2
732 13
733 4
734 9
735 0
736 13
737 2
738 2
739 7
740 0
741 0
742 11
743 1
744 1
745 4
746 0
747 3
748 16
749 2
750 3
751 4
752 1
753 95
754 6
755 19
756 8
757 2
758 12
759 0
760 0
761 2
762 0
763 1
764 3
765 7
766 16
767 0
768 20
769 0
770 3
771 26
772 0
773 0
774 3
775 7
776 112
777 32
778 4
779 4
780 0
781 2
782 1
783 4
784 3
785 0
786 4
787 4
788 11
789 14
790 6
791 1
792 4
793 3
794 7
795 3
796 11
797 16
798 2
799 14
800 0
801 2
802 9
803 4
804 5
805 2
806 1
807 0
808 0
809 2
810 1
811 8
812 3
813 7
814 3
815 9
816 0
817 9
818 7
819 9
820 16
821 0
822 8
823 8
824 2
825 8
826 8
827 2
828 2
829 5
830 8
831 0
832 12
833 7
834 0
835 9
836 1
837 10
838 4
839 2
840 1
841 3
842 2
843 9
844 2
845 1
846 2
847 3
848 5
849 4
850 5
851 5
852 5
853 5
854 7
855 5
856 9
857 0
858 0
859 3
860 2
861 9
862 3
863 0
864 0
865 2
866 1
867 10
868 6
869 8
870 8
871 2
872 6
873 3
874 10
875 10
876 35
877 0
878 23
879 4
880 70
881 3
882 6
883 1
884 3
885 2
886 0
887 10
888 1
889 0
890 4
891 4
892 3
893 0
894 2
895 6
896 2
897 0
898 3
899 7
900 2
901 3
902 1
903 1
904 1
905 7
906 3
907 3
908 1
909 0
910 0
911 16
912 14
913 2
914 0
915 13
916 2
917 4
918 6
919 1
920 3
921 1
922 14
923 4
924 5
925 1
926 5
927 1
928 9
929 1
930 7
931 11
932 0
933 2
934 1
935 0
936 5
937 0
938 17
939 0
940 2
941 2
942 1
943 8
944 1
945 0
946 1
947 3
948 2
949 7
950 4
951 31
952 0
953 0
954 4
955 0
956 11
957 6
958 7
959 8
960 16
961 1
962 1
963 4
964 1
965 1
966 5
967 0
968 18
969 32
970 1
971 1
972 1
973 8
974 11
975 2
976 18
977 5
978 0
979 0
980 16
981 1
982 0
983 1
984 0
985 4
986 9
987 5
988 9
989 1
990 5
991 17
992 8
993 7
994 10
995 10
996 5
997 5
998 8
999 3
1000 1
1001 14
1002 9
1003 5
1004 6
1005 0
1006 3
1007 2
1008 12
1009 15
1010 1
1011 0
1012 6
1013 116
1014 6
1015 1
1016 8
1017 0
1018 2
1019 1
1020 4
1021 2
1022 143
1023 10
1024 7
1025 0
1026 1
1027 5
1028 2
1029 1
1030 7
1031 2
1032 13
1033 5
1034 20
1035 0
1036 16
1037 1
1038 3
1039 8
1040 0
1041 3
1042 2
1043 1
1044 2
1045 8
1046 1
1047 2
1048 2
1049 0
1050 38
1051 2
1052 5
1053 8
1054 4
1055 0
1056 1
1057 13
1058 8
1059 11
1060 0
1061 2
1062 0
1063 0
1064 11
1065 0
1066 2
1067 157
1068 13
1069 9
1070 7
1071 7
1072 2
1073 12
1074 19
1075 0
1076 6
1077 3
1078 1
1079 1
1080 6
1081 13
1082 39
1083 4
1084 12
1085 1
1086 3
1087 13
1088 7
1089 5
1090 6
1091 4
1092 0
1093 16
1094 6
1095 3
1096 7
1097 2
1098 2
1099 10
1100 0
1101 0
1102 3
1103 11
1104 6
1105 8
1106 14
1107 7
1108 0
1109 1
1110 23
1111 8
1112 0
1113 5
1114 0
1115 5
1116 1
1117 3
1118 5
1119 1
1120 7
1121 80
1122 0
1123 4
1124 1
1125 1
1126 6
1127 7
1128 3
1129 1
1130 10
1131 15
1132 1
1133 0
1134 5
1135 4
1136 36
1137 44
1138 5
1139 0
1140 0
1141 3
1142 2
1143 1
1144 0
1145 0
1146 9
1147 3
1148 4
1149 7
1150 18
1151 4
1152 6
1153 3
1154 5
1155 8
1156 13
1157 4
1158 1
1159 15
1160 1
1161 11
1162 0
1163 4
1164 1
1165 1
1166 21
1167 1
1168 5
1169 2
1170 12
1171 1
1172 2
1173 0
1174 2
1175 7
1176 6
1177 17
1178 4
1179 4
1180 19
1181 11
1182 3
1183 2
1184 16
1185 3
1186 0
1187 2
1188 2
1189 12
1190 7
1191 4
1192 9
1193 19
1194 1
1195 0
1196 4
1197 2
1198 1
1199 7
1200 1
1201 5
1202 21
1203 8
1204 8
1205 9
1206 243
1207 4
1208 6
1209 3
1210 8
1211 3
1212 6
1213 6
1214 3
1215 0
1216 6
1217 14
1218 2
1219 6
1220 0
1221 13
1222 15
1223 9
1224 64
1225 0
1226 0
1227 1
1228 1
1229 0
1230 10
1231 11
1232 0
1233 6
1234 2
1235 1
1236 5
1237 5
1238 16
1239 18
1240 43
1241 3
1242 7
1243 0
1244 5
1245 0
1246 1
1247 4
1248 4
1249 3
1250 3
1251 7
1252 6
1253 2
1254 3
1255 3
1256 27
1257 14
1258 3
1259 1
1260 1
1261 2
1262 7
1263 8
1264 2
1265 12
1266 5
1267 14
1268 13
1269 0
1270 0
1271 4
1272 2
1273 9
1274 0
1275 6
1276 3
1277 2
1278 3
1279 2
1280 0
1281 4
1282 9
1283 2
1284 0
1285 2
1286 7
1287 0
1288 1
1289 2
1290 0
1291 8
1292 13
1293 7
1294 4
1295 8
1296 4
1297 15
1298 4
1299 6
1300 6
1301 0
1302 0
1303 19
1304 2
1305 1
1306 7
1307 7
1308 0
1309 2
1310 9
1311 9
1312 7
1313 0
1314 2
1315 7
1316 4
1317 0
1318 12
1319 4
1320 4
1321 2
1322 1
1323 9
1324 0
1325 1
1326 4
1327 1
1328 6
1329 0
1330 2
1331 0
1332 0
1333 1
1334 15
1335 7
1336 2
1337 0
1338 2
1339 8
1340 5
1341 2
1342 3
1343 9
1344 0
1345 2
1346 9
1347 2
1348 51
1349 26
1350 5
1351 16
1352 7
1353 6
1354 2
1355 1
1356 1
1357 17
1358 6
1359 10
1360 3
1361 0
1362 13
1363 4
1364 1
1365 0
1366 3
1367 7
1368 1
1369 3
1370 3
1371 16
1372 7
1373 4
1374 5
1375 3
1376 2
1377 0
1378 4
1379 20
1380 0
1381 1
1382 3
1383 3
1384 17
1385 1
1386 6
1387 2
1388 10
1389 0
1390 5
1391 0
1392 1
1393 1
1394 6
1395 5
1396 3
1397 2
1398 83
1399 7
1400 1
1401 0
1402 4
1403 7
1404 3
1405 5
1406 12
1407 4
1408 102
1409 14
1410 30
1411 3
1412 7
1413 0
1414 30
1415 18
1416 22
1417 196
1418 5
1419 11
1420 1
1421 3
1422 17
1423 9
1424 1
1425 5
1426 1
1427 20
1428 6
1429 1
1430 13
1431 3
1432 33
1433 0
1434 0
1435 13
1436 17
1437 1
1438 6
1439 0
1440 6
1441 3
1442 0
1443 3
1444 2
1445 1
1446 6
1447 4
1448 1
1449 5
1450 0
1451 4
1452 0
1453 4
1454 9
1455 14
1456 2
1457 1
1458 3
1459 14
1460 7
1461 10
1462 5
1463 0
1464 2
1465 8
1466 25
1467 10
1468 11
1469 3
1470 16
1471 3
1472 17
1473 3
1474 9
1475 4
1476 30
1477 4
1478 148
1479 3
1480 4
1481 5
1482 4
1483 2
1484 3
1485 3
1486 4
1487 6
1488 47
1489 22
1490 7
1491 16
1492 8
1493 0
1494 5
1495 15
1496 9
1497 75
1498 14
1499 0
1500 7
1501 26
1502 1
1503 10
1504 3
1505 64
1506 5
1507 4
1508 16
1509 8
1510 6
1511 8
1512 3
1513 3
1514 9
1515 0
1516 7
1517 0
1518 2
1519 1
1520 0
1521 5
1522 10
1523 10
1524 0
1525 5
1526 0
1527 7
1528 7
1529 8
1530 1
1531 2
1532 4
1533 3
1534 0
1535 7
1536 7
1537 36
1538 1
1539 4
1540 0
1541 1
1542 0
1543 1
1544 3
1545 33
1546 3
1547 0
1548 0
1549 7
1550 2
1551 23
1552 10
1553 0
1554 9
1555 0
1556 0
1557 2
1558 0
1559 0
1560 164
1561 3
1562 20
1563 3
1564 11
1565 1
1566 2
1567 0
1568 8
1569 3
1570 1
1571 9
1572 80
1573 0
1574 1
1575 15
1576 11
1577 1
1578 5
1579 4
1580 0
1581 15
1582 6
1583 18
1584 15
1585 1
1586 0
1587 18
1588 2
1589 4
1590 18
1591 2
1592 1
1593 11
1594 0
1595 1
1596 14
1597 3
