1 0
2 0
3 6
4 17
5 4
6 11
7 0
8 5
9 23
10 0
11 0
12 2
13 1
14 4
15 9
16 19
17 6
18 19
19 3
20 0
21 6
22 5
23 0
24 13
25 25
26 6
27 13
28 1
29 4
30 0
31 15
32 12
33 0
34 9
35 22
36 8
37 30
38 5
39 6
40 2
41 3
42 9
43 10
44 1
45 37
46 1
47 0
48 20
49 2
50 6
51 9
52 1
53 8
54 7
55 3
56 31
57 0
58 3
59 11
60 20
61 17
62 24
63 12
64 3
65 1
66 13
67 1
68 9
69 5
70 5
71 1
72 17
73 5
74 17
75 9
76 4
77 7
78 1
79 11
80 5
81 3
82 0
83 8
84 12
85 6
86 16
87 21
88 6
89 21
90 21
91 8
92 14
93 10
94 8
95 13
96 7
97 16
98 3
99 11
100 6
101 3
102 16
103 9
104 0
105 3
106 5
107 0
108 4
109 4
110 4
111 4
112 8
113 1
114 8
115 0
116 3
117 21
118 2
119 4
120 77
121 7
122 13
123 7
124 36
125 12
126 25
127 6
128 11
129 5
130 8
131 7
132 8
133 3
134 8
135 6
136 10
137 2
138 2
139 7
140 3
141 3
142 1
143 2
144 4
145 4
146 8
147 19
148 2
149 3
150 4
151 10
152 2
153 0
154 4
155 0
156 3
157 0
158 1
159 7
160 5
161 2
162 0
163 3
164 0
165 1
166 9
167 4
168 2
169 5
170 3
171 12
172 1
173 0
174 22
175 15
176 3
177 11
178 12
179 7
180 33
181 0
182 2
183 12
184 0
185 2
186 10
187 0
188 26
189 1
190 9
191 9
192 3
193 2
194 5
195 7
196 15
197 0
198 6
199 0
200 7
201 2
202 0
203 2
204 8
205 7
206 1
207 15
208 7
209 7
210 14
211 1
212 13
213 2
214 3
215 7
216 12
217 12
218 10
219 2
220 1
221 6
222 12
223 3
224 2
225 2
226 0
227 3
228 14
229 6
230 6
231 7
232 6
233 5
234 5
235 6
236 17
237 46
238 11
239 6
240 8
241 9
242 0
243 11
244 5
245 0
246 4
247 17
248 8
249 5
250 3
251 4
252 1
253 1
254 7
255 6
256 10
257 2
258 15
259 4
260 0
261 11
262 0
263 6
264 0
265 7
266 1
267 9
268 2
269 1
270 4
271 6
272 4
273 1
274 0
275 1
276 1
277 15
278 7
279 2
280 23
281 10
282 0
283 6
284 0
285 6
286 12
287 20
288 10
289 2
290 14
291 8
292 1
293 27
294 1
295 17
296 5
297 2
298 8
299 2
300 2
301 2
302 5
303 8
304 0
305 10
306 0
307 22
308 26
309 27
310 3
311 11
312 0
313 9
314 14
315 19
316 12
317 1
318 37
319 9
320 12
321 35
322 13
323 23
324 15
325 3
326 1
327 25
328 8
329 1
330 7
331 28
332 10
333 9
334 12
335 72
336 4
337 21
338 2
339 12
340 4
341 4
342 17
343 13
344 21
345 3
346 28
347 3
348 1
349 3
350 5
351 20
352 16
353 24
354 0
355 105
356 5
357 6
358 5
359 13
360 0
361 18
362 13
363 9
364 4
365 7
366 12
367 4
368 2
369 2
370 4
371 15
372 1
373 18
374 2
375 7
376 1
377 8
378 11
379 2
380 2
381 8
382 0
383 31
384 14
385 7
386 4
387 4
388 4
389 13
390 6
391 10
392 7
393 0
394 6
395 20
396 3
397 8
398 10
399 14
400 17
401 17
402 15
403 4
404 4
405 6
406 11
407 2
408 2
409 1
410 12
411 13
412 5
413 14
414 26
415 20
416 13
417 6
418 27
419 51
420 25
421 18
422 22
423 0
424 6
425 1
426 4
427 9
428 3
429 0
430 7
431 10
432 16
433 5
434 0
435 8
436 4
437 2
438 9
439 10
440 11
441 18
442 7
443 18
444 36
445 0
446 15
447 37
448 8
449 3
450 5
451 15
452 8
453 4
454 1
455 8
456 9
457 5
458 3
459 4
460 11
461 5
462 15
463 9
464 34
465 1
466 12
467 11
468 5
469 1
470 19
471 17
472 18
473 22
474 3
475 13
476 22
477 0
478 20
479 7
480 0
481 0
482 15
483 0
484 3
485 7
486 10
487 3
488 0
489 5
490 22
491 5
492 0
493 10
494 1
495 11
496 5
497 1
498 5
499 13
500 9
501 1
502 5
503 9
504 0
505 1
506 0
507 22
508 9
509 25
510 4
511 9
512 0
513 13
514 4
515 15
516 9
517 6
518 0
519 12
520 13
521 1
522 4
523 10
524 5
525 10
526 0
527 12
528 1
529 4
530 6
531 8
532 5
533 17
534 0
535 3
536 6
537 3
538 5
539 25
540 7
541 9
542 7
543 8
544 12
545 13
546 23
547 10
548 3
549 4
550 41
551 2
552 16
553 8
554 6
555 38
556 11
557 10
558 13
559 24
560 23
561 6
562 61
563 9
564 0
565 6
566 10
567 6
568 5
569 14
570 0
571 40
572 9
573 34
574 16
575 10
576 3
577 0
578 20
579 8
580 49
581 17
582 5
583 6
584 21
585 5
586 3
587 1
588 22
589 4
590 10
591 15
592 21
593 10
594 1
595 9
596 5
597 25
598 13
599 2
600 8
601 4
602 15
603 7
604 8
605 19
606 25
607 3
608 15
609 0
610 3
611 9
612 2
613 10
614 7
615 12
616 4
617 22
618 5
619 7
620 0
621 4
622 33
623 2
624 17
625 11
626 23
627 10
628 1
629 5
630 1
631 4
632 14
633 15
634 25
635 4
636 49
637 10
638 8
639 0
640 0
641 8
642 12
643 10
644 0
645 39
646 7
647 7
648 0
649 3
650 15
651 17
652 0
653 3
654 7
655 3
656 4
657 2
658 3
659 9
660 18
661 6
662 23
663 3
664 5
665 34
666 6
667 13
668 24
669 7
670 0
671 7
672 8
673 7
674 16
675 0
676 19
677 12
678 15
679 14
680 17
681 3
682 22
683 13
684 8
685 9
686 14
687 40
688 8
689 8
690 0
691 0
692 2
693 4
694 8
695 8
696 38
697 9
698 5
699 9
700 3
701 19
702 20
703 8
704 26
705 5
706 11
707 4
708 2
709 4
710 17
711 41
712 0
713 0
714 3
715 8
716 14
717 2
718 0
719 1
720 16
721 3
722 0
723 7
724 0
725 1
726 0
727 5
728 0
729 5
730 7
731 3
732 3
733 123
734 37
735 0
736 0
737 8
738 18
739 15
740 0
741 20
742 14
743 4
744 17
745 2
746 7
747 5
748 9
749 17
750 13
751 12
752 47
753 11
754 3
755 22
756 2
757 12
758 62
759 4
760 8
761 31
762 0
763 10
764 8
765 9
766 3
767 17
768 33
769 4
770 0
771 1
772 0
773 7
774 7
775 50
776 11
777 7
778 7
779 14
780 2
781 0
782 9
783 19
784 4
785 8
786 38
787 7
788 6
789 7
790 3
791 9
792 1
793 25
794 0
795 12
796 34
797 8
798 11
799 1
800 20
801 0
802 6
803 4
804 12
805 1
806 1
807 0
808 2
809 6
810 12
811 5
812 4
813 0
814 11
815 2
816 6
817 13
818 4
819 3
820 28
821 7
822 15
823 2
824 2
825 18
826 30
827 6
828 0
829 13
830 17
831 5
832 1
833 27
834 4
835 20
836 5
837 0
838 17
839 0
840 0
841 0
842 5
843 6
844 25
845 6
846 6
847 10
848 13
849 4
850 29
851 13
852 0
853 1
854 6
855 9
856 21
857 2
858 0
859 28
860 4
861 12
862 0
863 15
864 50
865 31
866 0
867 39
868 7
869 16
870 2
871 10
872 9
873 0
874 18
875 3
876 7
877 0
878 5
879 3
880 4
881 0
882 0
883 2
884 0
885 6
886 0
887 2
888 7
889 12
890 18
891 1
892 0
893 14
894 17
895 14
896 9
897 0
898 10
899 6
900 3
901 19
902 0
903 23
904 10
905 7
906 0
907 4
908 20
909 1
910 2
911 4
912 7
913 17
914 0
915 6
916 13
917 12
918 4
919 3
920 13
921 8
922 5
923 10
924 10
925 4
926 8
927 22
928 8
929 21
930 8
931 8
932 1
933 43
934 38
935 8
936 6
937 5
938 1
939 21
940 0
941 3
942 2
943 38
944 7
945 16
946 8
947 44
948 5
949 3
950 24
951 6
952 16
953 0
954 6
955 2
956 29
957 13
958 18
959 18
960 5
961 7
962 2
963 17
964 6
965 17
966 28
967 8
968 7
969 0
970 16
971 2
972 3
973 9
974 16
975 2
976 1
977 31
978 2
979 0
980 3
981 0
982 0
983 4
984 0
985 27
986 12
987 0
988 5
989 2
990 13
991 14
992 34
993 7
994 2
995 2
996 6
997 38
998 2
999 1
1000 7
1001 0
1002 21
1003 5
1004 7
1005 2
1006 63
1007 0
1008 32
1009 70
1010 3
1011 0
1012 14
1013 6
1014 39
1015 5
1016 33
1017 5
1018 0
1019 36
1020 0
1021 34
1022 9
1023 3
1024 0
1025 2
1026 17
1027 9
1028 1
1029 20
1030 6
1031 1
1032 13
1033 11
1034 11
1035 10
1036 33
1037 5
1038 0
1039 3
1040 16
1041 1
1042 11
1043 1
1044 2
1045 23
1046 5
1047 1
1048 8
1049 0
1050 9
1051 7
1052 14
1053 12
1054 15
1055 3
1056 0
1057 0
1058 26
1059 34
1060 3
1061 14
1062 2
1063 2
1064 15
1065 3
1066 27
1067 8
1068 12
1069 17
1070 0
1071 0
1072 20
1073 28
1074 6
1075 22
1076 6
1077 2
1078 8
1079 8
1080 7
1081 10
1082 11
1083 3
1084 30
1085 5
1086 11
1087 14
1088 11
1089 0
1090 10
1091 4
1092 0
1093 1
1094 16
1095 2
1096 16
1097 5
1098 12
1099 14
1100 0
1101 0
1102 3
1103 18
1104 46
1105 24
1106 7
1107 27
1108 10
1109 0
1110 0
1111 10
1112 1
1113 0
1114 9
1115 10
1116 0
1117 2
1118 2
1119 0
1120 1
1121 7
1122 10
1123 0
1124 0
1125 8
1126 5
1127 9
1128 4
1129 3
1130 10
1131 8
1132 2
1133 4
1134 13
1135 7
1136 0
1137 2
1138 0
1139 7
1140 0
1141 3
1142 12
1143 4
1144 4
1145 0
1146 16
1147 25
1148 4
1149 14
1150 4
1151 13
1152 15
1153 2
1154 5
1155 14
1156 7
1157 14
1158 0
1159 3
1160 7
1161 5
1162 3
1163 3
1164 7
1165 4
1166 13
1167 4
1168 13
1169 5
1170 22
1171 0
1172 3
1173 4
1174 12
1175 5
1176 0
1177 13
1178 6
1179 5
1180 11
1181 0
1182 3
1183 1
1184 2
1185 0
1186 10
1187 0
1188 4
1189 22
1190 9
1191 7
1192 26
1193 30
1194 0
1195 1
1196 5
1197 2
1198 8
1199 3
1200 3
1201 9
1202 14
1203 3
1204 5
1205 3
1206 10
1207 6
1208 2
1209 3
1210 0
1211 1
1212 4
1213 0
1214 4
1215 5
1216 7
1217 26
1218 6
1219 14
1220 0
1221 0
1222 13
1223 3
1224 5
1225 3
1226 3
1227 12
1228 5
1229 3
1230 4
1231 10
1232 6
1233 27
1234 0
1235 2
1236 9
1237 11
1238 21
1239 8
1240 1
1241 4
1242 25
1243 11
1244 5
1245 4
1246 2
1247 9
1248 0
1249 6
1250 5
1251 11
1252 5
1253 1
1254 3
1255 1
1256 1
1257 5
1258 3
1259 2
1260 1
1261 19
1262 0
1263 53
1264 0
1265 10
1266 18
1267 30
1268 6
1269 0
1270 0
1271 10
1272 5
1273 6
1274 4
1275 1
1276 4
1277 15
1278 1
1279 2
1280 2
1281 13
1282 2
1283 11
1284 2
1285 2
1286 11
1287 3
1288 1
1289 1
1290 3
1291 4
1292 3
1293 3
1294 2
1295 5
1296 2
1297 11
1298 6
1299 4
1300 19
1301 2
1302 6
1303 33
1304 0
1305 4
1306 0
1307 8
1308 0
1309 2
1310 0
1311 2
1312 6
1313 0
1314 8
1315 7
1316 2
1317 1
1318 5
1319 0
1320 22
1321 7
1322 6
1323 5
1324 0
1325 0
1326 4
1327 0
1328 22
1329 5
1330 1
1331 2
1332 5
1333 2
1334 2
1335 9
1336 0
1337 0
1338 11
1339 16
1340 1
1341 0
1342 3
1343 4
1344 1
1345 0
1346 10
1347 2
1348 0
1349 12
1350 5
1351 0
1352 17
1353 7
1354 0
1355 10
1356 14
1357 16
1358 2
1359 15
1360 6
1361 2
1362 0
1363 0
1364 13
1365 6
1366 1
1367 26
1368 21
1369 2
1370 3
1371 0
1372 0
1373 19
1374 2
1375 8
1376 18
1377 0
1378 0
1379 3
1380 25
1381 12
1382 4
1383 3
1384 12
1385 3
1386 3
1387 11
1388 11
1389 3
1390 7
1391 4
1392 0
1393 0
1394 11
1395 0
1396 12
1397 6
1398 4
1399 3
1400 1
1401 4
1402 30
1403 7
1404 3
1405 4
1406 1
1407 11
1408 3
1409 11
1410 8
1411 5
1412 4
1413 8
1414 5
1415 20
1416 0
1417 10
1418 11
1419 5
1420 0
1421 0
1422 9
1423 5
1424 0
1425 24
1426 0
1427 8
1428 1
1429 0
1430 2
1431 4
1432 3
1433 4
1434 0
1435 9
1436 27
1437 1
1438 2
1439 0
1440 29
1441 0
1442 0
1443 5
1444 9
1445 10
1446 1
1447 22
1448 1
1449 14
1450 8
1451 0
1452 12
1453 3
1454 6
1455 13
1456 2
1457 0
1458 1
1459 13
1460 40
1461 3
1462 9
1463 4
1464 11
1465 19
1466 1
1467 26
1468 6
1469 9
1470 4
1471 25
1472 31
1473 18
1474 37
1475 69
1476 11
1477 15
1478 15
1479 11
1480 5
1481 1
1482 0
1483 9
1484 28
1485 29
1486 6
1487 5
1488 12
1489 1
1490 27
1491 10
1492 11
1493 1
1494 0
1495 6
1496 48
1497 17
1498 11
1499 0
1500 13
1501 4
1502 6
1503 0
1504 17
1505 12
1506 5
1507 10
1508 12
1509 0
1510 5
1511 23
1512 18
1513 1
1514 15
1515 14
1516 2
1517 0
1518 12
1519 0
1520 9
1521 4
1522 12
1523 24
1524 0
1525 14
1526 5
1527 1
1528 15
1529 4
1530 10
1531 7
1532 0
1533 4
1534 2
1535 13
1536 3
1537 12
1538 0
1539 9
1540 23
1541 4
1542 0
1543 6
1544 2
1545 7
1546 12
1547 1
1548 12
1549 7
1550 7
1551 5
1552 1
1553 2
1554 6
1555 15
1556 0
1557 1
1558 2
1559 6
1560 8
1561 5
1562 25
1563 9
1564 11
1565 3
1566 29
1567 0
1568 2
1569 2
1570 10
1571 3
1572 32
1573 0
1574 7
1575 3
1576 5
1577 24
1578 4
1579 9
1580 10
1581 1
1582 1
1583 7
1584 14
1585 5
1586 2
1587 6
1588 2
1589 4
1590 4
1591 12
1592 11
1593 4
1594 9
1595 8
1596 16
1597 3
