1 0
2 0
3 3
4 26
5 19
6 47
7 0
8 3
9 13
10 0
11 0
12 6
13 0
14 10
15 5
16 27
17 8
18 20
19 2
20 5
21 5
22 3
23 3
24 9
25 0
26 0
27 5
28 2
29 2
30 1
31 6
32 5
33 0
34 6
35 30
36 2
37 4
38 4
39 19
40 8
41 1
42 11
43 4
44 0
45 10
46 1
47 0
48 3
49 2
50 3
51 9
52 0
53 0
54 0
55 0
56 12
57 0
58 31
59 4
60 2
61 15
62 13
63 5
64 0
65 20
66 7
67 5
68 5
69 31
70 53
71 0
72 25
73 7
74 18
75 26
76 21
77 33
78 3
79 2
80 11
81 50
82 6
83 12
84 22
85 7
86 27
87 4
88 1
89 14
90 2
91 7
92 4
93 8
94 9
95 5
96 15
97 2
98 4
99 8
100 0
101 3
102 9
103 4
104 0
105 5
106 9
107 0
108 5
109 9
110 3
111 0
112 43
113 2
114 1
115 0
116 13
117 10
118 12
119 7
120 41
121 0
122 17
123 20
124 15
125 25
126 35
127 9
128 8
129 6
130 14
131 2
132 4
133 27
134 0
135 10
136 1
137 9
138 2
139 9
140 16
141 8
142 0
143 0
144 37
145 13
146 0
147 20
148 9
149 16
150 0
151 6
152 3
153 3
154 0
155 0
156 1
157 0
158 7
159 2
160 3
161 1
162 3
163 5
164 1
165 15
166 11
167 7
168 1
169 13
170 3
171 0
172 3
173 0
174 16
175 16
176 4
177 18
178 12
179 4
180 12
181 4
182 3
183 4
184 4
185 39
186 9
187 2
188 37
189 0
190 0
191 4
192 0
193 1
194 6
195 8
196 2
197 0
198 0
199 2
200 11
201 2
202 1
203 0
204 0
205 7
206 10
207 19
208 9
209 7
210 0
211 0
212 2
213 0
214 4
215 6
216 3
217 7
218 16
219 8
220 5
221 0
222 16
223 1
224 2
225 30
226 0
227 0
228 13
229 8
230 4
231 13
232 3
233 10
234 0
235 5
236 1
237 23
238 2
239 14
240 3
241 1
242 1
243 6
244 0
245 1
246 5
247 2
248 8
249 6
250 17
251 2
252 0
253 9
254 6
255 0
256 28
257 25
258 50
259 80
260 14
261 6
262 0
263 18
264 0
265 14
266 1
267 19
268 1
269 4
270 0
271 20
272 0
273 1
274 0
275 19
276 0
277 0
278 2
279 4
280 2
281 4
282 0
283 62
284 2
285 2
286 19
287 12
288 1
289 0
290 7
291 16
292 3
293 23
294 1
295 0
296 8
297 0
298 4
299 4
300 0
301 1
302 11
303 3
304 0
305 3
306 2
307 21
308 18
309 9
310 1
311 46
312 4
313 12
314 33
315 18
316 17
317 0
318 9
319 14
320 19
321 2
322 6
323 17
324 12
325 5
326 4
327 4
328 59
329 3
330 2
331 5
332 6
333 5
334 4
335 19
336 12
337 7
338 2
339 14
340 5
341 0
342 36
343 14
344 16
345 33
346 18
347 13
348 0
349 0
350 1
351 52
352 2
353 11
354 1
355 20
356 2
357 0
358 3
359 4
360 3
361 19
362 13
363 0
364 3
365 4
366 0
367 16
368 0
369 2
370 1
371 13
372 12
373 1
374 1
375 24
376 6
377 44
378 4
379 4
380 7
381 17
382 0
383 14
384 10
385 22
386 13
387 27
388 4
389 32
390 0
391 29
392 6
393 4
394 16
395 10
396 10
397 12
398 9
399 0
400 5
401 23
402 19
403 1
404 0
405 8
406 8
407 3
408 5
409 0
410 1
411 6
412 6
413 9
414 15
415 22
416 7
417 6
418 54
419 8
420 5
421 8
422 11
423 4
424 0
425 7
426 15
427 8
428 10
429 0
430 14
431 22
432 14
433 19
434 2
435 3
436 4
437 2
438 0
439 15
440 71
441 7
442 17
443 13
444 0
445 0
446 16
447 6
448 12
449 4
450 0
451 2
452 1
453 6
454 14
455 16
456 1
457 20
458 3
459 13
460 4
461 4
462 26
463 31
464 3
465 10
466 13
467 3
468 0
469 0
470 12
471 11
472 13
473 39
474 2
475 8
476 16
477 3
478 11
479 3
480 3
481 11
482 3
483 0
484 16
485 2
486 1
487 4
488 2
489 0
490 1
491 5
492 1
493 0
494 2
495 11
496 1
497 0
498 12
499 2
500 4
501 3
502 15
503 2
504 0
505 9
506 6
507 1
508 9
509 4
510 0
511 3
512 0
513 43
514 5
515 12
516 0
517 0
518 0
519 4
520 1
521 3
522 0
523 16
524 2
525 1
526 2
527 0
528 3
529 4
530 26
531 2
532 14
533 18
534 0
535 7
536 0
537 12
538 1
539 7
540 8
541 1
542 6
543 16
544 21
545 1
546 7
547 10
548 2
549 5
550 3
551 0
552 4
553 6
554 10
555 7
556 42
557 21
558 38
559 21
560 15
561 13
562 9
563 5
564 3
565 0
566 2
567 21
568 6
569 33
570 0
571 50
572 2
573 56
574 12
575 29
576 2
577 0
578 4
579 24
580 3
581 0
582 0
583 5
584 35
585 4
586 2
587 8
588 1
589 7
590 3
591 16
592 17
593 2
594 3
595 11
596 12
597 17
598 1
599 0
600 15
601 1
602 0
603 3
604 5
605 29
606 8
607 36
608 14
609 14
610 8
611 20
612 0
613 1
614 13
615 26
616 1
617 10
618 2
619 5
620 0
621 6
622 12
623 14
624 5
625 1
626 0
627 23
628 19
629 0
630 13
631 7
632 13
633 11
634 5
635 0
636 1
637 7
638 16
639 0
640 0
641 3
642 5
643 11
644 2
645 11
646 0
647 12
648 1
649 1
650 1
651 21
652 10
653 6
654 7
655 8
656 0
657 13
658 5
659 1
660 23
661 3
662 8
663 4
664 5
665 11
666 2
667 7
668 8
669 4
670 0
671 2
672 13
673 7
674 21
675 0
676 17
677 64
678 1
679 8
680 2
681 6
682 19
683 1
684 9
685 2
686 16
687 19
688 4
689 13
690 0
691 0
692 12
693 3
694 15
695 2
696 11
697 12
698 96
699 6
700 0
701 14
702 1
703 5
704 19
705 13
706 9
707 0
708 2
709 4
710 9
711 10
712 2
713 0
714 0
715 29
716 23
717 8
718 0
719 21
720 7
721 0
722 0
723 5
724 3
725 2
726 2
727 8
728 0
729 28
730 4
731 3
732 1
733 13
734 14
735 0
736 5
737 9
738 7
739 25
740 6
741 5
742 15
743 5
744 34
745 6
746 1
747 5
748 13
749 11
750 20
751 45
752 7
753 13
754 9
755 20
756 9
757 3
758 3
759 4
760 3
761 14
762 2
763 24
764 4
765 16
766 6
767 0
768 35
769 0
770 0
771 5
772 0
773 3
774 8
775 18
776 0
777 8
778 10
779 5
780 14
781 0
782 0
783 2
784 14
785 4
786 20
787 4
788 7
789 8
790 4
791 7
792 0
793 4
794 1
795 15
796 7
797 11
798 1
799 0
800 0
801 2
802 24
803 5
804 26
805 5
806 11
807 0
808 0
809 7
810 1
811 24
812 1
813 0
814 14
815 26
816 0
817 21
818 33
819 9
820 11
821 0
822 13
823 4
824 2
825 7
826 1
827 8
828 2
829 22
830 2
831 6
832 2
833 3
834 0
835 22
836 2
837 25
838 11
839 6
840 0
841 1
842 16
843 7
844 5
845 2
846 16
847 21
848 17
849 4
850 15
851 10
852 5
853 0
854 2
855 5
856 4
857 0
858 0
859 5
860 3
861 8
862 0
863 20
864 3
865 5
866 0
867 16
868 1
869 48
870 5
871 5
872 4
873 0
874 6
875 5
876 4
877 11
878 2
879 17
880 2
881 22
882 0
883 3
884 7
885 2
886 6
887 1
888 0
889 0
890 5
891 6
892 2
893 9
894 7
895 4
896 3
897 0
898 4
899 12
900 6
901 9
902 0
903 3
904 2
905 0
906 10
907 3
908 21
909 0
910 4
911 5
912 6
913 3
914 3
915 11
916 6
917 5
918 0
919 15
920 0
921 3
922 2
923 30
924 9
925 16
926 6
927 15
928 15
929 3
930 1
931 6
932 0
933 0
934 1
935 7
936 34
937 1
938 12
939 6
940 1
941 0
942 17
943 6
944 0
945 1
946 0
947 5
948 5
949 3
950 0
951 2
952 14
953 0
954 6
955 3
956 32
957 13
958 26
959 1
960 3
961 5
962 0
963 3
964 8
965 0
966 5
967 1
968 0
969 0
970 6
971 3
972 5
973 4
974 6
975 1
976 32
977 9
978 1
979 2
980 6
981 1
982 3
983 3
984 3
985 2
986 5
987 3
988 11
989 6
990 8
991 12
992 8
993 3
994 16
995 0
996 2
997 22
998 5
999 2
1000 7
1001 4
1002 23
1003 0
1004 7
1005 2
1006 12
1007 11
1008 28
1009 50
1010 0
1011 0
1012 7
1013 1
1014 15
1015 5
1016 6
1017 19
1018 0
1019 12
1020 0
1021 1
1022 0
1023 0
1024 0
1025 0
1026 7
1027 9
1028 5
1029 5
1030 6
1031 2
1032 7
1033 9
1034 21
1035 5
1036 3
1037 1
1038 3
1039 5
1040 0
1041 0
1042 1
1043 0
1044 10
1045 4
1046 5
1047 4
1048 25
1049 0
1050 0
1051 9
1052 8
1053 6
1054 16
1055 0
1056 1
1057 0
1058 13
1059 6
1060 0
1061 38
1062 0
1063 0
1064 13
1065 4
1066 4
1067 4
1068 5
1069 4
1070 0
1071 20
1072 0
1073 3
1074 5
1075 9
1076 30
1077 13
1078 15
1079 15
1080 0
1081 5
1082 14
1083 23
1084 20
1085 0
1086 10
1087 6
1088 2
1089 1
1090 28
1091 11
1092 0
1093 2
1094 18
1095 5
1096 6
1097 6
1098 9
1099 4
1100 1
1101 3
1102 2
1103 22
1104 19
1105 24
1106 14
1107 5
1108 10
1109 7
1110 1
1111 5
1112 5
1113 1
1114 3
1115 9
1116 0
1117 4
1118 3
1119 4
1120 0
1121 3
1122 17
1123 0
1124 0
1125 5
1126 16
1127 1
1128 8
1129 3
1130 40
1131 19
1132 2
1133 1
1134 5
1135 0
1136 0
1137 3
1138 2
1139 2
1140 9
1141 2
1142 3
1143 3
1144 10
1145 0
1146 13
1147 3
1148 1
1149 7
1150 6
1151 16
1152 22
1153 5
1154 8
1155 18
1156 28
1157 1
1158 10
1159 7
1160 2
1161 14
1162 0
1163 2
1164 11
1165 3
1166 21
1167 9
1168 3
1169 1
1170 15
1171 4
1172 3
1173 0
1174 17
1175 12
1176 3
1177 16
1178 26
1179 6
1180 4
1181 24
1182 6
1183 25
1184 1
1185 0
1186 0
1187 0
1188 0
1189 6
1190 10
1191 4
1192 18
1193 18
1194 16
1195 0
1196 5
1197 4
1198 0
1199 3
1200 20
1201 14
1202 3
1203 2
1204 8
1205 0
1206 5
1207 2
1208 27
1209 0
1210 2
1211 4
1212 0
1213 0
1214 1
1215 4
1216 6
1217 19
1218 1
1219 62
1220 0
1221 3
1222 7
1223 11
1224 14
1225 2
1226 17
1227 0
1228 2
1229 10
1230 8
1231 12
1232 2
1233 20
1234 4
1235 0
1236 7
1237 0
1238 25
1239 8
1240 2
1241 0
1242 7
1243 0
1244 7
1245 0
1246 2
1247 23
1248 4
1249 22
1250 0
1251 2
1252 2
1253 5
1254 9
1255 0
1256 12
1257 6
1258 1
1259 5
1260 3
1261 11
1262 2
1263 5
1264 6
1265 41
1266 8
1267 14
1268 3
1269 0
1270 6
1271 1
1272 18
1273 6
1274 4
1275 29
1276 12
1277 18
1278 17
1279 1
1280 0
1281 12
1282 0
1283 2
1284 14
1285 5
1286 9
1287 2
1288 3
1289 5
1290 6
1291 17
1292 5
1293 11
1294 0
1295 12
1296 5
1297 26
1298 5
1299 0
1300 24
1301 0
1302 0
1303 12
1304 0
1305 4
1306 0
1307 6
1308 5
1309 4
1310 5
1311 21
1312 1
1313 2
1314 12
1315 2
1316 11
1317 0
1318 1
1319 3
1320 11
1321 9
1322 0
1323 4
1324 2
1325 5
1326 11
1327 0
1328 3
1329 0
1330 13
1331 0
1332 0
1333 5
1334 6
1335 22
1336 0
1337 0
1338 21
1339 16
1340 0
1341 1
1342 5
1343 0
1344 16
1345 20
1346 0
1347 0
1348 0
1349 27
1350 8
1351 5
1352 5
1353 4
1354 0
1355 6
1356 3
1357 16
1358 0
1359 30
1360 3
1361 3
1362 0
1363 12
1364 36
1365 0
1366 31
1367 4
1368 8
1369 3
1370 5
1371 5
1372 4
1373 0
1374 6
1375 13
1376 19
1377 0
1378 4
1379 29
1380 6
1381 8
1382 6
1383 7
1384 11
1385 1
1386 15
1387 9
1388 3
1389 2
1390 1
1391 0
1392 0
1393 0
1394 6
1395 5
1396 10
1397 2
1398 2
1399 2
1400 2
1401 4
1402 0
1403 6
1404 4
1405 4
1406 0
1407 4
1408 0
1409 9
1410 12
1411 0
1412 6
1413 3
1414 7
1415 10
1416 3
1417 1
1418 0
1419 4
1420 0
1421 0
1422 6
1423 3
1424 0
1425 12
1426 2
1427 3
1428 0
1429 0
1430 15
1431 16
1432 1
1433 0
1434 1
1435 17
1436 13
1437 0
1438 1
1439 0
1440 0
1441 0
1442 0
1443 4
1444 5
1445 5
1446 3
1447 1
1448 8
1449 10
1450 15
1451 2
1452 17
1453 8
1454 4
1455 2
1456 0
1457 0
1458 1
1459 8
1460 8
1461 0
1462 6
1463 0
1464 3
1465 12
1466 9
1467 12
1468 1
1469 9
1470 8
1471 10
1472 13
1473 2
1474 0
1475 5
1476 26
1477 1
1478 0
1479 7
1480 2
1481 10
1482 33
1483 0
1484 5
1485 1
1486 2
1487 17
1488 2
1489 0
1490 7
1491 52
1492 11
1493 0
1494 16
1495 27
1496 9
1497 1
1498 1
1499 0
1500 1
1501 2
1502 0
1503 0
1504 10
1505 5
1506 2
1507 41
1508 25
1509 1
1510 0
1511 9
1512 0
1513 4
1514 3
1515 9
1516 6
1517 0
1518 5
1519 1
1520 7
1521 25
1522 11
1523 8
1524 14
1525 28
1526 5
1527 0
1528 6
1529 4
1530 9
1531 1
1532 26
1533 0
1534 0
1535 25
1536 2
1537 5
1538 0
1539 0
1540 4
1541 3
1542 0
1543 2
1544 0
1545 0
1546 2
1547 1
1548 1
1549 0
1550 12
1551 8
1552 5
1553 0
1554 5
1555 16
1556 0
1557 1
1558 4
1559 9
1560 5
1561 3
1562 16
1563 2
1564 11
1565 2
1566 6
1567 0
1568 4
1569 3
1570 0
1571 8
1572 18
1573 1
1574 13
1575 84
1576 0
1577 8
1578 8
1579 31
1580 0
1581 2
1582 7
1583 6
1584 9
1585 0
1586 3
1587 16
1588 4
1589 5
1590 19
1591 0
1592 38
1593 13
1594 17
1595 3
1596 90
1597 3
