1 0
2 0
3 12
4 8
5 27
6 20
7 5
8 4
9 18
10 0
11 0
12 4
13 0
14 1
15 1
16 41
17 9
18 5
19 14
20 1
21 23
22 3
23 1
24 41
25 8
26 5
27 2
28 6
29 8
30 1
31 10
32 16
33 0
34 3
35 28
36 5
37 17
38 4
39 7
40 12
41 2
42 0
43 40
44 6
45 7
46 0
47 0
48 17
49 13
50 10
51 19
52 0
53 1
54 9
55 0
56 11
57 0
58 36
59 20
60 25
61 42
62 17
63 6
64 2
65 12
66 28
67 1
68 4
69 4
70 7
71 1
72 67
73 9
74 8
75 4
76 14
77 10
78 2
79 11
80 1
81 28
82 0
83 18
84 7
85 7
86 29
87 5
88 3
89 15
90 4
91 3
92 3
93 12
94 10
95 14
96 29
97 1
98 4
99 6
100 7
101 8
102 4
103 38
104 0
105 9
106 4
107 4
108 14
109 1
110 6
111 0
112 17
113 8
114 5
115 2
116 5
117 5
118 2
119 10
120 9
121 10
122 5
123 12
124 8
125 3
126 8
127 0
128 32
129 15
130 13
131 16
132 20
133 33
134 18
135 3
136 15
137 4
138 18
139 9
140 11
141 18
142 1
143 3
144 17
145 6
146 6
147 24
148 18
149 2
150 1
151 9
152 0
153 4
154 9
155 0
156 0
157 0
158 10
159 13
160 0
161 3
162 8
163 43
164 5
165 6
166 4
167 3
168 4
169 9
170 0
171 0
172 10
173 0
174 7
175 16
176 5
177 11
178 16
179 8
180 21
181 17
182 1
183 10
184 9
185 46
186 5
187 0
188 8
189 0
190 0
191 19
192 2
193 17
194 2
195 1
196 3
197 5
198 7
199 0
200 25
201 1
202 6
203 6
204 1
205 1
206 13
207 12
208 9
209 15
210 16
211 16
212 6
213 1
214 8
215 2
216 4
217 32
218 22
219 20
220 8
221 10
222 8
223 2
224 6
225 24
226 0
227 4
228 4
229 1
230 11
231 24
232 15
233 29
234 0
235 7
236 4
237 37
238 5
239 2
240 12
241 4
242 4
243 10
244 3
245 4
246 8
247 5
248 14
249 8
250 6
251 3
252 5
253 19
254 73
255 0
256 17
257 13
258 26
259 21
260 45
261 0
262 0
263 16
264 0
265 6
266 7
267 14
268 1
269 0
270 1
271 27
272 0
273 6
274 0
275 8
276 0
277 0
278 2
279 1
280 3
281 12
282 1
283 43
284 16
285 4
286 17
287 13
288 3
289 7
290 16
291 5
292 19
293 65
294 2
295 15
296 46
297 0
298 14
299 1
300 1
301 0
302 10
303 23
304 3
305 18
306 7
307 14
308 35
309 40
310 2
311 20
312 4
313 19
314 19
315 17
316 29
317 0
318 13
319 0
320 14
321 13
322 2
323 24
324 15
325 2
326 1
327 4
328 14
329 1
330 3
331 11
332 12
333 9
334 17
335 7
336 5
337 6
338 9
339 8
340 0
341 26
342 14
343 13
344 57
345 3
346 13
347 6
348 10
349 1
350 1
351 15
352 9
353 14
354 1
355 23
356 13
357 1
358 14
359 13
360 7
361 5
362 1
363 1
364 3
365 4
366 0
367 16
368 2
369 4
370 0
371 7
372 4
373 0
374 2
375 1
376 2
377 29
378 8
379 35
380 9
381 4
382 1
383 3
384 9
385 4
386 9
387 27
388 1
389 19
390 6
391 14
392 32
393 14
394 0
395 28
396 6
397 16
398 18
399 0
400 6
401 20
402 7
403 18
404 1
405 6
406 8
407 0
408 14
409 0
410 5
411 23
412 0
413 16
414 2
415 12
416 25
417 1
418 9
419 11
420 13
421 14
422 12
423 1
424 2
425 11
426 4
427 3
428 9
429 0
430 6
431 5
432 7
433 12
434 5
435 3
436 1
437 0
438 1
439 7
440 23
441 9
442 1
443 8
444 3
445 0
446 5
447 10
448 19
449 5
450 15
451 10
452 1
453 8
454 16
455 11
456 10
457 4
458 4
459 3
460 14
461 4
462 11
463 17
464 21
465 10
466 22
467 2
468 4
469 5
470 29
471 35
472 7
473 15
474 5
475 7
476 21
477 5
478 24
479 2
480 18
481 37
482 0
483 9
484 0
485 8
486 11
487 8
488 4
489 0
490 4
491 11
492 1
493 5
494 4
495 4
496 3
497 2
498 18
499 17
500 2
501 10
502 2
503 6
504 0
505 3
506 10
507 1
508 17
509 8
510 3
511 6
512 5
513 21
514 1
515 30
516 0
517 32
518 7
519 5
520 14
521 8
522 12
523 4
524 2
525 9
526 0
527 3
528 2
529 5
530 15
531 5
532 3
533 5
534 1
535 1
536 0
537 21
538 10
539 13
540 26
541 10
542 7
543 10
544 40
545 9
546 5
547 6
548 0
549 8
550 31
551 8
552 10
553 38
554 12
555 5
556 5
557 6
558 26
559 38
560 26
561 38
562 7
563 1
564 2
565 0
566 15
567 8
568 13
569 1
570 4
571 27
572 40
573 46
574 13
575 1
576 1
577 0
578 2
579 9
580 4
581 8
582 4
583 0
584 12
585 10
586 2
587 0
588 2
589 0
590 2
591 13
592 22
593 4
594 15
595 53
596 16
597 9
598 5
599 1
600 32
601 3
602 0
603 22
604 21
605 9
606 8
607 14
608 6
609 17
610 8
611 16
612 11
613 1
614 35
615 47
616 11
617 8
618 5
619 4
620 3
621 2
622 12
623 1
624 18
625 3
626 6
627 43
628 3
629 15
630 27
631 5
632 3
633 8
634 14
635 11
636 0
637 7
638 11
639 2
640 0
641 4
642 9
643 24
644 0
645 9
646 22
647 20
648 5
649 3
650 4
651 7
652 6
653 2
654 7
655 31
656 8
657 5
658 9
659 2
660 2
661 11
662 1
663 0
664 6
665 11
666 1
667 68
668 19
669 13
670 5
671 8
672 10
673 19
674 20
675 0
676 9
677 20
678 7
679 3
680 13
681 7
682 8
683 7
684 14
685 3
686 44
687 7
688 11
689 14
690 4
691 0
692 13
693 0
694 8
695 9
696 14
697 26
698 5
699 0
700 2
701 11
702 0
703 3
704 41
705 6
706 20
707 5
708 4
709 0
710 8
711 55
712 2
713 6
714 0
715 31
716 18
717 9
718 0
719 7
720 3
721 0
722 0
723 23
724 0
725 8
726 10
727 4
728 0
729 15
730 19
731 2
732 0
733 9
734 11
735 7
736 2
737 15
738 6
739 2
740 7
741 1
742 6
743 7
744 19
745 1
746 1
747 5
748 11
749 14
750 13
751 15
752 12
753 5
754 41
755 9
756 14
757 4
758 12
759 15
760 8
761 12
762 9
763 36
764 4
765 8
766 9
767 0
768 33
769 7
770 0
771 4
772 0
773 12
774 4
775 13
776 4
777 30
778 5
779 4
780 2
781 0
782 4
783 2
784 5
785 12
786 20
787 7
788 56
789 1
790 10
791 7
792 0
793 25
794 2
795 9
796 47
797 28
798 1
799 17
800 4
801 0
802 29
803 21
804 8
805 2
806 6
807 0
808 0
809 2
810 3
811 7
812 7
813 8
814 12
815 38
816 11
817 10
818 24
819 1
820 11
821 0
822 14
823 2
824 3
825 20
826 47
827 9
828 1
829 8
830 10
831 18
832 18
833 8
834 4
835 2
836 13
837 13
838 31
839 5
840 0
841 3
842 5
843 27
844 58
845 3
846 12
847 19
848 11
849 7
850 3
851 3
852 1
853 5
854 3
855 1
856 10
857 12
858 5
859 2
860 1
861 28
862 14
863 20
864 2
865 12
866 0
867 11
868 2
869 6
870 14
871 8
872 15
873 1
874 12
875 3
876 4
877 4
878 34
879 5
880 0
881 6
882 5
883 3
884 2
885 7
886 4
887 18
888 2
889 2
890 10
891 7
892 1
893 21
894 12
895 9
896 7
897 2
898 55
899 2
900 17
901 8
902 8
903 3
904 5
905 0
906 3
907 0
908 10
909 0
910 0
911 0
912 0
913 8
914 0
915 17
916 9
917 7
918 8
919 7
920 4
921 5
922 6
923 5
924 13
925 15
926 3
927 3
928 6
929 11
930 20
931 17
932 0
933 12
934 4
935 10
936 7
937 1
938 14
939 7
940 0
941 5
942 7
943 4
944 27
945 7
946 4
947 4
948 13
949 5
950 8
951 5
952 10
953 6
954 0
955 3
956 23
957 12
958 15
959 10
960 3
961 5
962 1
963 0
964 23
965 13
966 2
967 7
968 21
969 0
970 24
971 19
972 6
973 2
974 20
975 4
976 17
977 16
978 12
979 6
980 11
981 6
982 3
983 3
984 3
985 21
986 6
987 6
988 36
989 0
990 44
991 37
992 32
993 11
994 17
995 8
996 51
997 8
998 16
999 2
1000 2
1001 24
1002 17
1003 0
1004 35
1005 9
1006 27
1007 20
1008 19
1009 31
1010 9
1011 4
1012 8
1013 8
1014 18
1015 16
1016 17
1017 22
1018 3
1019 6
1020 4
1021 19
1022 0
1023 0
1024 4
1025 0
1026 2
1027 34
1028 2
1029 19
1030 20
1031 9
1032 28
1033 2
1034 30
1035 19
1036 1
1037 15
1038 2
1039 16
1040 3
1041 4
1042 9
1043 1
1044 11
1045 14
1046 0
1047 2
1048 12
1049 0
1050 0
1051 27
1052 8
1053 42
1054 1
1055 3
1056 1
1057 0
1058 11
1059 4
1060 0
1061 6
1062 0
1063 0
1064 7
1065 0
1066 1
1067 1
1068 3
1069 25
1070 1
1071 16
1072 2
1073 10
1074 9
1075 11
1076 11
1077 8
1078 14
1079 0
1080 9
1081 8
1082 23
1083 88
1084 31
1085 3
1086 3
1087 15
1088 2
1089 5
1090 14
1091 6
1092 0
1093 4
1094 12
1095 11
1096 10
1097 11
1098 15
1099 11
1100 2
1101 3
1102 4
1103 12
1104 17
1105 19
1106 19
1107 14
1108 28
1109 1
1110 6
1111 9
1112 4
1113 15
1114 8
1115 5
1116 15
1117 49
1118 3
1119 0
1120 3
1121 1
1122 2
1123 1
1124 4
1125 4
1126 30
1127 2
1128 17
1129 8
1130 18
1131 19
1132 1
1133 12
1134 2
1135 3
1136 6
1137 3
1138 2
1139 3
1140 2
1141 20
1142 6
1143 4
1144 2
1145 0
1146 1
1147 13
1148 4
1149 12
1150 8
1151 1
1152 22
1153 0
1154 24
1155 9
1156 16
1157 4
1158 4
1159 22
1160 0
1161 17
1162 2
1163 4
1164 12
1165 9
1166 7
1167 1
1168 8
1169 0
1170 12
1171 4
1172 15
1173 6
1174 0
1175 4
1176 3
1177 14
1178 3
1179 10
1180 7
1181 10
1182 2
1183 13
1184 13
1185 3
1186 10
1187 10
1188 9
1189 8
1190 32
1191 14
1192 32
1193 15
1194 4
1195 2
1196 27
1197 23
1198 11
1199 25
1200 26
1201 17
1202 21
1203 7
1204 27
1205 21
1206 2
1207 4
1208 18
1209 11
1210 3
1211 12
1212 0
1213 5
1214 0
1215 21
1216 22
1217 47
1218 4
1219 23
1220 0
1221 3
1222 26
1223 37
1224 15
1225 3
1226 2
1227 11
1228 42
1229 17
1230 7
1231 13
1232 3
1233 11
1234 2
1235 5
1236 35
1237 2
1238 32
1239 4
1240 0
1241 1
1242 7
1243 5
1244 13
1245 10
1246 2
1247 31
1248 7
1249 1
1250 9
1251 8
1252 2
1253 10
1254 11
1255 7
1256 19
1257 7
1258 0
1259 0
1260 12
1261 24
1262 43
1263 27
1264 13
1265 54
1266 14
1267 10
1268 8
1269 0
1270 16
1271 5
1272 19
1273 6
1274 9
1275 10
1276 28
1277 20
1278 34
1279 8
1280 3
1281 28
1282 2
1283 4
1284 4
1285 0
1286 12
1287 6
1288 2
1289 37
1290 0
1291 24
1292 11
1293 23
1294 1
1295 15
1296 9
1297 52
1298 21
1299 13
1300 75
1301 11
1302 1
1303 42
1304 0
1305 2
1306 0
1307 38
1308 63
1309 14
1310 21
1311 23
1312 4
1313 1
1314 24
1315 48
1316 6
1317 0
1318 7
1319 12
1320 25
1321 12
1322 1
1323 18
1324 7
1325 24
1326 22
1327 0
1328 13
1329 21
1330 10
1331 3
1332 2
1333 21
1334 29
1335 14
1336 25
1337 2
1338 2
1339 40
1340 3
1341 18
1342 5
1343 3
1344 5
1345 8
1346 3
1347 11
1348 1
1349 7
1350 55
1351 8
1352 31
1353 14
1354 0
1355 11
1356 11
1357 48
1358 4
1359 18
1360 24
1361 0
1362 2
1363 8
1364 25
1365 3
1366 7
1367 6
1368 18
1369 7
1370 6
1371 19
1372 17
1373 8
1374 30
1375 4
1376 27
1377 2
1378 3
1379 12
1380 4
1381 40
1382 16
1383 16
1384 19
1385 5
1386 32
1387 3
1388 26
1389 4
1390 30
1391 5
1392 2
1393 2
1394 43
1395 30
1396 2
1397 8
1398 1
1399 6
1400 59
1401 2
1402 21
1403 1
1404 10
1405 16
1406 0
1407 23
1408 1
1409 6
1410 7
1411 14
1412 13
1413 0
1414 4
1415 14
1416 0
1417 2
1418 7
1419 4
1420 3
1421 1
1422 44
1423 7
1424 0
1425 16
1426 0
1427 16
1428 14
1429 2
1430 16
1431 8
1432 3
1433 3
1434 2
1435 132
1436 11
1437 10
1438 6
1439 6
1440 24
1441 14
1442 0
1443 13
1444 13
1445 21
1446 1
1447 11
1448 6
1449 61
1450 15
1451 2
1452 13
1453 9
1454 6
1455 21
1456 26
1457 3
1458 7
1459 13
1460 8
1461 8
1462 2
1463 2
1464 7
1465 17
1466 18
1467 64
1468 19
1469 23
1470 20
1471 15
1472 15
1473 10
1474 19
1475 6
1476 22
1477 3
1478 2
1479 21
1480 8
1481 25
1482 18
1483 3
1484 5
1485 21
1486 10
1487 28
1488 2
1489 0
1490 13
1491 7
1492 5
1493 0
1494 12
1495 45
1496 6
1497 0
1498 5
1499 0
1500 3
1501 6
1502 0
1503 2
1504 17
1505 1
1506 1
1507 23
1508 14
1509 1
1510 0
1511 21
1512 10
1513 9
1514 10
1515 0
1516 2
1517 8
1518 4
1519 7
1520 1
1521 14
1522 11
1523 17
1524 4
1525 6
1526 5
1527 10
1528 6
1529 16
1530 24
1531 0
1532 9
1533 2
1534 1
1535 24
1536 30
1537 16
1538 1
1539 3
1540 3
1541 7
1542 0
1543 11
1544 16
1545 2
1546 8
1547 25
1548 4
1549 12
1550 5
1551 10
1552 29
1553 4
1554 18
1555 5
1556 0
1557 12
1558 0
1559 3
1560 2
1561 6
1562 20
1563 1
1564 4
1565 1
1566 3
1567 0
1568 12
1569 0
1570 1
1571 26
1572 17
1573 0
1574 10
1575 3
1576 1
1577 3
1578 0
1579 21
1580 0
1581 4
1582 0
1583 15
1584 13
1585 0
1586 0
1587 14
1588 14
1589 1
1590 4
1591 4
1592 9
1593 5
1594 9
1595 13
1596 7
1597 4
