1 3
2 0
3 5
4 4
5 24
6 21
7 0
8 0
9 5
10 0
11 0
12 2
13 0
14 3
15 5
16 8
17 0
18 22
19 6
20 0
21 1
22 3
23 6
24 33
25 17
26 12
27 3
28 4
29 14
30 0
31 11
32 24
33 0
34 6
35 29
36 2
37 27
38 10
39 10
40 27
41 5
42 1
43 17
44 0
45 4
46 0
47 0
48 11
49 4
50 3
51 38
52 0
53 30
54 3
55 4
56 12
57 0
58 19
59 28
60 27
61 35
62 18
63 9
64 0
65 25
66 10
67 2
68 2
69 12
70 2
71 0
72 27
73 15
74 54
75 43
76 16
77 23
78 9
79 5
80 17
81 37
82 0
83 3
84 6
85 1
86 3
87 10
88 1
89 16
90 23
91 0
92 3
93 10
94 8
95 2
96 19
97 5
98 6
99 7
100 0
101 1
102 1
103 20
104 0
105 0
106 1
107 0
108 31
109 1
110 0
111 1
112 48
113 1
114 6
115 5
116 3
117 1
118 6
119 3
120 6
121 15
122 0
123 7
124 17
125 0
126 20
127 11
128 6
129 2
130 3
131 0
132 0
133 22
134 5
135 5
136 140
137 6
138 12
139 0
140 11
141 6
142 0
143 0
144 1
145 4
146 3
147 9
148 10
149 1
150 1
151 22
152 5
153 0
154 6
155 2
156 0
157 2
158 11
159 2
160 0
161 6
162 9
163 15
164 0
165 4
166 12
167 10
168 2
169 7
170 1
171 0
172 6
173 1
174 0
175 19
176 2
177 2
178 2
179 23
180 31
181 8
182 0
183 10
184 6
185 12
186 1
187 1
188 20
189 0
190 12
191 13
192 5
193 10
194 7
195 4
196 0
197 0
198 2
199 0
200 12
201 0
202 0
203 0
204 3
205 7
206 14
207 0
208 13
209 8
210 5
211 1
212 5
213 3
214 6
215 1
216 9
217 16
218 35
219 17
220 16
221 1
222 6
223 4
224 9
225 9
226 0
227 1
228 3
229 5
230 0
231 16
232 6
233 8
234 0
235 0
236 8
237 21
238 0
239 5
240 5
241 6
242 1
243 26
244 0
245 0
246 8
247 7
248 13
249 0
250 3
251 4
252 0
253 0
254 9
255 0
256 24
257 7
258 12
259 4
260 9
261 3
262 0
263 1
264 0
265 7
266 0
267 24
268 0
269 0
270 0
271 1
272 0
273 0
274 3
275 40
276 3
277 0
278 0
279 0
280 8
281 4
282 0
283 0
284 2
285 11
286 1
287 8
288 10
289 0
290 15
291 8
292 1
293 9
294 1
295 0
296 0
297 0
298 3
299 2
300 0
301 0
302 18
303 5
304 0
305 2
306 1
307 38
308 24
309 9
310 2
311 10
312 1
313 23
314 41
315 17
316 5
317 0
318 1
319 3
320 22
321 9
322 2
323 10
324 7
325 3
326 5
327 7
328 11
329 0
330 6
331 6
332 5
333 13
334 1
335 14
336 3
337 4
338 0
339 9
340 6
341 14
342 11
343 7
344 8
345 5
346 114
347 19
348 2
349 1
350 10
351 14
352 0
353 7
354 1
355 14
356 22
357 0
358 37
359 9
360 0
361 2
362 4
363 0
364 3
365 4
366 1
367 40
368 1
369 2
370 2
371 10
372 0
373 0
374 0
375 0
376 10
377 15
378 3
379 1
380 8
381 7
382 0
383 14
384 2
385 13
386 14
387 22
388 10
389 4
390 0
391 20
392 18
393 0
394 1
395 16
396 0
397 4
398 4
399 0
400 26
401 16
402 3
403 0
404 0
405 12
406 3
407 0
408 6
409 0
410 3
411 3
412 5
413 17
414 0
415 12
416 6
417 5
418 4
419 4
420 5
421 13
422 13
423 2
424 1
425 8
426 0
427 25
428 11
429 0
430 14
431 4
432 3
433 13
434 0
435 5
436 6
437 5
438 2
439 21
440 5
441 31
442 5
443 4
444 8
445 0
446 41
447 3
448 0
449 6
450 2
451 11
452 5
453 5
454 27
455 6
456 11
457 3
458 5
459 5
460 5
461 2
462 10
463 14
464 3
465 6
466 2
467 2
468 0
469 0
470 18
471 2
472 13
473 7
474 11
475 19
476 6
477 4
478 3
479 2
480 0
481 7
482 0
483 0
484 0
485 3
486 6
487 0
488 2
489 2
490 4
491 6
492 2
493 0
494 12
495 1
496 2
497 1
498 19
499 2
500 0
501 6
502 1
503 1
504 0
505 15
506 8
507 11
508 3
509 5
510 2
511 6
512 1
513 22
514 5
515 5
516 0
517 0
518 0
519 0
520 5
521 0
522 15
523 2
524 0
525 13
526 0
527 4
528 1
529 0
530 5
531 2
532 1
533 2
534 8
535 0
536 3
537 10
538 4
539 7
540 6
541 4
542 0
543 4
544 20
545 5
546 0
547 1
548 4
549 20
550 4
551 2
552 6
553 2
554 11
555 35
556 19
557 12
558 15
559 15
560 9
561 30
562 18
563 1
564 3
565 5
566 17
567 2
568 4
569 4
570 1
571 13
572 5
573 25
574 14
575 7
576 4
577 0
578 1
579 14
580 7
581 1
582 0
583 25
584 15
585 2
586 11
587 0
588 0
589 3
590 14
591 4
592 26
593 10
594 3
595 13
596 6
597 13
598 1
599 0
600 9
601 1
602 2
603 2
604 2
605 42
606 6
607 19
608 12
609 2
610 10
611 32
612 6
613 3
614 2
615 11
616 10
617 3
618 0
619 1
620 0
621 2
622 12
623 22
624 28
625 0
626 3
627 51
628 2
629 9
630 28
631 2
632 3
633 2
634 5
635 12
636 0
637 7
638 12
639 0
640 2
641 15
642 12
643 6
644 0
645 15
646 1
647 3
648 5
649 0
650 1
651 23
652 3
653 0
654 3
655 10
656 2
657 2
658 18
659 5
660 4
661 8
662 4
663 3
664 3
665 11
666 6
667 9
668 8
669 2
670 3
671 6
672 4
673 12
674 21
675 0
676 15
677 4
678 5
679 9
680 6
681 1
682 1
683 5
684 16
685 0
686 25
687 4
688 11
689 7
690 0
691 5
692 7
693 2
694 2
695 1
696 17
697 34
698 6
699 1
700 0
701 1
702 1
703 15
704 12
705 2
706 17
707 0
708 1
709 2
710 2
711 7
712 1
713 21
714 3
715 19
716 14
717 1
718 0
719 2
720 2
721 0
722 3
723 7
724 0
725 0
726 1
727 1
728 0
729 2
730 10
731 2
732 3
733 3
734 11
735 2
736 2
737 2
738 9
739 17
740 0
741 0
742 9
743 4
744 23
745 0
746 0
747 9
748 10
749 8
750 20
751 4
752 0
753 2
754 2
755 5
756 4
757 3
758 4
759 6
760 0
761 13
762 7
763 17
764 3
765 4
766 30
767 0
768 9
769 0
770 0
771 2
772 0
773 0
774 0
775 9
776 0
777 17
778 2
779 9
780 17
781 5
782 4
783 13
784 27
785 0
786 6
787 13
788 7
789 3
790 2
791 10
792 1
793 17
794 0
795 3
796 12
797 7
798 12
799 17
800 4
801 0
802 17
803 7
804 5
805 2
806 2
807 0
808 0
809 2
810 1
811 27
812 5
813 2
814 21
815 17
816 2
817 24
818 1
819 1
820 8
821 2
822 16
823 4
824 3
825 15
826 4
827 2
828 0
829 8
830 26
831 15
832 15
833 1
834 0
835 14
836 16
837 6
838 8
839 0
840 2
841 0
842 2
843 5
844 4
845 1
846 19
847 22
848 7
849 10
850 8
851 13
852 0
853 2
854 1
855 12
856 1
857 8
858 0
859 1
860 0
861 19
862 1
863 30
864 2
865 4
866 0
867 10
868 6
869 1
870 5
871 3
872 13
873 4
874 22
875 0
876 0
877 0
878 5
879 9
880 1
881 10
882 2
883 3
884 0
885 12
886 4
887 8
888 18
889 0
890 15
891 0
892 1
893 11
894 3
895 1
896 0
897 0
898 17
899 10
900 2
901 7
902 0
903 3
904 3
905 5
906 0
907 4
908 1
909 0
910 2
911 0
912 3
913 5
914 1
915 4
916 1
917 3
918 0
919 6
920 1
921 7
922 2
923 3
924 2
925 1
926 14
927 1
928 2
929 0
930 0
931 7
932 2
933 9
934 2
935 1
936 22
937 0
938 7
939 6
940 0
941 7
942 2
943 2
944 6
945 0
946 2
947 8
948 6
949 3
950 3
951 0
952 5
953 0
954 1
955 2
956 76
957 38
958 40
959 15
960 1
961 0
962 0
963 4
964 7
965 7
966 9
967 1
968 7
969 0
970 19
971 9
972 1
973 8
974 22
975 13
976 11
977 57
978 4
979 0
980 0
981 2
982 1
983 0
984 0
985 20
986 0
987 12
988 16
989 2
990 36
991 19
992 30
993 0
994 19
995 17
996 39
997 28
998 5
999 6
1000 9
1001 2
1002 22
1003 0
1004 11
1005 5
1006 14
1007 4
1008 37
1009 44
1010 1
1011 4
1012 23
1013 0
1014 27
1015 12
1016 6
1017 8
1018 7
1019 3
1020 1
1021 23
1022 2
1023 0
1024 0
1025 0
1026 3
1027 7
1028 4
1029 7
1030 3
1031 12
1032 5
1033 1
1034 11
1035 3
1036 1
1037 13
1038 0
1039 19
1040 6
1041 0
1042 13
1043 0
1044 16
1045 13
1046 0
1047 0
1048 14
1049 0
1050 0
1051 4
1052 3
1053 10
1054 1
1055 1
1056 4
1057 0
1058 22
1059 2
1060 0
1061 7
1062 0
1063 2
1064 15
1065 0
1066 2
1067 1
1068 7
1069 5
1070 0
1071 18
1072 0
1073 1
1074 5
1075 5
1076 6
1077 6
1078 48
1079 2
1080 4
1081 10
1082 24
1083 33
1084 21
1085 0
1086 3
1087 22
1088 3
1089 5
1090 13
1091 8
1092 0
1093 6
1094 16
1095 60
1096 40
1097 6
1098 8
1099 26
1100 0
1101 5
1102 4
1103 37
1104 34
1105 16
1106 21
1107 9
1108 0
1109 2
1110 0
1111 7
1112 4
1113 0
1114 1
1115 28
1116 1
1117 7
1118 0
1119 0
1120 2
1121 0
1122 0
1123 2
1124 4
1125 3
1126 46
1127 26
1128 19
1129 0
1130 17
1131 20
1132 4
1133 18
1134 3
1135 2
1136 0
1137 1
1138 0
1139 0
1140 2
1141 0
1142 4
1143 0
1144 7
1145 0
1146 20
1147 12
1148 6
1149 0
1150 24
1151 4
1152 10
1153 5
1154 16
1155 4
1156 42
1157 2
1158 2
1159 19
1160 0
1161 3
1162 8
1163 4
1164 1
1165 1
1166 10
1167 4
1168 0
1169 5
1170 34
1171 1
1172 2
1173 0
1174 14
1175 2
1176 0
1177 13
1178 14
1179 6
1180 196
1181 4
1182 8
1183 7
1184 4
1185 3
1186 7
1187 2
1188 8
1189 2
1190 12
1191 16
1192 25
1193 35
1194 0
1195 0
1196 5
1197 5
1198 0
1199 27
1200 15
1201 24
1202 4
1203 1
1204 8
1205 0
1206 4
1207 6
1208 24
1209 1
1210 7
1211 0
1212 16
1213 0
1214 0
1215 13
1216 14
1217 36
1218 6
1219 25
1220 3
1221 4
1222 13
1223 14
1224 5
1225 0
1226 0
1227 0
1228 3
1229 10
1230 9
1231 29
1232 1
1233 13
1234 7
1235 7
1236 6
1237 3
1238 12
1239 25
1240 0
1241 1
1242 9
1243 7
1244 16
1245 2
1246 2
1247 36
1248 4
1249 3
1250 4
1251 1
1252 0
1253 8
1254 8
1255 2
1256 1
1257 7
1258 14
1259 8
1260 4
1261 30
1262 5
1263 15
1264 8
1265 24
1266 1
1267 70
1268 5
1269 0
1270 10
1271 0
1272 8
1273 5
1274 1
1275 33
1276 13
1277 1
1278 13
1279 2
1280 3
1281 26
1282 0
1283 3
1284 2
1285 7
1286 42
1287 1
1288 19
1289 1
1290 0
1291 4
1292 18
1293 6
1294 1
1295 29
1296 1
1297 28
1298 13
1299 0
1300 12
1301 2
1302 8
1303 30
1304 0
1305 2
1306 0
1307 13
1308 0
1309 7
1310 9
1311 23
1312 13
1313 0
1314 4
1315 16
1316 0
1317 0
1318 1
1319 4
1320 11
1321 5
1322 3
1323 12
1324 2
1325 15
1326 2
1327 1
1328 21
1329 0
1330 4
1331 0
1332 0
1333 25
1334 3
1335 22
1336 0
1337 0
1338 6
1339 6
1340 0
1341 4
1342 1
1343 2
1344 6
1345 2
1346 2
1347 25
1348 0
1349 2
1350 8
1351 7
1352 4
1353 16
1354 0
1355 16
1356 6
1357 40
1358 0
1359 4
1360 10
1361 2
1362 3
1363 1
1364 19
1365 9
1366 7
1367 6
1368 7
1369 19
1370 8
1371 5
1372 6
1373 9
1374 52
1375 5
1376 8
1377 0
1378 5
1379 42
1380 14
1381 19
1382 8
1383 5
1384 10
1385 0
1386 24
1387 0
1388 4
1389 3
1390 10
1391 6
1392 0
1393 0
1394 9
1395 7
1396 10
1397 2
1398 0
1399 0
1400 20
1401 3
1402 3
1403 6
1404 23
1405 29
1406 0
1407 8
1408 0
1409 14
1410 20
1411 8
1412 26
1413 7
1414 5
1415 8
1416 5
1417 0
1418 6
1419 1
1420 0
1421 2
1422 1
1423 12
1424 3
1425 20
1426 0
1427 2
1428 2
1429 0
1430 79
1431 13
1432 7
1433 1
1434 4
1435 26
1436 7
1437 2
1438 1
1439 1
1440 1
1441 7
1442 2
1443 16
1444 7
1445 8
1446 1
1447 15
1448 18
1449 10
1450 17
1451 0
1452 2
1453 15
1454 13
1455 15
1456 1
1457 9
1458 20
1459 16
1460 15
1461 0
1462 3
1463 1
1464 1
1465 25
1466 15
1467 19
1468 10
1469 23
1470 12
1471 6
1472 10
1473 2
1474 26
1475 11
1476 30
1477 12
1478 2
1479 9
1480 10
1481 24
1482 21
1483 0
1484 6
1485 3
1486 21
1487 44
1488 10
1489 9
1490 20
1491 4
1492 5
1493 0
1494 6
1495 10
1496 2
1497 0
1498 1
1499 0
1500 1
1501 0
1502 0
1503 0
1504 5
1505 1
1506 3
1507 8
1508 31
1509 3
1510 1
1511 13
1512 1
1513 0
1514 1
1515 3
1516 1
1517 2
1518 8
1519 0
1520 14
1521 6
1522 4
1523 27
1524 0
1525 9
1526 0
1527 1
1528 5
1529 1
1530 2
1531 2
1532 1
1533 3
1534 1
1535 23
1536 26
1537 26
1538 0
1539 3
1540 2
1541 0
1542 0
1543 4
1544 8
1545 1
1546 5
1547 8
1548 3
1549 4
1550 1
1551 3
1552 7
1553 0
1554 17
1555 8
1556 1
1557 4
1558 1
1559 0
1560 0
1561 0
1562 26
1563 1
1564 1
1565 8
1566 9
1567 0
1568 2
1569 0
1570 0
1571 18
1572 2
1573 0
1574 4
1575 7
1576 0
1577 93
1578 6
1579 1
1580 0
1581 1
1582 2
1583 3
1584 0
1585 9
1586 5
1587 3
1588 4
1589 34
1590 10
1591 0
1592 25
1593 5
1594 27
1595 5
1596 56
1597 9
