1 0
2 0
3 2
4 35
5 8
6 12
7 1
8 9
9 5
10 0
11 7
12 3
13 4
14 9
15 2
16 16
17 5
18 17
19 3
20 0
21 1
22 1
23 2
24 9
25 2
26 1
27 1
28 0
29 9
30 5
31 7
32 6
33 1
34 11
35 6
36 6
37 16
38 3
39 5
40 5
41 1
42 4
43 20
44 0
45 3
46 0
47 3
48 8
49 10
50 7
51 10
52 5
53 0
54 2
55 2
56 2
57 4
58 10
59 0
60 1
61 5
62 4
63 6
64 7
65 10
66 1
67 0
68 3
69 0
70 0
71 1
72 12
73 3
74 21
75 11
76 15
77 10
78 6
79 2
80 9
81 8
82 2
83 3
84 10
85 2
86 15
87 3
88 2
89 38
90 31
91 36
92 0
93 10
94 29
95 13
96 6
97 9
98 1
99 13
100 1
101 12
102 1
103 28
104 1
105 1
106 11
107 5
108 11
109 4
110 1
111 0
112 72
113 8
114 2
115 6
116 14
117 4
118 16
119 1
120 9
121 24
122 1
123 9
124 24
125 17
126 4
127 0
128 5
129 1
130 9
131 1
132 2
133 2
134 1
135 1
136 22
137 3
138 0
139 0
140 2
141 5
142 1
143 6
144 1
145 1
146 3
147 8
148 4
149 2
150 13
151 4
152 2
153 0
154 2
155 1
156 2
157 5
158 5
159 4
160 1
161 3
162 3
163 8
164 0
165 9
166 1
167 3
168 2
169 0
170 11
171 2
172 15
173 0
174 0
175 22
176 18
177 8
178 7
179 2
180 5
181 13
182 5
183 2
184 0
185 0
186 2
187 0
188 13
189 0
190 4
191 6
192 0
193 6
194 1
195 4
196 2
197 5
198 0
199 1
200 4
201 0
202 5
203 0
204 1
205 2
206 9
207 1
208 5
209 5
210 1
211 1
212 2
213 0
214 1
215 6
216 2
217 4
218 7
219 2
220 36
221 0
222 1
223 1
224 0
225 9
226 0
227 0
228 25
229 7
230 0
231 4
232 10
233 13
234 2
235 2
236 4
237 15
238 2
239 13
240 0
241 5
242 0
243 1
244 10
245 0
246 1
247 6
248 3
249 8
250 2
251 4
252 1
253 0
254 2
255 1
256 1
257 4
258 10
259 3
260 11
261 0
262 0
263 3
264 1
265 5
266 0
267 14
268 0
269 0
270 4
271 9
272 0
273 0
274 0
275 1
276 0
277 1
278 5
279 0
280 0
281 4
282 3
283 7
284 8
285 5
286 3
287 2
288 0
289 0
290 2
291 10
292 8
293 7
294 0
295 2
296 0
297 1
298 11
299 0
300 1
301 11
302 2
303 2
304 2
305 1
306 0
307 10
308 2
309 22
310 0
311 13
312 1
313 2
314 31
315 10
316 23
317 0
318 8
319 0
320 4
321 3
322 0
323 15
324 4
325 1
326 2
327 4
328 11
329 2
330 0
331 1
332 2
333 1
334 2
335 1
336 0
337 12
338 3
339 3
340 23
341 3
342 15
343 3
344 5
345 5
346 15
347 0
348 0
349 2
350 1
351 6
352 12
353 2
354 1
355 87
356 1
357 2
358 6
359 4
360 1
361 8
362 41
363 0
364 5
365 0
366 1
367 2
368 7
369 6
370 0
371 6
372 5
373 0
374 2
375 4
376 0
377 7
378 10
379 2
380 0
381 4
382 0
383 6
384 1
385 3
386 1
387 29
388 7
389 12
390 4
391 20
392 26
393 4
394 0
395 7
396 6
397 8
398 5
399 0
400 9
401 21
402 1
403 15
404 13
405 6
406 0
407 6
408 0
409 0
410 0
411 2
412 1
413 4
414 1
415 5
416 21
417 0
418 6
419 4
420 5
421 9
422 5
423 1
424 19
425 2
426 1
427 16
428 13
429 1
430 3
431 3
432 8
433 4
434 0
435 7
436 12
437 4
438 2
439 4
440 2
441 2
442 1
443 9
444 0
445 0
446 8
447 4
448 2
449 13
450 1
451 0
452 1
453 21
454 11
455 24
456 2
457 5
458 3
459 4
460 3
461 4
462 3
463 16
464 2
465 0
466 6
467 1
468 8
469 0
470 13
471 12
472 6
473 9
474 2
475 3
476 13
477 2
478 14
479 1
480 1
481 4
482 4
483 2
484 0
485 2
486 4
487 2
488 1
489 0
490 6
491 9
492 0
493 1
494 5
495 0
496 2
497 1
498 13
499 7
500 1
501 4
502 1
503 8
504 1
505 1
506 8
507 5
508 1
509 2
510 7
511 6
512 0
513 8
514 8
515 7
516 0
517 9
518 2
519 2
520 0
521 0
522 27
523 4
524 2
525 6
526 3
527 2
528 0
529 1
530 5
531 1
532 3
533 7
534 0
535 13
536 4
537 6
538 12
539 20
540 7
541 3
542 4
543 17
544 6
545 2
546 2
547 1
548 0
549 4
550 4
551 0
552 2
553 10
554 4
555 2
556 15
557 1
558 2
559 20
560 35
561 10
562 52
563 7
564 2
565 0
566 4
567 24
568 7
569 1
570 3
571 16
572 4
573 55
574 36
575 1
576 7
577 0
578 5
579 21
580 24
581 2
582 1
583 4
584 4
585 8
586 5
587 1
588 1
589 1
590 0
591 0
592 3
593 2
594 2
595 9
596 7
597 4
598 4
599 4
600 1
601 5
602 3
603 2
604 8
605 1
606 15
607 19
608 1
609 3
610 11
611 10
612 2
613 2
614 5
615 20
616 5
617 1
618 0
619 20
620 0
621 11
622 1
623 6
624 14
625 0
626 4
627 7
628 5
629 3
630 1
631 0
632 1
633 3
634 4
635 54
636 0
637 3
638 12
639 2
640 0
641 8
642 4
643 6
644 0
645 11
646 3
647 2
648 4
649 12
650 0
651 16
652 15
653 0
654 9
655 11
656 2
657 0
658 8
659 5
660 3
661 11
662 3
663 2
664 0
665 3
666 2
667 17
668 8
669 7
670 0
671 1
672 6
673 5
674 13
675 2
676 0
677 0
678 6
679 7
680 11
681 2
682 8
683 0
684 2
685 4
686 3
687 16
688 3
689 1
690 0
691 0
692 6
693 6
694 10
695 1
696 11
697 9
698 3
699 1
700 0
701 3
702 9
703 3
704 1
705 3
706 8
707 1
708 0
709 0
710 0
711 43
712 0
713 8
714 5
715 13
716 5
717 2
718 3
719 7
720 2
721 1
722 2
723 2
724 1
725 1
726 12
727 6
728 2
729 1
730 2
731 0
732 10
733 11
734 9
735 5
736 2
737 1
738 2
739 32
740 1
741 8
742 1
743 2
744 21
745 0
746 0
747 7
748 11
749 0
750 6
751 23
752 0
753 17
754 23
755 4
756 2
757 2
758 4
759 4
760 3
761 15
762 1
763 18
764 5
765 8
766 1
767 1
768 7
769 2
770 1
771 0
772 0
773 1
774 4
775 12
776 10
777 10
778 3
779 4
780 11
781 2
782 0
783 0
784 17
785 2
786 8
787 1
788 15
789 2
790 3
791 4
792 2
793 9
794 4
795 1
796 14
797 4
798 3
799 1
800 1
801 15
802 10
803 5
804 1
805 0
806 0
807 1
808 0
809 0
810 3
811 7
812 6
813 0
814 9
815 9
816 2
817 6
818 11
819 1
820 13
821 4
822 6
823 1
824 0
825 24
826 13
827 7
828 0
829 6
830 2
831 1
832 7
833 9
834 0
835 14
836 14
837 4
838 19
839 2
840 0
841 2
842 4
843 7
844 3
845 1
846 12
847 3
848 5
849 1
850 10
851 0
852 0
853 2
854 6
855 8
856 4
857 1
858 7
859 0
860 0
861 4
862 7
863 2
864 1
865 5
866 0
867 23
868 10
869 3
870 7
871 9
872 11
873 0
874 7
875 10
876 3
877 0
878 6
879 8
880 6
881 5
882 0
883 2
884 0
885 3
886 3
887 8
888 6
889 1
890 3
891 2
892 0
893 9
894 29
895 7
896 2
897 3
898 10
899 3
900 4
901 9
902 2
903 3
904 7
905 3
906 0
907 4
908 8
909 1
910 0
911 19
912 7
913 7
914 3
915 5
916 4
917 4
918 0
919 3
920 7
921 0
922 7
923 6
924 3
925 10
926 0
927 1
928 1
929 1
930 1
931 3
932 0
933 1
934 0
935 0
936 3
937 0
938 3
939 3
940 0
941 0
942 2
943 7
944 1
945 4
946 0
947 0
948 6
949 22
950 2
951 2
952 20
953 0
954 2
955 13
956 13
957 35
958 0
959 19
960 15
961 19
962 1
963 2
964 1
965 5
966 9
967 1
968 5
969 1
970 1
971 0
972 2
973 0
974 5
975 9
976 2
977 9
978 0
979 0
980 1
981 5
982 5
983 1
984 0
985 2
986 6
987 7
988 9
989 0
990 16
991 9
992 13
993 2
994 11
995 0
996 9
997 5
998 5
999 5
1000 1
1001 5
1002 18
1003 0
1004 16
1005 0
1006 9
1007 5
1008 15
1009 19
1010 1
1011 0
1012 2
1013 3
1014 9
1015 0
1016 2
1017 2
1018 1
1019 4
1020 0
1021 1
1022 1
1023 0
1024 0
1025 0
1026 0
1027 0
1028 2
1029 6
1030 3
1031 3
1032 9
1033 2
1034 5
1035 3
1036 6
1037 3
1038 0
1039 3
1040 7
1041 0
1042 1
1043 4
1044 0
1045 16
1046 8
1047 2
1048 18
1049 0
1050 0
1051 4
1052 4
1053 2
1054 7
1055 0
1056 0
1057 12
1058 6
1059 3
1060 0
1061 3
1062 2
1063 0
1064 7
1065 6
1066 15
1067 1
1068 16
1069 2
1070 0
1071 6
1072 0
1073 0
1074 5
1075 9
1076 1
1077 17
1078 1
1079 0
1080 2
1081 6
1082 4
1083 42
1084 14
1085 1
1086 0
1087 4
1088 0
1089 0
1090 5
1091 9
1092 0
1093 3
1094 17
1095 0
1096 8
1097 3
1098 8
1099 9
1100 1
1101 0
1102 4
1103 7
1104 8
1105 9
1106 3
1107 14
1108 4
1109 2
1110 0
1111 3
1112 0
1113 16
1114 4
1115 2
1116 1
1117 7
1118 8
1119 0
1120 21
1121 0
1122 0
1123 0
1124 8
1125 1
1126 8
1127 0
1128 17
1129 0
1130 13
1131 21
1132 5
1133 2
1134 1
1135 2
1136 0
1137 5
1138 7
1139 4
1140 1
1141 0
1142 7
1143 0
1144 0
1145 0
1146 4
1147 18
1148 2
1149 4
1150 6
1151 3
1152 6
1153 0
1154 9
1155 3
1156 10
1157 5
1158 10
1159 10
1160 0
1161 3
1162 2
1163 1
1164 0
1165 6
1166 8
1167 5
1168 2
1169 0
1170 2
1171 10
1172 3
1173 3
1174 3
1175 2
1176 0
1177 15
1178 18
1179 7
1180 5
1181 1
1182 0
1183 7
1184 4
1185 0
1186 2
1187 15
1188 0
1189 3
1190 3
1191 2
1192 24
1193 7
1194 1
1195 1
1196 5
1197 2
1198 2
1199 6
1200 11
1201 14
1202 3
1203 0
1204 6
1205 6
1206 7
1207 6
1208 10
1209 0
1210 34
1211 1
1212 0
1213 2
1214 2
1215 1
1216 5
1217 23
1218 2
1219 5
1220 0
1221 3
1222 7
1223 6
1224 10
1225 7
1226 0
1227 0
1228 7
1229 3
1230 4
1231 1
1232 0
1233 8
1234 0
1235 1
1236 11
1237 2
1238 10
1239 10
1240 0
1241 0
1242 6
1243 3
1244 1
1245 1
1246 0
1247 11
1248 1
1249 13
1250 13
1251 4
1252 1
1253 9
1254 0
1255 0
1256 15
1257 1
1258 2
1259 1
1260 12
1261 2
1262 0
1263 27
1264 3
1265 11
1266 12
1267 18
1268 0
1269 0
1270 4
1271 0
1272 0
1273 2
1274 6
1275 5
1276 1
1277 1
1278 2
1279 1
1280 11
1281 36
1282 0
1283 9
1284 0
1285 5
1286 16
1287 0
1288 2
1289 0
1290 0
1291 2
1292 9
1293 14
1294 2
1295 13
1296 0
1297 5
1298 2
1299 0
1300 8
1301 0
1302 3
1303 6
1304 3
1305 7
1306 0
1307 11
1308 0
1309 5
1310 1
1311 10
1312 6
1313 4
1314 5
1315 2
1316 35
1317 7
1318 8
1319 6
1320 3
1321 15
1322 1
1323 6
1324 0
1325 2
1326 5
1327 2
1328 5
1329 2
1330 5
1331 2
1332 0
1333 5
1334 3
1335 4
1336 1
1337 1
1338 6
1339 6
1340 3
1341 0
1342 3
1343 5
1344 7
1345 0
1346 0
1347 2
1348 0
1349 24
1350 7
1351 1
1352 6
1353 6
1354 0
1355 30
1356 4
1357 3
1358 0
1359 7
1360 1
1361 2
1362 7
1363 21
1364 10
1365 39
1366 8
1367 1
1368 22
1369 5
1370 1
1371 1
1372 2
1373 9
1374 3
1375 10
1376 19
1377 0
1378 5
1379 52
1380 5
1381 3
1382 18
1383 3
1384 1
1385 5
1386 4
1387 2
1388 6
1389 1
1390 0
1391 0
1392 1
1393 2
1394 4
1395 2
1396 4
1397 2
1398 2
1399 3
1400 0
1401 2
1402 4
1403 13
1404 0
1405 3
1406 0
1407 6
1408 3
1409 10
1410 3
1411 0
1412 2
1413 4
1414 23
1415 6
1416 0
1417 0
1418 10
1419 13
1420 0
1421 7
1422 3
1423 2
1424 0
1425 6
1426 0
1427 2
1428 0
1429 1
1430 1
1431 4
1432 14
1433 0
1434 2
1435 2
1436 2
1437 8
1438 2
1439 2
1440 0
1441 0
1442 0
1443 2
1444 2
1445 2
1446 0
1447 18
1448 0
1449 4
1450 1
1451 0
1452 0
1453 1
1454 0
1455 1
1456 2
1457 0
1458 0
1459 4
1460 4
1461 3
1462 7
1463 11
1464 1
1465 4
1466 3
1467 9
1468 4
1469 4
1470 3
1471 1
1472 9
1473 2
1474 4
1475 17
1476 8
1477 4
1478 0
1479 2
1480 1
1481 3
1482 18
1483 9
1484 6
1485 63
1486 4
1487 6
1488 0
1489 0
1490 37
1491 8
1492 2
1493 0
1494 4
1495 5
1496 4
1497 18
1498 1
1499 3
1500 6
1501 4
1502 2
1503 1
1504 1
1505 3
1506 9
1507 29
1508 6
1509 3
1510 0
1511 2
1512 2
1513 0
1514 10
1515 0
1516 6
1517 4
1518 5
1519 7
1520 3
1521 3
1522 2
1523 7
1524 0
1525 4
1526 3
1527 1
1528 7
1529 0
1530 10
1531 2
1532 3
1533 0
1534 0
1535 27
1536 15
1537 8
1538 0
1539 1
1540 8
1541 14
1542 0
1543 1
1544 2
1545 1
1546 0
1547 0
1548 1
1549 8
1550 8
1551 6
1552 7
1553 5
1554 4
1555 1
1556 2
1557 8
1558 2
1559 4
1560 0
1561 0
1562 16
1563 30
1564 2
1565 8
1566 10
1567 0
1568 5
1569 5
1570 6
1571 3
1572 23
1573 1
1574 45
1575 26
1576 4
1577 0
1578 2
1579 0
1580 2
1581 0
1582 2
1583 36
1584 9
1585 1
1586 4
1587 0
1588 3
1589 6
1590 30
1591 0
1592 3
1593 2
1594 4
1595 14
1596 11
1597 6
