1 2
2 0
3 4
4 11
5 6
6 13
7 0
8 0
9 9
10 4
11 0
12 4
13 1
14 2
15 2
16 10
17 3
18 18
19 6
20 0
21 13
22 9
23 11
24 44
25 59
26 15
27 6
28 0
29 3
30 13
31 5
32 7
33 5
34 0
35 11
36 15
37 5
38 5
39 8
40 15
41 5
42 6
43 5
44 3
45 8
46 0
47 1
48 9
49 12
50 7
51 39
52 1
53 20
54 0
55 1
56 5
57 0
58 7
59 16
60 2
61 5
62 1
63 7
64 0
65 22
66 11
67 3
68 0
69 2
70 3
71 1
72 9
73 38
74 7
75 9
76 8
77 3
78 1
79 11
80 7
81 47
82 1
83 7
84 8
85 27
86 14
87 2
88 6
89 9
90 26
91 0
92 2
93 7
94 21
95 4
96 24
97 2
98 2
99 8
100 2
101 6
102 19
103 22
104 7
105 3
106 11
107 7
108 1
109 3
110 2
111 2
112 31
113 1
114 5
115 0
116 8
117 10
118 2
119 2
120 14
121 22
122 7
123 4
124 34
125 2
126 5
127 11
128 20
129 4
130 2
131 6
132 6
133 10
134 4
135 2
136 3
137 2
138 8
139 2
140 5
141 34
142 0
143 0
144 0
145 6
146 10
147 8
148 10
149 0
150 7
151 9
152 4
153 0
154 19
155 0
156 0
157 0
158 2
159 22
160 4
161 0
162 1
163 12
164 16
165 5
166 16
167 1
168 18
169 14
170 2
171 2
172 4
173 0
174 5
175 8
176 3
177 4
178 2
179 6
180 25
181 7
182 0
183 3
184 1
185 43
186 7
187 0
188 7
189 0
190 2
191 5
192 13
193 1
194 1
195 2
196 1
197 0
198 0
199 4
200 1
201 0
202 4
203 7
204 3
205 4
206 2
207 5
208 9
209 28
210 9
211 2
212 6
213 0
214 8
215 3
216 6
217 12
218 3
219 28
220 9
221 4
222 10
223 1
224 3
225 5
226 1
227 0
228 2
229 0
230 0
231 35
232 9
233 20
234 0
235 0
236 11
237 4
238 9
239 4
240 2
241 4
242 4
243 11
244 0
245 0
246 9
247 7
248 14
249 3
250 15
251 7
252 0
253 0
254 1
255 3
256 14
257 11
258 6
259 11
260 34
261 4
262 0
263 3
264 0
265 9
266 0
267 18
268 0
269 5
270 0
271 13
272 7
273 7
274 0
275 17
276 2
277 0
278 0
279 4
280 3
281 6
282 3
283 1
284 6
285 0
286 2
287 26
288 1
289 0
290 0
291 3
292 8
293 72
294 0
295 0
296 5
297 0
298 1
299 0
300 1
301 2
302 2
303 4
304 0
305 6
306 0
307 20
308 11
309 10
310 0
311 12
312 1
313 25
314 16
315 7
316 6
317 1
318 3
319 5
320 28
321 3
322 3
323 8
324 3
325 7
326 0
327 13
328 8
329 6
330 2
331 13
332 9
333 8
334 6
335 11
336 0
337 9
338 2
339 6
340 2
341 56
342 14
343 12
344 3
345 2
346 9
347 1
348 1
349 6
350 0
351 55
352 13
353 5
354 1
355 54
356 13
357 1
358 3
359 13
360 0
361 2
362 6
363 0
364 0
365 2
366 5
367 5
368 0
369 3
370 9
371 19
372 1
373 0
374 6
375 0
376 8
377 4
378 0
379 3
380 3
381 1
382 2
383 6
384 10
385 14
386 6
387 5
388 16
389 19
390 4
391 23
392 14
393 3
394 0
395 5
396 2
397 14
398 17
399 4
400 37
401 3
402 10
403 8
404 7
405 3
406 15
407 4
408 3
409 0
410 19
411 0
412 1
413 7
414 5
415 1
416 7
417 8
418 11
419 7
420 5
421 9
422 8
423 0
424 0
425 6
426 5
427 6
428 14
429 1
430 11
431 2
432 19
433 12
434 0
435 6
436 10
437 2
438 0
439 1
440 15
441 4
442 7
443 1
444 4
445 3
446 7
447 5
448 7
449 10
450 11
451 2
452 2
453 14
454 16
455 1
456 19
457 3
458 2
459 6
460 5
461 5
462 5
463 4
464 5
465 1
466 10
467 4
468 28
469 0
470 15
471 14
472 4
473 17
474 0
475 13
476 11
477 0
478 8
479 2
480 8
481 7
482 12
483 11
484 3
485 9
486 6
487 0
488 0
489 3
490 5
491 2
492 10
493 0
494 4
495 3
496 1
497 0
498 5
499 8
500 1
501 6
502 2
503 2
504 0
505 11
506 2
507 4
508 4
509 3
510 4
511 3
512 0
513 16
514 1
515 8
516 2
517 6
518 0
519 0
520 4
521 2
522 11
523 3
524 0
525 0
526 0
527 3
528 2
529 0
530 7
531 2
532 12
533 3
534 22
535 3
536 4
537 8
538 11
539 20
540 5
541 1
542 15
543 5
544 17
545 4
546 0
547 7
548 0
549 5
550 3
551 4
552 4
553 7
554 6
555 0
556 7
557 2
558 3
559 8
560 16
561 66
562 11
563 3
564 0
565 0
566 3
567 4
568 14
569 4
570 0
571 25
572 9
573 48
574 11
575 14
576 3
577 4
578 5
579 16
580 7
581 2
582 1
583 2
584 0
585 1
586 2
587 3
588 0
589 0
590 5
591 9
592 12
593 2
594 5
595 8
596 6
597 7
598 5
599 1
600 4
601 0
602 2
603 7
604 11
605 5
606 9
607 20
608 3
609 8
610 0
611 13
612 0
613 0
614 5
615 16
616 3
617 4
618 0
619 3
620 0
621 7
622 4
623 21
624 5
625 0
626 4
627 18
628 4
629 1
630 10
631 5
632 16
633 3
634 3
635 3
636 8
637 10
638 2
639 0
640 0
641 0
642 6
643 11
644 1
645 12
646 3
647 6
648 3
649 5
650 1
651 7
652 1
653 0
654 4
655 2
656 3
657 1
658 9
659 1
660 8
661 2
662 0
663 1
664 0
665 14
666 1
667 8
668 25
669 1
670 9
671 4
672 6
673 15
674 1
675 2
676 2
677 11
678 3
679 3
680 5
681 3
682 2
683 7
684 3
685 3
686 29
687 3
688 5
689 11
690 1
691 0
692 5
693 1
694 3
695 3
696 33
697 3
698 9
699 0
700 0
701 0
702 3
703 16
704 23
705 10
706 7
707 4
708 3
709 4
710 2
711 14
712 0
713 43
714 1
715 9
716 15
717 14
718 0
719 3
720 4
721 2
722 0
723 8
724 0
725 4
726 14
727 0
728 0
729 8
730 4
731 1
732 6
733 6
734 16
735 1
736 5
737 6
738 5
739 3
740 4
741 0
742 3
743 4
744 9
745 0
746 0
747 0
748 6
749 7
750 8
751 15
752 14
753 0
754 19
755 9
756 0
757 2
758 5
759 29
760 0
761 14
762 0
763 49
764 11
765 18
766 8
767 0
768 21
769 1
770 3
771 2
772 0
773 10
774 0
775 18
776 2
777 8
778 8
779 9
780 0
781 1
782 2
783 8
784 6
785 8
786 12
787 7
788 24
789 10
790 9
791 3
792 2
793 13
794 6
795 3
796 14
797 7
798 4
799 2
800 4
801 0
802 22
803 19
804 4
805 1
806 1
807 2
808 10
809 9
810 6
811 5
812 0
813 8
814 2
815 16
816 4
817 13
818 34
819 2
820 9
821 8
822 8
823 10
824 10
825 4
826 4
827 5
828 8
829 5
830 15
831 0
832 15
833 12
834 0
835 0
836 11
837 3
838 22
839 0
840 4
841 0
842 1
843 27
844 2
845 1
846 5
847 5
848 8
849 19
850 1
851 9
852 3
853 1
854 9
855 4
856 10
857 8
858 4
859 2
860 7
861 14
862 3
863 16
864 9
865 3
866 4
867 12
868 7
869 18
870 2
871 8
872 18
873 7
874 4
875 2
876 3
877 26
878 6
879 3
880 3
881 4
882 3
883 1
884 5
885 5
886 1
887 14
888 8
889 0
890 3
891 4
892 0
893 1
894 1
895 2
896 5
897 1
898 11
899 4
900 1
901 0
902 0
903 0
904 5
905 2
906 0
907 3
908 1
909 0
910 2
911 0
912 7
913 1
914 0
915 0
916 3
917 5
918 0
919 10
920 1
921 1
922 5
923 4
924 4
925 3
926 1
927 0
928 3
929 4
930 6
931 3
932 1
933 5
934 1
935 1
936 8
937 3
938 12
939 3
940 4
941 0
942 7
943 0
944 4
945 1
946 4
947 9
948 5
949 2
950 1
951 0
952 7
953 0
954 2
955 1
956 22
957 6
958 4
959 8
960 0
961 3
962 0
963 0
964 8
965 4
966 7
967 3
968 0
969 1
970 7
971 2
972 3
973 0
974 9
975 1
976 7
977 12
978 3
979 0
980 0
981 4
982 1
983 3
984 0
985 6
986 0
987 1
988 13
989 0
990 17
991 17
992 2
993 11
994 3
995 15
996 22
997 5
998 22
999 0
1000 3
1001 4
1002 7
1003 17
1004 14
1005 2
1006 7
1007 5
1008 21
1009 15
1010 0
1011 0
1012 13
1013 1
1014 10
1015 11
1016 5
1017 2
1018 0
1019 5
1020 2
1021 2
1022 1
1023 1
1024 8
1025 0
1026 0
1027 14
1028 6
1029 5
1030 0
1031 5
1032 18
1033 1
1034 9
1035 6
1036 7
1037 10
1038 3
1039 8
1040 6
1041 0
1042 11
1043 4
1044 10
1045 16
1046 10
1047 0
1048 9
1049 0
1050 0
1051 1
1052 15
1053 3
1054 11
1055 3
1056 5
1057 0
1058 8
1059 13
1060 5
1061 20
1062 2
1063 0
1064 8
1065 0
1066 2
1067 0
1068 0
1069 7
1070 2
1071 1
1072 0
1073 3
1074 3
1075 1
1076 5
1077 7
1078 8
1079 2
1080 16
1081 9
1082 40
1083 15
1084 22
1085 3
1086 8
1087 5
1088 4
1089 4
1090 9
1091 10
1092 0
1093 1
1094 6
1095 0
1096 11
1097 5
1098 0
1099 40
1100 2
1101 15
1102 7
1103 24
1104 9
1105 16
1106 4
1107 11
1108 1
1109 0
1110 0
1111 10
1112 0
1113 1
1114 4
1115 6
1116 7
1117 4
1118 0
1119 3
1120 1
1121 1
1122 4
1123 1
1124 0
1125 2
1126 11
1127 1
1128 9
1129 0
1130 8
1131 18
1132 0
1133 4
1134 4
1135 0
1136 0
1137 0
1138 14
1139 4
1140 0
1141 0
1142 0
1143 2
1144 1
1145 6
1146 15
1147 3
1148 4
1149 0
1150 4
1151 3
1152 16
1153 2
1154 8
1155 11
1156 11
1157 0
1158 5
1159 8
1160 4
1161 4
1162 0
1163 11
1164 2
1165 15
1166 15
1167 4
1168 3
1169 0
1170 10
1171 2
1172 3
1173 3
1174 1
1175 5
1176 5
1177 37
1178 1
1179 3
1180 3
1181 6
1182 2
1183 24
1184 5
1185 0
1186 2
1187 6
1188 0
1189 2
1190 9
1191 2
1192 25
1193 21
1194 9
1195 0
1196 6
1197 16
1198 0
1199 18
1200 0
1201 8
1202 4
1203 4
1204 8
1205 10
1206 2
1207 9
1208 12
1209 1
1210 11
1211 0
1212 6
1213 4
1214 3
1215 21
1216 25
1217 11
1218 8
1219 15
1220 0
1221 0
1222 3
1223 2
1224 44
1225 7
1226 0
1227 0
1228 11
1229 10
1230 8
1231 17
1232 2
1233 20
1234 0
1235 10
1236 12
1237 3
1238 21
1239 6
1240 0
1241 1
1242 6
1243 0
1244 2
1245 7
1246 12
1247 9
1248 10
1249 3
1250 11
1251 3
1252 1
1253 1
1254 1
1255 1
1256 6
1257 5
1258 1
1259 6
1260 21
1261 9
1262 2
1263 19
1264 13
1265 6
1266 2
1267 12
1268 6
1269 2
1270 1
1271 1
1272 1
1273 4
1274 0
1275 11
1276 7
1277 3
1278 4
1279 0
1280 0
1281 12
1282 0
1283 2
1284 5
1285 1
1286 5
1287 0
1288 2
1289 6
1290 0
1291 8
1292 10
1293 15
1294 5
1295 36
1296 6
1297 19
1298 5
1299 2
1300 7
1301 13
1302 2
1303 46
1304 1
1305 1
1306 0
1307 4
1308 1
1309 1
1310 0
1311 1
1312 12
1313 0
1314 5
1315 4
1316 3
1317 8
1318 13
1319 1
1320 21
1321 8
1322 21
1323 5
1324 1
1325 3
1326 11
1327 1
1328 5
1329 22
1330 4
1331 8
1332 0
1333 0
1334 8
1335 4
1336 0
1337 0
1338 9
1339 9
1340 2
1341 1
1342 2
1343 3
1344 12
1345 0
1346 2
1347 2
1348 3
1349 18
1350 6
1351 2
1352 22
1353 26
1354 1
1355 3
1356 2
1357 1
1358 4
1359 7
1360 9
1361 3
1362 3
1363 3
1364 15
1365 3
1366 11
1367 2
1368 33
1369 20
1370 1
1371 5
1372 0
1373 0
1374 3
1375 3
1376 11
1377 0
1378 2
1379 20
1380 4
1381 7
1382 5
1383 3
1384 2
1385 10
1386 1
1387 11
1388 3
1389 0
1390 10
1391 4
1392 7
1393 0
1394 9
1395 6
1396 3
1397 33
1398 3
1399 16
1400 10
1401 2
1402 10
1403 8
1404 37
1405 1
1406 1
1407 17
1408 10
1409 4
1410 13
1411 4
1412 6
1413 3
1414 5
1415 8
1416 1
1417 8
1418 15
1419 3
1420 0
1421 0
1422 0
1423 13
1424 1
1425 5
1426 5
1427 6
1428 3
1429 5
1430 3
1431 3
1432 21
1433 0
1434 2
1435 35
1436 12
1437 4
1438 4
1439 0
1440 4
1441 0
1442 2
1443 11
1444 3
1445 4
1446 3
1447 5
1448 4
1449 5
1450 4
1451 0
1452 2
1453 6
1454 4
1455 6
1456 4
1457 0
1458 3
1459 10
1460 7
1461 0
1462 7
1463 0
1464 1
1465 9
1466 4
1467 15
1468 9
1469 11
1470 37
1471 12
1472 37
1473 16
1474 2
1475 7
1476 14
1477 6
1478 1
1479 9
1480 7
1481 14
1482 3
1483 0
1484 1
1485 6
1486 79
1487 35
1488 0
1489 6
1490 4
1491 20
1492 11
1493 1
1494 14
1495 16
1496 10
1497 4
1498 0
1499 0
1500 9
1501 1
1502 5
1503 0
1504 3
1505 17
1506 1
1507 9
1508 12
1509 0
1510 0
1511 8
1512 7
1513 0
1514 9
1515 0
1516 2
1517 0
1518 1
1519 3
1520 1
1521 3
1522 6
1523 16
1524 6
1525 13
1526 0
1527 1
1528 3
1529 1
1530 3
1531 11
1532 6
1533 0
1534 4
1535 12
1536 5
1537 13
1538 3
1539 0
1540 0
1541 0
1542 0
1543 1
1544 13
1545 3
1546 1
1547 0
1548 4
1549 3
1550 7
1551 3
1552 5
1553 5
1554 42
1555 3
1556 0
1557 3
1558 0
1559 2
1560 4
1561 2
1562 18
1563 0
1564 3
1565 6
1566 2
1567 0
1568 0
1569 4
1570 0
1571 12
1572 20
1573 2
1574 5
1575 12
1576 5
1577 0
1578 4
1579 10
1580 4
1581 1
1582 3
1583 1
1584 4
1585 0
1586 0
1587 3
1588 6
1589 1
1590 4
1591 0
1592 22
1593 27
1594 14
1595 10
1596 37
1597 6
