1 0
2 0
3 1
4 10
5 2
6 10
7 2
8 0
9 16
10 3
11 0
12 0
13 1
14 0
15 3
16 19
17 31
18 8
19 14
20 4
21 13
22 3
23 3
24 30
25 5
26 1
27 12
28 3
29 5
30 1
31 3
32 4
33 0
34 5
35 26
36 3
37 12
38 9
39 4
40 1
41 5
42 0
43 3
44 8
45 6
46 0
47 0
48 1
49 1
50 1
51 9
52 3
53 0
54 0
55 11
56 9
57 0
58 14
59 19
60 3
61 11
62 25
63 3
64 0
65 1
66 9
67 1
68 0
69 0
70 1
71 0
72 2
73 8
74 22
75 3
76 4
77 12
78 2
79 12
80 5
81 2
82 2
83 2
84 2
85 11
86 14
87 5
88 0
89 18
90 24
91 9
92 0
93 4
94 4
95 1
96 12
97 6
98 6
99 4
100 6
101 1
102 4
103 11
104 0
105 6
106 4
107 1
108 17
109 4
110 1
111 1
112 20
113 1
114 1
115 3
116 13
117 1
118 4
119 13
120 26
121 2
122 2
123 3
124 11
125 2
126 13
127 5
128 4
129 2
130 1
131 1
132 1
133 4
134 2
135 6
136 31
137 0
138 17
139 2
140 15
141 6
142 1
143 0
144 2
145 12
146 1
147 1
148 2
149 0
150 0
151 1
152 0
153 0
154 0
155 0
156 0
157 0
158 1
159 19
160 0
161 0
162 15
163 1
164 8
165 3
166 4
167 1
168 0
169 7
170 0
171 0
172 0
173 0
174 0
175 4
176 1
177 10
178 2
179 9
180 28
181 7
182 1
183 1
184 0
185 0
186 2
187 0
188 6
189 0
190 0
191 10
192 2
193 6
194 5
195 4
196 1
197 0
198 0
199 4
200 2
201 0
202 0
203 3
204 0
205 0
206 6
207 7
208 9
209 6
210 4
211 1
212 0
213 0
214 11
215 1
216 12
217 2
218 5
219 2
220 1
221 6
222 0
223 3
224 0
225 6
226 2
227 1
228 7
229 5
230 5
231 11
232 29
233 14
234 0
235 0
236 2
237 11
238 3
239 6
240 2
241 2
242 0
243 26
244 0
245 0
246 23
247 5
248 4
249 0
250 3
251 0
252 0
253 5
254 3
255 5
256 5
257 6
258 1
259 2
260 19
261 1
262 0
263 1
264 0
265 7
266 0
267 1
268 0
269 0
270 9
271 1
272 0
273 1
274 4
275 9
276 0
277 5
278 4
279 8
280 13
281 8
282 2
283 0
284 1
285 1
286 5
287 8
288 1
289 0
290 4
291 1
292 6
293 12
294 3
295 1
296 3
297 2
298 32
299 7
300 0
301 6
302 8
303 4
304 0
305 2
306 0
307 1
308 8
309 9
310 1
311 1
312 1
313 9
314 8
315 16
316 7
317 1
318 14
319 0
320 2
321 0
322 5
323 5
324 8
325 0
326 0
327 10
328 5
329 0
330 0
331 3
332 2
333 12
334 0
335 4
336 2
337 5
338 0
339 17
340 2
341 3
342 4
343 6
344 52
345 3
346 14
347 1
348 0
349 4
350 0
351 8
352 0
353 1
354 9
355 6
356 13
357 8
358 30
359 10
360 8
361 3
362 3
363 2
364 3
365 2
366 3
367 4
368 1
369 2
370 5
371 9
372 0
373 0
374 3
375 0
376 2
377 4
378 1
379 8
380 4
381 2
382 0
383 3
384 7
385 3
386 2
387 45
388 5
389 8
390 1
391 5
392 6
393 0
394 1
395 7
396 0
397 4
398 4
399 0
400 8
401 5
402 0
403 1
404 7
405 16
406 8
407 4
408 6
409 3
410 5
411 15
412 0
413 6
414 11
415 19
416 4
417 2
418 49
419 12
420 7
421 7
422 4
423 9
424 2
425 13
426 0
427 12
428 3
429 0
430 4
431 8
432 10
433 5
434 2
435 3
436 8
437 0
438 0
439 22
440 7
441 14
442 6
443 24
444 1
445 0
446 27
447 6
448 7
449 4
450 7
451 8
452 10
453 2
454 10
455 0
456 0
457 3
458 2
459 1
460 6
461 2
462 3
463 13
464 8
465 0
466 18
467 1
468 0
469 5
470 7
471 9
472 3
473 4
474 2
475 8
476 4
477 6
478 5
479 1
480 2
481 7
482 1
483 0
484 6
485 1
486 5
487 3
488 0
489 0
490 2
491 1
492 1
493 0
494 1
495 5
496 0
497 1
498 30
499 11
500 9
501 7
502 3
503 2
504 2
505 8
506 0
507 7
508 8
509 2
510 0
511 7
512 0
513 2
514 13
515 2
516 0
517 6
518 4
519 1
520 1
521 0
522 1
523 2
524 0
525 2
526 15
527 0
528 5
529 0
530 3
531 3
532 0
533 2
534 1
535 3
536 1
537 3
538 0
539 5
540 35
541 1
542 0
543 15
544 5
545 6
546 2
547 1
548 1
549 1
550 1
551 0
552 4
553 3
554 4
555 1
556 19
557 5
558 29
559 9
560 3
561 5
562 34
563 3
564 6
565 13
566 1
567 16
568 4
569 1
570 6
571 19
572 1
573 13
574 18
575 20
576 10
577 1
578 7
579 8
580 1
581 6
582 1
583 2
584 9
585 2
586 13
587 0
588 2
589 1
590 9
591 2
592 12
593 8
594 1
595 1
596 10
597 15
598 6
599 19
600 3
601 0
602 1
603 1
604 4
605 12
606 4
607 3
608 8
609 0
610 3
611 6
612 3
613 3
614 8
615 10
616 14
617 10
618 1
619 0
620 0
621 26
622 7
623 10
624 6
625 0
626 0
627 42
628 1
629 1
630 6
631 0
632 7
633 55
634 9
635 0
636 1
637 0
638 2
639 4
640 0
641 1
642 7
643 10
644 4
645 6
646 3
647 7
648 10
649 3
650 0
651 7
652 4
653 5
654 1
655 6
656 2
657 1
658 1
659 12
660 6
661 4
662 2
663 0
664 0
665 9
666 2
667 4
668 5
669 12
670 0
671 0
672 25
673 7
674 7
675 0
676 2
677 4
678 7
679 1
680 1
681 4
682 1
683 6
684 14
685 1
686 7
687 12
688 12
689 8
690 3
691 3
692 3
693 2
694 4
695 2
696 6
697 21
698 4
699 3
700 2
701 1
702 1
703 5
704 10
705 0
706 11
707 1
708 6
709 1
710 4
711 18
712 0
713 1
714 4
715 12
716 2
717 8
718 0
719 1
720 0
721 0
722 7
723 15
724 13
725 0
726 1
727 1
728 7
729 2
730 5
731 0
732 9
733 5
734 14
735 8
736 5
737 4
738 0
739 21
740 1
741 3
742 6
743 3
744 11
745 1
746 1
747 0
748 5
749 4
750 1
751 11
752 16
753 7
754 5
755 5
756 1
757 8
758 2
759 7
760 2
761 28
762 9
763 4
764 11
765 6
766 4
767 10
768 8
769 6
770 0
771 0
772 2
773 20
774 0
775 4
776 2
777 7
778 6
779 13
780 0
781 6
782 14
783 0
784 8
785 0
786 12
787 1
788 11
789 14
790 20
791 0
792 0
793 8
794 7
795 1
796 14
797 9
798 22
799 0
800 2
801 5
802 9
803 5
804 1
805 10
806 1
807 0
808 0
809 6
810 4
811 3
812 14
813 3
814 3
815 5
816 1
817 6
818 11
819 7
820 11
821 0
822 38
823 1
824 1
825 11
826 0
827 3
828 3
829 2
830 3
831 3
832 5
833 2
834 3
835 12
836 8
837 9
838 8
839 0
840 0
841 3
842 2
843 1
844 20
845 1
846 2
847 2
848 12
849 18
850 5
851 9
852 0
853 1
854 1
855 4
856 1
857 3
858 2
859 0
860 0
861 3
862 5
863 6
864 1
865 4
866 0
867 2
868 6
869 5
870 0
871 1
872 12
873 1
874 6
875 0
876 0
877 5
878 14
879 3
880 2
881 1
882 9
883 1
884 12
885 11
886 1
887 59
888 1
889 0
890 3
891 0
892 3
893 0
894 0
895 5
896 15
897 0
898 8
899 3
900 3
901 7
902 0
903 0
904 0
905 3
906 1
907 0
908 1
909 5
910 2
911 2
912 0
913 2
914 9
915 2
916 8
917 1
918 0
919 0
920 1
921 0
922 2
923 4
924 6
925 1
926 6
927 10
928 18
929 5
930 13
931 10
932 3
933 3
934 0
935 0
936 15
937 2
938 8
939 5
940 0
941 3
942 2
943 2
944 0
945 1
946 2
947 2
948 1
949 5
950 0
951 0
952 1
953 0
954 0
955 2
956 33
957 3
958 3
959 12
960 1
961 6
962 2
963 10
964 2
965 5
966 6
967 1
968 6
969 3
970 7
971 5
972 12
973 0
974 6
975 10
976 14
977 12
978 8
979 0
980 0
981 2
982 3
983 0
984 1
985 3
986 1
987 1
988 20
989 1
990 4
991 6
992 14
993 0
994 3
995 1
996 9
997 4
998 3
999 0
1000 8
1001 2
1002 39
1003 1
1004 10
1005 2
1006 4
1007 3
1008 8
1009 134
1010 0
1011 0
1012 27
1013 0
1014 8
1015 9
1016 3
1017 5
1018 0
1019 0
1020 1
1021 4
1022 0
1023 0
1024 2
1025 5
1026 8
1027 4
1028 0
1029 1
1030 0
1031 0
1032 7
1033 7
1034 19
1035 4
1036 4
1037 2
1038 0
1039 8
1040 1
1041 5
1042 2
1043 1
1044 7
1045 24
1046 1
1047 5
1048 11
1049 1
1050 0
1051 0
1052 4
1053 8
1054 6
1055 1
1056 0
1057 0
1058 33
1059 3
1060 0
1061 16
1062 4
1063 0
1064 5
1065 0
1066 9
1067 0
1068 5
1069 5
1070 0
1071 23
1072 2
1073 4
1074 2
1075 2
1076 6
1077 1
1078 3
1079 7
1080 1
1081 3
1082 14
1083 7
1084 21
1085 1
1086 2
1087 14
1088 2
1089 0
1090 4
1091 7
1092 4
1093 2
1094 4
1095 1
1096 5
1097 3
1098 4
1099 14
1100 1
1101 2
1102 14
1103 12
1104 5
1105 11
1106 10
1107 9
1108 1
1109 2
1110 0
1111 4
1112 0
1113 3
1114 3
1115 6
1116 0
1117 6
1118 1
1119 3
1120 1
1121 1
1122 1
1123 0
1124 4
1125 0
1126 5
1127 0
1128 2
1129 1
1130 1
1131 48
1132 2
1133 2
1134 3
1135 2
1136 0
1137 4
1138 0
1139 1
1140 1
1141 0
1142 0
1143 3
1144 2
1145 0
1146 0
1147 7
1148 0
1149 2
1150 6
1151 0
1152 10
1153 0
1154 18
1155 5
1156 26
1157 0
1158 1
1159 6
1160 0
1161 3
1162 0
1163 8
1164 3
1165 4
1166 10
1167 1
1168 2
1169 0
1170 24
1171 6
1172 5
1173 1
1174 4
1175 4
1176 1
1177 15
1178 7
1179 1
1180 13
1181 6
1182 5
1183 0
1184 3
1185 0
1186 0
1187 7
1188 0
1189 1
1190 0
1191 0
1192 10
1193 4
1194 2
1195 3
1196 0
1197 6
1198 3
1199 8
1200 4
1201 6
1202 0
1203 4
1204 2
1205 11
1206 4
1207 3
1208 6
1209 2
1210 7
1211 2
1212 19
1213 0
1214 3
1215 0
1216 12
1217 13
1218 6
1219 32
1220 0
1221 0
1222 3
1223 5
1224 16
1225 1
1226 0
1227 0
1228 3
1229 7
1230 4
1231 3
1232 1
1233 31
1234 18
1235 0
1236 8
1237 6
1238 8
1239 9
1240 9
1241 2
1242 8
1243 8
1244 6
1245 0
1246 0
1247 11
1248 1
1249 5
1250 5
1251 1
1252 3
1253 8
1254 7
1255 4
1256 3
1257 3
1258 2
1259 9
1260 1
1261 12
1262 1
1263 17
1264 1
1265 7
1266 5
1267 15
1268 0
1269 0
1270 0
1271 0
1272 3
1273 1
1274 17
1275 6
1276 1
1277 1
1278 14
1279 0
1280 2
1281 9
1282 0
1283 3
1284 2
1285 1
1286 7
1287 0
1288 2
1289 4
1290 9
1291 3
1292 3
1293 5
1294 18
1295 28
1296 14
1297 12
1298 1
1299 12
1300 21
1301 0
1302 6
1303 13
1304 2
1305 0
1306 0
1307 10
1308 0
1309 12
1310 3
1311 32
1312 1
1313 0
1314 5
1315 31
1316 4
1317 0
1318 4
1319 10
1320 5
1321 3
1322 2
1323 34
1324 7
1325 5
1326 9
1327 0
1328 8
1329 0
1330 1
1331 0
1332 0
1333 9
1334 1
1335 18
1336 0
1337 6
1338 1
1339 16
1340 2
1341 9
1342 8
1343 14
1344 10
1345 8
1346 2
1347 7
1348 0
1349 4
1350 2
1351 2
1352 8
1353 6
1354 0
1355 9
1356 7
1357 14
1358 2
1359 28
1360 26
1361 2
1362 1
1363 10
1364 5
1365 1
1366 1
1367 8
1368 27
1369 5
1370 10
1371 2
1372 3
1373 0
1374 3
1375 0
1376 1
1377 0
1378 3
1379 7
1380 2
1381 0
1382 2
1383 11
1384 2
1385 5
1386 15
1387 3
1388 1
1389 0
1390 4
1391 8
1392 0
1393 0
1394 10
1395 10
1396 17
1397 3
1398 5
1399 0
1400 13
1401 4
1402 4
1403 0
1404 18
1405 3
1406 0
1407 5
1408 0
1409 3
1410 4
1411 0
1412 0
1413 1
1414 6
1415 3
1416 0
1417 0
1418 1
1419 6
1420 1
1421 1
1422 11
1423 2
1424 5
1425 9
1426 4
1427 5
1428 0
1429 6
1430 3
1431 0
1432 1
1433 2
1434 0
1435 4
1436 1
1437 10
1438 0
1439 0
1440 1
1441 0
1442 0
1443 9
1444 0
1445 0
1446 2
1447 9
1448 13
1449 11
1450 18
1451 0
1452 4
1453 2
1454 4
1455 0
1456 1
1457 0
1458 2
1459 4
1460 4
1461 0
1462 3
1463 2
1464 3
1465 5
1466 28
1467 13
1468 14
1469 5
1470 3
1471 5
1472 14
1473 1
1474 2
1475 2
1476 5
1477 5
1478 2
1479 4
1480 4
1481 0
1482 0
1483 5
1484 2
1485 1
1486 25
1487 6
1488 0
1489 0
1490 22
1491 1
1492 0
1493 0
1494 2
1495 2
1496 6
1497 5
1498 0
1499 0
1500 4
1501 1
1502 10
1503 1
1504 1
1505 0
1506 0
1507 1
1508 9
1509 0
1510 2
1511 6
1512 2
1513 6
1514 2
1515 3
1516 0
1517 0
1518 5
1519 0
1520 1
1521 0
1522 6
1523 17
1524 0
1525 3
1526 6
1527 1
1528 10
1529 4
1530 0
1531 5
1532 3
1533 2
1534 0
1535 9
1536 13
1537 9
1538 0
1539 21
1540 3
1541 0
1542 0
1543 0
1544 0
1545 2
1546 18
1547 13
1548 1
1549 0
1550 0
1551 0
1552 4
1553 0
1554 7
1555 10
1556 2
1557 0
1558 0
1559 0
1560 0
1561 2
1562 12
1563 11
1564 2
1565 1
1566 11
1567 0
1568 0
1569 0
1570 0
1571 5
1572 26
1573 0
1574 16
1575 3
1576 14
1577 2
1578 25
1579 0
1580 12
1581 1
1582 7
1583 16
1584 11
1585 2
1586 6
1587 2
1588 1
1589 4
1590 0
1591 7
1592 34
1593 4
1594 4
1595 48
1596 35
1597 0
