1 0
2 0
3 10
4 20
5 13
6 8
7 0
8 0
9 10
10 0
11 0
12 4
13 3
14 1
15 1
16 4
17 10
18 5
19 0
20 3
21 0
22 0
23 0
24 23
25 27
26 21
27 38
28 1
29 8
30 15
31 18
32 5
33 0
34 13
35 10
36 17
37 25
38 2
39 13
40 4
41 0
42 8
43 1
44 0
45 3
46 1
47 0
48 3
49 5
50 7
51 2
52 4
53 7
54 0
55 0
56 6
57 0
58 12
59 3
60 18
61 4
62 11
63 1
64 0
65 11
66 0
67 6
68 0
69 25
70 4
71 0
72 20
73 17
74 29
75 28
76 1
77 17
78 3
79 11
80 21
81 7
82 3
83 1
84 14
85 16
86 1
87 0
88 0
89 5
90 5
91 6
92 0
93 10
94 2
95 1
96 11
97 2
98 0
99 4
100 0
101 2
102 4
103 8
104 0
105 1
106 6
107 2
108 19
109 8
110 7
111 0
112 15
113 8
114 14
115 3
116 9
117 5
118 7
119 5
120 18
121 5
122 1
123 19
124 14
125 2
126 15
127 4
128 0
129 13
130 0
131 5
132 6
133 6
134 2
135 7
136 15
137 3
138 10
139 4
140 20
141 10
142 0
143 2
144 0
145 3
146 0
147 4
148 11
149 3
150 7
151 3
152 1
153 0
154 4
155 1
156 3
157 0
158 4
159 19
160 8
161 8
162 9
163 6
164 10
165 4
166 13
167 5
168 1
169 4
170 5
171 6
172 4
173 4
174 1
175 19
176 7
177 32
178 5
179 4
180 19
181 8
182 0
183 3
184 0
185 6
186 1
187 0
188 9
189 0
190 3
191 1
192 3
193 3
194 6
195 19
196 1
197 3
198 5
199 1
200 2
201 4
202 1
203 3
204 1
205 1
206 15
207 5
208 16
209 7
210 2
211 3
212 3
213 1
214 7
215 2
216 6
217 14
218 2
219 5
220 2
221 2
222 1
223 0
224 7
225 3
226 0
227 0
228 1
229 6
230 12
231 18
232 19
233 3
234 0
235 7
236 11
237 19
238 2
239 16
240 2
241 3
242 0
243 3
244 2
245 0
246 2
247 20
248 11
249 4
250 11
251 0
252 4
253 0
254 11
255 3
256 1
257 14
258 6
259 2
260 6
261 4
262 2
263 3
264 0
265 6
266 0
267 8
268 3
269 0
270 0
271 8
272 0
273 3
274 0
275 4
276 0
277 9
278 0
279 0
280 0
281 2
282 7
283 3
284 1
285 0
286 4
287 5
288 1
289 0
290 1
291 8
292 8
293 6
294 0
295 7
296 8
297 0
298 13
299 0
300 0
301 0
302 14
303 1
304 2
305 7
306 1
307 8
308 12
309 11
310 1
311 11
312 1
313 12
314 8
315 10
316 16
317 4
318 3
319 1
320 8
321 5
322 3
323 9
324 13
325 0
326 8
327 3
328 9
329 0
330 0
331 1
332 5
333 5
334 10
335 4
336 3
337 5
338 8
339 4
340 0
341 7
342 16
343 11
344 11
345 23
346 12
347 3
348 17
349 0
350 4
351 56
352 20
353 11
354 0
355 7
356 2
357 11
358 23
359 9
360 0
361 6
362 12
363 0
364 0
365 0
366 0
367 1
368 4
369 2
370 3
371 16
372 3
373 9
374 0
375 0
376 3
377 3
378 18
379 8
380 3
381 13
382 3
383 8
384 7
385 26
386 7
387 30
388 11
389 12
390 0
391 11
392 26
393 3
394 1
395 6
396 0
397 3
398 4
399 0
400 3
401 7
402 20
403 1
404 1
405 8
406 10
407 0
408 1
409 1
410 0
411 0
412 8
413 3
414 4
415 3
416 8
417 2
418 11
419 7
420 4
421 23
422 6
423 19
424 20
425 10
426 2
427 12
428 3
429 3
430 4
431 5
432 14
433 9
434 0
435 0
436 26
437 10
438 9
439 6
440 10
441 23
442 4
443 2
444 0
445 0
446 26
447 15
448 3
449 0
450 2
451 9
452 3
453 44
454 6
455 5
456 9
457 2
458 1
459 9
460 2
461 3
462 5
463 11
464 34
465 1
466 7
467 5
468 16
469 2
470 13
471 3
472 4
473 47
474 3
475 1
476 12
477 2
478 2
479 1
480 18
481 0
482 7
483 6
484 0
485 2
486 5
487 1
488 1
489 2
490 3
491 13
492 5
493 4
494 6
495 3
496 7
497 0
498 4
499 1
500 2
501 1
502 4
503 5
504 0
505 22
506 21
507 4
508 2
509 4
510 2
511 17
512 4
513 8
514 0
515 14
516 0
517 23
518 1
519 4
520 12
521 36
522 5
523 7
524 9
525 19
526 1
527 4
528 0
529 0
530 21
531 12
532 9
533 6
534 0
535 9
536 0
537 2
538 6
539 2
540 2
541 7
542 1
543 3
544 12
545 1
546 0
547 16
548 0
549 5
550 14
551 4
552 8
553 21
554 8
555 5
556 17
557 14
558 20
559 9
560 6
561 7
562 15
563 3
564 4
565 7
566 25
567 6
568 75
569 7
570 8
571 5
572 13
573 10
574 2
575 3
576 3
577 0
578 3
579 5
580 8
581 13
582 1
583 4
584 5
585 0
586 2
587 0
588 1
589 5
590 4
591 6
592 20
593 7
594 6
595 7
596 1
597 19
598 15
599 6
600 12
601 5
602 0
603 5
604 8
605 39
606 9
607 17
608 4
609 2
610 2
611 20
612 3
613 9
614 6
615 17
616 6
617 2
618 8
619 6
620 3
621 20
622 5
623 22
624 2
625 8
626 5
627 22
628 31
629 5
630 22
631 1
632 28
633 14
634 9
635 9
636 1
637 14
638 14
639 0
640 0
641 13
642 9
643 46
644 0
645 12
646 4
647 6
648 6
649 2
650 12
651 26
652 8
653 2
654 9
655 3
656 4
657 0
658 14
659 8
660 6
661 42
662 10
663 2
664 6
665 3
666 4
667 23
668 11
669 19
670 6
671 10
672 9
673 3
674 22
675 3
676 4
677 14
678 8
679 5
680 22
681 1
682 5
683 1
684 41
685 0
686 21
687 41
688 1
689 11
690 2
691 0
692 12
693 2
694 6
695 2
696 10
697 13
698 5
699 1
700 2
701 3
702 12
703 9
704 10
705 3
706 3
707 3
708 2
709 5
710 6
711 27
712 0
713 2
714 2
715 21
716 5
717 5
718 0
719 6
720 5
721 0
722 11
723 1
724 0
725 6
726 26
727 2
728 0
729 10
730 3
731 1
732 2
733 18
734 21
735 0
736 0
737 3
738 4
739 11
740 4
741 0
742 18
743 0
744 9
745 0
746 0
747 1
748 10
749 1
750 35
751 11
752 3
753 0
754 5
755 8
756 5
757 3
758 18
759 2
760 3
761 61
762 0
763 5
764 5
765 19
766 10
767 0
768 11
769 1
770 3
771 0
772 0
773 0
774 0
775 15
776 5
777 73
778 9
779 23
780 6
781 8
782 0
783 0
784 0
785 0
786 8
787 4
788 1
789 5
790 10
791 4
792 1
793 35
794 0
795 2
796 15
797 14
798 2
799 2
800 3
801 1
802 6
803 4
804 17
805 0
806 1
807 3
808 5
809 2
810 9
811 9
812 8
813 0
814 4
815 12
816 2
817 5
818 16
819 2
820 13
821 1
822 15
823 0
824 3
825 7
826 12
827 4
828 0
829 10
830 32
831 3
832 7
833 2
834 0
835 9
836 7
837 4
838 8
839 7
840 0
841 1
842 3
843 1
844 20
845 1
846 12
847 36
848 9
849 8
850 18
851 4
852 4
853 1
854 7
855 1
856 20
857 3
858 0
859 0
860 3
861 1
862 3
863 12
864 8
865 7
866 0
867 18
868 0
869 9
870 1
871 3
872 9
873 0
874 50
875 2
876 4
877 1
878 13
879 8
880 7
881 25
882 0
883 0
884 0
885 3
886 6
887 4
888 61
889 0
890 2
891 2
892 13
893 3
894 9
895 7
896 2
897 2
898 14
899 8
900 1
901 7
902 6
903 3
904 5
905 0
906 5
907 1
908 52
909 0
910 5
911 0
912 1
913 2
914 1
915 10
916 3
917 10
918 1
919 4
920 1
921 3
922 19
923 4
924 24
925 10
926 8
927 0
928 7
929 12
930 5
931 4
932 0
933 7
934 11
935 12
936 13
937 0
938 15
939 7
940 0
941 1
942 11
943 3
944 0
945 1
946 4
947 12
948 4
949 3
950 0
951 0
952 5
953 3
954 15
955 0
956 13
957 5
958 40
959 33
960 50
961 39
962 3
963 0
964 0
965 15
966 11
967 0
968 0
969 0
970 1
971 0
972 3
973 1
974 16
975 2
976 1
977 4
978 0
979 0
980 5
981 3
982 0
983 1
984 4
985 7
986 4
987 28
988 20
989 0
990 2
991 14
992 13
993 9
994 0
995 6
996 37
997 13
998 7
999 5
1000 2
1001 6
1002 16
1003 0
1004 9
1005 2
1006 5
1007 7
1008 18
1009 20
1010 1
1011 0
1012 30
1013 2
1014 9
1015 5
1016 10
1017 6
1018 4
1019 12
1020 4
1021 8
1022 33
1023 0
1024 4
1025 0
1026 6
1027 10
1028 4
1029 1
1030 1
1031 4
1032 7
1033 0
1034 19
1035 4
1036 1
1037 4
1038 2
1039 23
1040 3
1041 0
1042 7
1043 0
1044 3
1045 0
1046 0
1047 1
1048 14
1049 0
1050 4
1051 2
1052 1
1053 9
1054 37
1055 15
1056 4
1057 4
1058 18
1059 19
1060 7
1061 3
1062 0
1063 0
1064 14
1065 1
1066 5
1067 3
1068 6
1069 14
1070 0
1071 8
1072 4
1073 1
1074 14
1075 20
1076 12
1077 28
1078 33
1079 0
1080 22
1081 5
1082 4
1083 10
1084 7
1085 0
1086 4
1087 3
1088 7
1089 2
1090 3
1091 5
1092 0
1093 1
1094 15
1095 0
1096 16
1097 2
1098 5
1099 9
1100 1
1101 7
1102 14
1103 11
1104 68
1105 35
1106 17
1107 17
1108 12
1109 1
1110 0
1111 7
1112 0
1113 0
1114 5
1115 0
1116 2
1117 8
1118 1
1119 2
1120 3
1121 1
1122 1
1123 1
1124 3
1125 1
1126 18
1127 2
1128 10
1129 4
1130 24
1131 17
1132 1
1133 1
1134 1
1135 2
1136 2
1137 5
1138 2
1139 1
1140 3
1141 8
1142 11
1143 2
1144 3
1145 0
1146 2
1147 2
1148 1
1149 12
1150 18
1151 11
1152 33
1153 0
1154 11
1155 5
1156 19
1157 6
1158 19
1159 14
1160 4
1161 11
1162 6
1163 8
1164 7
1165 8
1166 12
1167 8
1168 8
1169 0
1170 10
1171 3
1172 1
1173 5
1174 8
1175 6
1176 2
1177 15
1178 10
1179 11
1180 1
1181 47
1182 8
1183 3
1184 22
1185 0
1186 2
1187 6
1188 9
1189 6
1190 26
1191 1
1192 5
1193 13
1194 3
1195 0
1196 0
1197 1
1198 1
1199 9
1200 5
1201 19
1202 0
1203 1
1204 14
1205 0
1206 1
1207 0
1208 17
1209 8
1210 6
1211 0
1212 0
1213 0
1214 8
1215 3
1216 3
1217 7
1218 3
1219 15
1220 2
1221 1
1222 6
1223 5
1224 15
1225 5
1226 5
1227 5
1228 0
1229 2
1230 5
1231 22
1232 1
1233 16
1234 0
1235 2
1236 5
1237 2
1238 19
1239 2
1240 2
1241 0
1242 1
1243 18
1244 5
1245 2
1246 1
1247 8
1248 4
1249 10
1250 8
1251 4
1252 9
1253 13
1254 11
1255 4
1256 3
1257 2
1258 6
1259 3
1260 11
1261 31
1262 6
1263 5
1264 4
1265 12
1266 4
1267 9
1268 2
1269 0
1270 0
1271 5
1272 10
1273 21
1274 4
1275 2
1276 1
1277 4
1278 4
1279 4
1280 0
1281 16
1282 0
1283 2
1284 5
1285 0
1286 10
1287 0
1288 1
1289 4
1290 0
1291 2
1292 0
1293 14
1294 3
1295 10
1296 0
1297 7
1298 2
1299 1
1300 16
1301 1
1302 4
1303 7
1304 0
1305 2
1306 2
1307 20
1308 0
1309 5
1310 4
1311 7
1312 6
1313 0
1314 5
1315 23
1316 4
1317 2
1318 3
1319 3
1320 4
1321 9
1322 3
1323 5
1324 7
1325 12
1326 3
1327 0
1328 15
1329 2
1330 33
1331 0
1332 0
1333 5
1334 9
1335 14
1336 0
1337 0
1338 6
1339 13
1340 0
1341 12
1342 4
1343 2
1344 13
1345 0
1346 2
1347 5
1348 1
1349 8
1350 22
1351 5
1352 10
1353 2
1354 2
1355 15
1356 4
1357 13
1358 0
1359 6
1360 17
1361 0
1362 6
1363 5
1364 26
1365 1
1366 7
1367 2
1368 5
1369 12
1370 1
1371 1
1372 2
1373 1
1374 21
1375 5
1376 6
1377 0
1378 20
1379 12
1380 3
1381 5
1382 47
1383 3
1384 21
1385 0
1386 0
1387 0
1388 7
1389 0
1390 2
1391 0
1392 0
1393 0
1394 5
1395 9
1396 5
1397 12
1398 0
1399 0
1400 0
1401 2
1402 14
1403 1
1404 15
1405 8
1406 0
1407 6
1408 2
1409 8
1410 12
1411 0
1412 2
1413 0
1414 0
1415 2
1416 0
1417 0
1418 4
1419 0
1420 1
1421 0
1422 7
1423 4
1424 0
1425 0
1426 3
1427 5
1428 6
1429 5
1430 23
1431 4
1432 1
1433 0
1434 4
1435 15
1436 3
1437 3
1438 1
1439 2
1440 9
1441 2
1442 0
1443 17
1444 2
1445 3
1446 6
1447 5
1448 5
1449 4
1450 4
1451 3
1452 2
1453 6
1454 14
1455 24
1456 2
1457 0
1458 8
1459 6
1460 14
1461 0
1462 1
1463 2
1464 1
1465 18
1466 8
1467 4
1468 3
1469 8
1470 5
1471 19
1472 9
1473 7
1474 16
1475 9
1476 12
1477 10
1478 0
1479 17
1480 5
1481 12
1482 9
1483 3
1484 27
1485 2
1486 41
1487 6
1488 0
1489 0
1490 4
1491 3
1492 6
1493 0
1494 1
1495 60
1496 10
1497 4
1498 8
1499 3
1500 8
1501 5
1502 0
1503 0
1504 7
1505 3
1506 3
1507 9
1508 40
1509 1
1510 40
1511 9
1512 2
1513 4
1514 3
1515 3
1516 1
1517 1
1518 3
1519 0
1520 5
1521 12
1522 8
1523 31
1524 1
1525 22
1526 4
1527 7
1528 13
1529 4
1530 4
1531 1
1532 14
1533 0
1534 0
1535 30
1536 6
1537 6
1538 1
1539 0
1540 9
1541 0
1542 0
1543 15
1544 3
1545 1
1546 3
1547 4
1548 5
1549 2
1550 5
1551 1
1552 3
1553 0
1554 18
1555 5
1556 0
1557 3
1558 2
1559 2
1560 0
1561 3
1562 15
1563 23
1564 17
1565 4
1566 10
1567 1
1568 1
1569 18
1570 0
1571 17
1572 10
1573 2
1574 24
1575 7
1576 6
1577 2
1578 13
1579 14
1580 0
1581 0
1582 0
1583 3
1584 16
1585 3
1586 14
1587 7
1588 6
1589 18
1590 22
1591 5
1592 13
1593 20
1594 3
1595 5
1596 20
1597 20
