1 2
1 3
4 5
2 6
2 7
8 9
8 10
11 12
12 13
6 14
14 7
14 15
16 15
16 17
15 17
18 9
9 10
19 20
19 21
22 23
24 23
24 25
26 27
26 28
26 29
27 29
30 31
30 25
30 32
28 31
28 32
33 34
33 35
33 36
33 37
33 38
33 39
31 40
31 41
31 32
40 41
40 37
34 35
34 42
34 43
34 38
34 39
34 44
35 42
35 45
35 39
46 47
46 48
46 44
41 49
42 43
42 45
43 47
43 44
43 50
49 45
49 51
45 51
47 44
47 50
47 52
51 53
54 53
54 55
54 50
53 55
53 56
57 50
57 52
57 58
55 59
20 21
21 60
21 61
60 61
62 63
25 36
25 32
25 37
36 37
36 39
63 38
64 65
64 48
65 48
38 39
66 67
68 52
68 58
50 52
52 58
69 70
69 71
70 71
59 72
73 74
73 75
73 76
73 77
73 78
74 79
74 76
74 77
74 78
75 80
79 76
79 78
79 81
76 77
76 78
76 81
76 82
77 78
77 80
77 81
77 83
77 82
77 84
78 81
78 83
78 82
78 84
80 83
80 85
81 82
81 84
83 82
83 85
83 84
82 84
85 86
87 88
86 89
86 90
86 91
86 92
89 90
89 93
89 91
89 94
89 84
88 95
88 96
90 91
90 92
90 94
95 97
95 98
95 99
100 101
93 94
91 92
91 94
91 102
91 103
91 104
91 105
92 102
92 103
92 104
94 102
94 105
101 99
97 98
97 99
98 99
98 106
98 107
102 103
102 104
102 105
103 104
103 108
99 106
99 107
104 105
105 109
106 107
107 110
107 111
112 113
112 114
113 115
113 116
113 117
113 118
113 119
113 120
115 116
115 117
115 118
115 121
115 119
115 120
116 117
116 118
116 119
116 120
117 118
117 119
122 121
122 123
122 124
118 121
118 119
118 125
118 123
118 126
118 120
121 125
121 123
121 120
119 125
119 126
125 123
125 126
123 124
124 127
109 128
128 120
129 130
129 131
129 132
129 133
129 134
129 135
129 136
130 131
130 137
130 133
130 134
130 138
130 136
131 137
131 139
131 134
131 138
131 136
132 140
132 133
132 135
137 139
137 134
137 141
137 142
137 143
137 138
139 141
139 144
139 143
140 145
140 146
133 134
133 145
133 135
133 147
134 141
134 148
134 149
134 135
134 142
134 150
141 148
141 151
141 152
141 142
141 150
141 143
145 153
145 154
145 135
145 147
148 149
148 155
148 156
148 157
148 142
148 150
153 154
153 146
154 158
154 135
154 147
149 155
149 156
149 157
149 135
149 142
149 147
149 150
151 155
151 152
151 157
151 159
151 142
151 150
151 160
151 161
151 162
155 156
155 152
155 157
155 163
155 142
155 150
156 152
156 157
156 163
156 142
156 150
152 157
152 163
152 159
152 164
152 165
152 142
152 150
152 162
157 163
157 159
157 166
157 167
157 168
157 142
157 150
158 169
158 170
158 171
163 159
163 165
163 166
163 167
163 168
163 172
159 164
159 165
159 167
159 168
159 172
159 173
159 162
159 174
169 170
169 171
169 166
175 176
175 177
175 178
175 179
175 180
175 181
170 171
170 182
170 183
171 166
171 168
171 184
164 165
164 167
164 172
164 173
164 185
164 174
164 186
165 167
165 168
165 172
165 173
165 187
165 185
165 174
166 167
166 168
166 172
166 188
166 184
166 187
167 168
167 172
167 173
167 188
167 187
167 185
168 172
168 188
168 187
168 189
182 190
182 183
182 181
182 191
176 192
176 178
176 179
176 180
176 181
172 173
172 188
172 187
172 185
172 189
173 187
173 185
173 174
173 186
188 184
188 187
188 185
188 189
188 193
188 194
184 195
184 189
184 193
184 196
187 185
187 189
187 194
187 197
108 198
190 183
190 195
190 199
190 181
190 191
183 195
183 199
183 200
183 191
185 189
185 194
185 197
185 201
195 193
195 199
195 196
195 200
195 202
189 193
189 194
189 196
189 197
189 203
189 204
193 196
193 200
193 203
193 202
192 181
199 200
199 205
199 191
194 196
194 197
194 203
194 201
194 204
206 207
206 208
206 209
206 210
206 211
196 197
196 200
196 203
196 202
196 204
196 212
196 213
197 203
197 201
197 204
197 212
197 214
197 215
200 202
200 216
200 212
200 213
200 217
200 218
200 219
203 202
203 204
203 212
203 213
203 214
203 215
203 220
201 204
201 214
201 215
202 216
202 212
202 213
202 219
207 209
207 114
207 221
207 222
208 209
208 223
208 224
204 212
204 214
204 215
204 220
209 221
209 224
209 225
205 216
205 226
205 217
205 218
205 227
205 228
205 229
216 213
216 217
216 218
216 219
226 223
226 227
226 228
212 213
212 215
212 219
212 220
223 224
213 218
213 219
214 215
214 220
214 230
217 218
217 219
217 228
217 229
217 231
114 221
114 222
215 220
215 230
218 219
218 228
218 229
218 231
218 232
219 231
219 233
221 222
221 224
221 225
221 234
227 228
227 229
227 235
222 225
222 234
220 230
224 225
224 236
228 229
228 232
228 237
229 231
229 232
229 237
225 234
225 236
231 232
231 233
235 238
235 239
230 240
230 241
232 233
232 237
240 242
234 236
234 243
234 244
234 245
236 238
236 243
236 244
236 246
238 239
238 243
238 246
243 244
243 246
243 245
244 246
244 245
244 247
244 248
246 248
241 242
242 249
242 250
242 251
245 247
245 248
252 253
252 254
252 255
252 256
252 257
258 259
258 255
258 260
258 261
253 254
253 262
253 263
253 264
259 260
259 146
254 255
254 263
255 260
255 261
260 261
260 265
262 264
262 266
262 267
263 264
263 266
263 267
263 268
261 265
135 147
264 266
264 267
264 269
266 267
266 269
266 270
142 150
267 268
267 269
267 270
150 162
268 269
269 270
269 271
270 272
270 273
177 178
178 274
178 179
271 274
271 273
271 275
271 276
274 179
274 275
274 276
272 273
272 198
179 275
179 276
273 276
273 198
275 276
275 210
275 211
180 181
180 191
276 198
276 210
276 211
198 210
181 191
210 211
277 278
277 279
277 280
277 281
277 282
283 144
283 284
283 285
286 287
286 288
286 278
144 284
144 143
144 289
144 285
287 288
287 278
287 290
287 291
292 288
292 293
288 294
288 295
284 143
284 289
284 296
293 297
143 289
143 296
143 160
143 161
289 296
289 160
289 161
289 298
296 160
296 161
296 298
294 295
294 297
294 299
294 291
294 300
295 297
295 299
295 291
295 300
297 301
297 299
297 300
160 161
160 298
160 162
160 302
161 298
161 162
161 302
298 162
298 302
298 174
298 303
301 299
301 304
162 302
162 174
299 305
299 300
306 307
306 308
306 309
306 310
302 304
302 174
302 303
302 186
311 312
311 313
311 314
311 308
311 315
311 316
317 305
317 318
317 300
317 309
304 303
174 303
174 186
305 318
305 300
303 186
318 319
318 309
312 320
312 313
312 321
312 315
312 316
322 323
322 324
322 316
322 310
320 313
320 321
320 315
320 325
313 315
313 316
319 323
319 326
323 326
323 327
323 310
328 329
328 330
328 331
328 332
324 327
324 333
324 334
326 335
326 336
329 330
329 331
329 332
329 337
329 338
330 331
330 332
335 336
335 339
327 336
327 340
331 332
331 341
331 338
331 342
333 334
333 343
332 337
332 338
336 340
336 339
336 344
341 345
341 342
334 343
334 346
337 339
337 338
337 347
337 348
337 349
339 347
339 344
339 349
339 350
338 347
338 348
338 351
338 349
343 346
343 352
345 342
345 353
342 351
342 353
347 344
347 348
347 349
347 350
347 354
344 349
344 350
344 354
344 355
348 351
348 349
348 350
348 356
348 357
348 354
348 358
351 353
351 349
351 356
351 357
353 356
353 359
353 360
346 352
346 361
346 362
349 350
349 356
349 357
349 354
349 358
352 362
350 357
350 354
350 358
356 357
356 360
361 362
357 354
357 358
354 358
359 360
363 364
363 365
363 366
363 281
363 282
364 365
364 366
364 367
364 368
365 366
365 367
365 368
365 369
365 370
278 290
278 371
366 368
366 369
366 370
367 368
367 370
367 372
367 373
368 370
368 372
368 373
368 374
290 371
290 291
369 370
369 371
369 307
369 314
370 372
370 373
370 314
371 307
372 373
372 374
372 375
307 314
307 308
373 374
373 314
373 315
373 375
374 321
374 375
314 308
314 315
300 309
308 316
308 310
309 310
321 315
321 375
321 325
321 376
377 378
377 379
377 380
378 381
378 382
378 379
378 383
378 380
381 382
381 379
381 384
382 384
379 383
385 386
385 387
388 389
386 390
386 391
386 392
384 393
384 394
384 395
383 395
393 394
393 396
393 397
394 395
394 396
394 397
394 398
394 399
395 398
390 400
390 401
390 402
396 397
396 399
397 375
375 376
400 401
400 402
400 403
401 403
401 389
401 404
402 405
402 406
402 407
403 405
403 408
405 406
405 409
406 409
406 407
325 376
325 410
325 411
325 412
413 414
413 415
413 416
413 417
413 418
413 419
413 420
413 421
414 415
414 417
414 422
414 418
414 423
414 420
414 424
409 425
408 416
408 417
408 421
415 416
415 417
415 422
415 418
415 419
415 426
415 420
415 424
416 417
416 419
416 427
416 421
417 418
417 419
417 427
417 426
417 421
422 418
422 424
422 428
418 419
418 426
418 429
418 430
425 431
425 432
425 433
419 427
419 426
419 430
427 426
427 430
427 434
427 435
427 436
437 438
437 439
437 440
437 428
431 432
431 441
431 433
431 442
431 443
426 429
426 430
426 436
432 441
432 433
432 442
432 443
432 435
441 442
441 434
441 443
441 435
444 445
444 446
444 412
444 447
444 448
438 439
438 440
438 428
429 430
429 428
433 442
433 449
430 434
430 436
442 443
442 449
442 450
442 451
434 443
434 435
434 436
434 452
443 435
443 452
443 449
443 450
439 440
439 428
439 453
439 454
435 436
435 452
435 450
436 452
436 455
445 446
445 456
445 457
445 448
445 453
452 450
452 458
452 459
452 460
452 461
446 457
449 450
449 451
449 462
449 463
450 458
450 462
450 459
450 461
450 463
451 462
451 463
456 453
458 459
458 460
458 461
458 463
462 461
462 463
459 460
459 461
459 464
460 464
460 455
461 463
464 455
465 389
465 404
389 404
398 399
398 466
398 467
407 468
404 420
399 467
399 469
466 470
466 467
466 423
466 471
466 472
466 424
470 423
470 471
470 420
470 424
467 471
467 472
467 424
467 469
467 473
423 471
423 420
423 424
471 472
471 424
420 421
376 410
376 411
472 424
472 469
472 473
410 469
410 411
410 474
410 412
469 473
469 411
469 474
473 474
411 474
411 412
411 447
474 412
474 440
474 448
412 447
412 448
440 428
440 448
440 453
447 448
448 453
454 475
475 455
476 477
476 478
476 479
480 481
482 483
482 484
482 485
482 486
482 487
482 488
483 484
483 485
483 486
483 487
483 488
484 485
484 486
484 487
484 489
484 490
485 486
485 487
485 491
492 481
492 493
492 494
481 493
481 494
486 487
486 491
487 489
493 491
493 494
493 495
491 495
494 496
489 497
496 498
496 499
500 501
500 502
501 502
501 503
498 499
498 504
498 505
498 506
507 508
507 504
507 509
507 510
507 495
508 509
508 511
508 512
502 513
502 503
502 514
499 505
499 506
504 509
504 510
504 506
504 495
509 511
509 510
511 512
510 506
505 506
505 515
516 513
516 514
513 503
513 514
517 518
517 519
517 520
521 522
521 523
524 525
524 526
524 527
524 528
524 529
524 530
524 531
525 527
525 468
525 532
525 533
518 519
518 477
526 527
526 519
526 528
526 529
526 534
526 535
523 536
527 528
527 529
527 534
527 535
527 533
519 528
519 529
519 534
519 535
519 537
528 529
528 534
528 535
528 537
529 534
529 535
529 533
529 537
468 532
468 533
534 535
534 537
532 533
535 533
535 537
535 538
537 538
536 539
536 540
540 478
538 541
478 542
478 479
543 544
541 545
541 546
542 479
542 547
542 548
542 488
479 547
479 546
479 488
545 546
549 550
547 548
547 488
547 490
548 550
548 488
548 490
548 551
550 551
488 490
488 551
490 551
490 497
551 497
552 514
247 248
247 553
248 553
553 554
555 554
555 556
555 557
554 556
556 558
559 558
559 560
559 561
562 563
563 564
127 565
127 566
567 565
568 569
565 566
565 570
569 571
566 570
571 572
572 573
572 574
573 574
575 576
575 577
576 577
578 579
560 561
580 581
582 583
582 584
585 583
585 586
585 587
585 588
585 589
249 250
249 586
249 251
249 590
583 584
583 587
583 591
583 592
583 589
250 251
250 590
586 587
586 593
586 588
251 590
584 591
584 592
587 593
587 588
587 592
587 589
587 594
595 596
597 598
597 557
593 588
593 589
593 599
593 594
593 600
593 601
588 592
588 589
588 594
588 600
588 601
591 592
591 589
590 599
590 602
590 603
590 604
592 589
592 601
589 594
589 600
589 601
596 605
596 606
596 607
599 594
599 602
599 603
599 604
594 600
594 601
594 608
602 603
602 606
602 609
602 604
600 601
600 608
600 610
601 608
601 610
557 611
603 609
603 604
603 612
605 606
605 607
606 609
606 607
606 613
611 614
611 615
609 604
609 607
609 613
604 608
604 612
604 616
607 613
608 612
608 610
608 616
608 617
612 616
612 617
612 618
610 619
610 620
616 617
616 618
614 615
614 621
614 622
619 620
619 623
619 624
619 625
615 621
615 626
615 627
617 618
617 628
620 623
620 624
620 625
620 629
620 630
621 622
621 631
621 632
618 628
618 633
622 631
622 632
626 627
626 634
627 632
623 624
623 625
623 629
623 630
623 635
624 625
624 629
624 630
625 630
625 635
628 633
628 635
631 632
631 636
637 638
637 639
637 640
629 630
630 635
630 641
633 635
633 642
632 636
634 638
634 643
638 639
638 643
638 644
639 640
639 644
639 645
643 644
643 646
643 647
643 648
640 644
640 645
644 649
644 645
646 650
646 647
646 648
646 651
650 647
650 651
650 652
647 648
647 651
647 652
653 654
653 642
653 645
653 655
653 656
653 657
653 658
653 659
660 661
660 641
660 662
660 656
660 663
660 657
660 658
660 664
660 665
648 651
648 649
648 666
648 667
651 652
651 666
651 667
651 668
652 669
654 670
654 642
654 655
654 656
654 657
654 658
654 659
654 671
649 666
649 672
649 673
649 674
666 667
666 673
666 668
667 673
667 668
667 675
672 674
672 659
661 676
661 677
661 663
661 658
661 664
661 665
661 671
661 678
673 674
676 677
676 658
676 664
676 665
676 671
668 675
668 679
670 659
670 671
674 659
669 675
677 664
677 671
677 678
675 679
635 641
641 655
641 656
642 645
642 655
662 663
645 659
655 656
655 657
655 658
656 657
656 658
656 664
663 664
663 665
657 658
657 664
657 671
658 664
658 671
664 665
664 671
665 678
665 680
678 680
680 681
682 683
682 684
682 685
682 686
683 684
683 685
683 687
684 685
684 686
688 689
688 690
688 691
688 692
688 693
688 694
688 695
685 687
689 691
689 696
689 697
689 693
687 698
699 700
699 696
699 701
690 702
690 703
690 693
690 694
690 695
704 700
704 705
704 706
704 707
704 701
702 703
702 708
702 693
702 695
703 708
703 709
703 693
703 695
710 711
710 694
710 712
710 713
700 706
700 714
700 715
700 701
705 716
705 717
705 718
706 716
706 715
706 719
706 701
708 709
716 717
716 718
716 720
716 719
709 711
709 721
714 715
714 722
717 718
717 720
711 721
711 723
715 722
715 724
718 720
718 719
718 725
718 726
727 728
727 723
720 729
720 726
719 725
719 724
719 726
721 723
721 730
721 731
721 732
728 723
728 733
722 724
722 734
722 735
722 736
723 730
723 732
725 724
725 726
725 737
729 726
724 734
724 736
724 738
726 737
734 735
734 736
734 739
734 740
730 733
730 731
730 732
730 741
735 736
735 739
735 740
733 742
737 738
737 743
736 739
736 740
736 744
731 732
731 741
731 745
731 746
732 741
732 746
739 740
739 745
740 744
738 744
738 743
742 747
741 746
741 747
748 749
744 743
744 750
745 746
745 751
745 752
745 753
746 751
746 752
746 754
743 750
747 754
747 755
749 756
749 757
749 681
751 752
751 754
751 753
752 754
752 753
754 753
755 758
755 759
750 760
750 761
756 757
756 681
757 762
763 753
763 760
763 764
753 764
760 764
762 761
758 759
765 766
765 767
765 768
769 770
769 771
769 772
769 686
766 773
766 767
773 767
770 771
770 686
771 772
771 774
771 775
776 777
776 778
776 692
776 779
772 774
772 768
772 775
772 696
774 768
774 775
774 696
768 691
768 696
768 697
777 778
777 692
777 779
778 779
778 780
778 781
775 696
775 707
691 697
691 693
692 779
692 694
779 694
696 697
707 701
693 694
693 695
694 695
712 713
712 782
783 784
783 785
783 786
783 787
788 789
788 790
788 791
788 792
788 793
789 790
789 792
789 793
784 785
784 780
784 794
790 791
790 792
790 793
790 795
785 786
785 787
785 794
780 794
780 781
791 786
791 793
791 795
791 796
797 798
797 515
797 799
797 800
786 787
786 795
787 794
792 801
792 793
792 795
792 802
792 796
801 798
801 803
801 802
801 515
801 799
801 804
793 795
793 796
794 781
794 805
795 806
795 796
798 803
798 515
798 799
798 804
781 805
803 802
803 807
803 808
803 809
803 804
802 807
802 808
802 810
802 809
802 804
805 811
805 812
805 813
811 812
811 813
811 814
811 815
811 816
807 808
807 810
807 809
807 817
812 813
812 815
812 818
812 816
808 810
808 809
806 810
806 819
806 814
806 815
806 820
806 796
810 819
810 820
810 796
821 809
821 817
821 822
821 823
809 817
809 824
813 815
813 818
813 816
813 825
819 814
819 820
819 796
814 815
814 820
814 826
815 816
815 825
815 826
820 827
820 826
820 828
820 829
818 816
818 782
818 825
818 830
818 831
817 824
817 832
816 825
816 831
816 833
782 830
822 823
822 834
824 827
824 832
825 826
825 830
825 831
825 833
827 829
826 828
826 829
826 833
826 835
828 829
828 835
829 835
832 836
832 837
832 838
830 831
830 839
831 833
831 839
831 840
833 841
833 840
842 843
842 844
842 834
842 845
836 837
836 838
843 844
843 846
843 834
839 840
839 847
835 841
835 848
835 849
837 838
837 850
837 851
837 852
837 853
838 850
838 851
844 846
844 854
844 845
841 848
841 849
848 849
840 847
850 851
850 853
850 855
846 856
846 857
849 858
849 859
851 852
851 853
851 855
851 860
852 856
852 853
852 855
852 861
856 853
856 857
856 861
853 855
853 860
853 861
855 860
855 861
855 862
860 859
860 862
860 863
860 864
858 859
858 865
858 866
858 863
857 861
857 867
857 868
857 869
857 870
859 865
859 862
859 866
859 863
861 862
861 869
861 871
861 872
867 873
867 868
867 870
867 874
873 868
873 870
873 875
873 874
873 876
865 866
865 877
865 878
865 879
862 863
862 871
862 864
862 872
868 869
868 870
866 863
866 877
866 878
866 880
863 864
863 880
877 878
877 879
869 871
869 870
871 864
871 872
871 881
864 872
864 880
872 881
878 879
878 880
878 882
879 882
879 883
879 884
880 882
515 799
515 804
799 804
800 885
800 886
800 887
800 888
800 889
885 886
885 887
886 887
886 889
887 823
823 834
890 883
890 884
883 884
888 889
888 891
892 893
892 894
892 891
892 895
893 894
893 895
893 896
897 898
897 899
897 900
889 891
889 895
894 895
894 896
894 901
902 903
902 904
902 905
902 906
902 907
891 895
891 908
895 896
903 904
903 905
903 906
903 909
903 907
896 904
896 901
896 910
904 905
904 906
904 909
904 901
904 907
904 910
905 906
905 909
905 907
905 911
906 909
906 907
906 910
906 911
909 907
909 911
909 912
901 907
901 910
901 913
907 910
907 911
907 914
908 915
908 916
910 913
910 917
911 914
911 918
915 916
915 913
915 919
916 919
913 917
913 920
914 918
914 921
918 921
917 920
917 922
917 923
919 924
919 854
920 922
920 923
920 925
920 926
924 854
924 927
924 928
922 923
922 927
922 925
922 926
922 929
854 927
854 928
854 845
923 927
923 925
923 926
923 929
923 930
927 925
927 929
927 928
927 931
925 926
925 929
925 931
925 930
932 926
932 933
932 934
932 935
926 929
926 930
926 934
929 931
929 930
928 845
928 931
928 936
845 936
933 934
933 935
933 937
931 936
931 938
931 939
930 934
930 937
930 940
934 935
934 937
934 941
935 937
935 941
942 943
942 944
942 945
936 938
936 939
936 875
936 874
936 876
937 941
937 946
937 947
938 939
938 940
938 875
943 948
943 945
943 949
943 950
939 875
939 874
939 876
940 951
940 947
875 874
875 876
874 876
941 946
941 947
941 952
941 953
941 954
941 955
876 956
946 947
946 952
946 953
946 954
946 955
951 947
951 954
951 957
951 958
947 953
947 954
947 958
959 960
959 949
952 953
952 955
952 961
953 954
953 955
953 961
954 958
954 955
957 956
957 958
962 950
955 961
898 900
899 963
900 912
912 964
965 966
964 921
964 967
921 967
967 944
944 945
948 945
948 949
949 950
968 969
968 970
969 970
970 971
970 972
973 974
971 975
971 976
971 977
972 978
979 980
975 976
975 981
978 982
976 981
976 977
976 983
982 984
977 983
977 985
983 985
986 987
988 985
988 989
988 990
988 991
988 992
987 993
987 994
987 995
993 994
993 995
993 996
994 995
994 996
994 997
995 996
995 998
995 999
995 1000
1001 1002
1001 1003
1001 991
1001 992
1001 1004
996 998
996 999
996 1000
1005 1006
1005 1007
1005 1008
1002 1006
1002 1003
1002 1009
1002 991
1002 1004
1006 1007
1006 1009
998 999
998 1000
1010 1011
1010 1012
1010 1013
1010 1014
1010 1015
1011 1012
1011 1014
1011 1016
1011 1015
1012 1013
1012 1014
1012 1015
999 1000
999 1017
1000 1017
1007 1009
1003 1009
1003 1018
1003 1004
1003 1016
1009 1018
1009 1004
1018 1019
1018 1004
1020 1016
1020 1015
1020 1021
1022 1019
1022 1023
1019 1023
985 989
1024 1025
1024 1026
1025 1026
1026 991
989 1027
989 990
989 1028
989 992
1027 1028
1027 1029
1027 1013
990 1028
990 992
1028 1029
1028 1013
1028 1014
997 1008
1029 1013
1029 1030
992 1014
1013 1014
1004 1016
1004 1021
1016 1021
1017 1031
1032 1033
1032 1034
1032 1035
1032 1036
1037 1038
1037 1036
1037 1039
1037 1040
1041 1042
1041 1043
1041 1044
1041 1045
1041 1046
1038 1047
1038 1048
1038 1049
1038 1050
1038 1051
1047 1040
1047 1050
1047 1052
1048 1049
1048 1050
1048 1053
1048 1051
1054 1051
1054 1055
1056 1057
1056 1058
1056 1059
1056 1060
1056 1061
1056 1062
1063 1064
1063 1052
1063 1030
1063 1065
1066 1064
1066 1055
1066 1067
1066 1068
1064 1055
1064 1069
1070 1065
1070 1071
1070 1072
1073 1074
1073 1075
1073 1076
1073 1077
1078 1079
1078 1080
1078 1081
1033 1034
1033 1035
1033 1036
1082 1079
1082 1034
1082 1083
1082 1084
1082 1085
1079 1083
1079 1081
1079 1086
1079 1087
1080 1081
1080 1042
1034 1035
1034 1084
1035 1036
1083 1084
1083 1086
1083 1085
1083 1087
1081 1086
1081 1087
1081 1043
1084 1085
1086 1087
1086 1043
1086 1088
1042 1043
1042 1044
1085 1087
1087 1043
1087 1088
1039 984
1039 1040
1043 1088
1043 1044
1043 1045
1088 1045
1088 1089
1044 1045
1040 1050
1045 1089
1045 1046
1089 1046
1090 1049
1090 1053
1090 1091
1049 1053
1050 1051
1053 1091
1053 1058
1057 1091
1057 1058
1091 1058
1091 1059
1058 1059
1058 1061
1092 1093
1092 1094
1092 1095
1052 1030
1059 1061
1059 1062
1060 1096
1060 1097
1061 1062
1061 1098
1096 1097
1062 1097
1062 1099
1062 1098
1062 1100
1097 1099
1097 1100
1065 1071
1101 1074
1101 1102
1067 1098
1067 1068
1099 1098
1099 1100
1099 1103
1098 1068
1098 1103
1071 1072
1100 1103
1100 1076
1068 1103
1074 1075
1074 1102
1069 1104
1069 1105
1104 1105
1075 1106
1105 1107
1105 1108
1107 1109
1107 1108
1107 1110
1111 1112
1111 1113
1111 1114
1077 1115
1077 1116
1077 1117
1118 1119
1118 1120
1121 1122
1121 1123
1119 1124
1119 1125
1120 1124
1120 1126
1124 1125
1127 1093
1127 1126
1127 1128
1127 1129
1127 1130
1127 1094
1127 1131
1093 1129
1093 1094
1093 1095
1093 1132
1093 1133
1134 1135
1134 1136
1134 1137
1138 1139
1138 1140
1135 1136
1135 1137
1135 1141
1136 1142
1136 1141
1143 1144
1145 1122
1126 1128
1126 1129
1128 1129
1123 1146
1123 1147
1146 1148
1146 1147
1148 1149
1129 1094
1129 1131
1149 1137
1147 1139
1130 1131
1094 1095
1094 1132
1131 1133
1095 1132
1095 1133
1095 1150
1132 1133
1132 1150
1133 1150
1133 1151
1150 1151
1150 1102
1142 1141
1142 1152
1140 1153
1151 1102
1151 1154
1151 1155
1151 1156
1141 1152
1152 1154
1152 1155
1157 1153
1157 1144
1153 1158
1102 1156
1154 1155
1155 1156
1155 1159
1156 1106
1156 1159
1158 1160
1106 1159
1106 1161
1106 1162
1159 1161
1161 1162
1163 1164
1163 1165
1163 1166
1163 1167
1164 1165
1164 1166
1164 1167
1168 1169
1169 1170
1171 1172
1173 1174
1175 1165
1166 1167
1176 1177
1178 1179
1178 1180
1179 1180
1181 1182
1183 1184
1183 1185
72 1186
72 1187
1184 1185
1184 1188
1184 1189
1190 1186
1190 1191
1190 1192
1186 1192
1186 1187
1185 1191
1185 1188
1185 1189
1185 1193
1185 1194
1195 1196
1191 1189
1191 1192
1191 1197
1191 1194
1198 1199
1188 1193
1188 1200
1196 1201
1189 1197
1189 1194
1189 1202
1192 1187
1192 1197
1192 1203
1192 1204
1187 1197
1187 1203
1187 1204
1193 1194
1193 1200
1193 1205
1193 1206
1197 1194
1197 1204
1197 1202
1197 1207
1197 1208
1203 1204
1203 1209
1203 1210
1199 1211
1199 1212
1199 1213
1194 1200
1194 1202
1194 1214
1194 1215
1201 1216
1201 1217
1204 1207
1204 1209
1200 1205
1200 1206
1200 1214
1200 1218
1200 1219
1205 1206
1205 1216
1205 1218
1211 1212
1211 1210
1211 1213
1202 1207
1202 1214
1202 1208
1202 1215
1202 1220
1206 1216
1206 1214
1206 1218
1206 1219
1207 1208
1216 1218
1216 1217
1216 1221
1214 1215
1214 1219
1214 1220
1209 1210
1209 1222
1209 1223
1212 1210
1212 1213
1218 1221
1210 1213
1210 1222
1208 1220
1208 1224
1217 1221
1215 1219
1215 1220
1215 1225
1213 1222
1213 1226
1213 1227
1219 1220
1219 1228
1219 1225
1222 1223
1222 1226
1222 1227
1220 1225
1220 1224
1223 1227
1223 1229
1228 1225
1228 1230
1228 1231
1228 1232
1225 1224
1225 1232
1225 1233
1226 1227
1226 1180
1226 1234
1230 1221
1230 1231
1227 1180
1227 1229
1227 1235
1227 1234
1229 1235
1229 1234
1236 1231
1236 1237
1236 1238
1236 1239
1236 1240
1241 1235
1241 1224
1241 1242
1241 1243
1241 1244
1235 1234
1235 1245
1234 1246
1245 1247
1247 1248
1247 1249
1248 1244
1248 1249
1248 1250
1248 1251
1252 1253
1254 256
1254 1255
1254 1256
1254 1257
1258 1259
1258 1251
1258 1260
1259 1251
1259 1260
256 1256
256 257
1261 1251
1221 1231
1221 1237
1224 1242
1231 1237
1237 1239
1232 1233
1232 1262
1233 1242
1233 1262
1233 1243
1242 1243
1242 1244
1262 1263
1243 1244
1243 1263
1238 1239
1238 1264
1238 1240
1238 1265
1239 1240
1244 1249
1264 1240
1264 1265
1264 1266
1264 1255
1240 1265
1263 1250
1250 1266
1250 1267
1265 1266
1265 1255
1265 1256
1266 1255
1266 1267
1266 1268
1266 1256
1255 1256
1267 1268
1267 1260
1268 1256
1268 1260
1268 257
1256 257
1269 1270
1269 1271
1269 1272
1269 1273
1269 1274
1269 1275
1269 1276
1270 1271
1270 1273
1270 1277
1270 1274
1270 1276
1271 1272
1271 1273
1271 1277
1271 1274
1271 1275
1271 1276
1271 1278
1279 1277
1279 1280
1279 1281
1272 1274
1272 1282
1272 1275
1272 1276
1272 1283
1272 1278
1273 1277
1273 1274
1273 1276
1277 1274
1277 1281
1274 1275
1274 1276
1274 1278
1282 1275
1282 1276
1282 1283
1284 1280
1284 1285
1284 1286
1275 1276
1275 1278
1275 1287
1276 1278
1276 1287
1283 1288
1283 1289
1290 1291
1290 1288
1290 1292
1280 1285
1280 1281
1280 1286
1280 1293
1285 1286
1285 1294
1291 1288
1291 1289
1291 1292
1278 1287
1278 1295
1281 1296
1281 1293
1281 1297
1288 1289
1288 1292
1288 1298
1287 1295
1287 1299
1286 1294
1286 1293
1286 1300
1289 1292
1289 1298
1292 1301
1295 1296
1295 1299
1295 1302
1294 1300
1296 1297
1296 1302
1293 1297
1293 1300
1293 1303
1298 1304
1298 1305
1298 1306
1300 1303
1299 1304
1299 1302
1299 1307
1301 1308
1301 1305
1301 1309
1301 1310
1301 1311
1301 1312
1304 1306
1304 1307
1304 1313
1302 1314
1308 1309
1308 1315
1305 1306
1305 1310
1305 1311
1305 1316
1309 1311
1309 1315
1309 1312
1306 1310
1306 1313
1306 1316
1310 1311
1310 1313
1310 1316
1310 1317
1311 1312
1311 1316
1311 1317
1311 1318
1311 1319
1320 1314
1307 1313
1307 1321
1307 1322
1307 1323
1313 1316
1313 1321
1313 1324
1313 1322
1313 1325
1314 1326
1315 1312
1315 1318
1312 1317
1312 1318
1312 1327
1316 1321
1316 1317
1316 1324
1316 1319
1316 1325
1321 1324
1321 1322
1321 1323
1321 1325
1321 1328
1317 1318
1317 1319
1317 1327
1317 1329
1317 1330
1317 1331
1318 1327
1318 1329
1318 1332
1324 1322
1324 1319
1324 1325
1324 1328
1324 1333
1326 1323
1326 1334
1322 1323
1322 1325
1322 1328
1319 1325
1319 1327
1319 1329
1319 1330
1319 1328
1319 1333
1319 1335
1319 1331
1323 1334
1323 1336
1325 1330
1325 1328
1325 1333
1325 1335
1327 1329
1327 1330
1327 1333
1327 1331
1327 1332
1327 1337
1338 1339
1338 1340
1329 1330
1329 1333
1329 1335
1329 1331
1329 1332
1330 1328
1330 1333
1330 1335
1330 1331
1330 1332
1328 1333
1328 1335
1328 1341
1334 1336
1334 1342
1339 1343
1339 1340
1333 1335
1333 1331
1333 1332
1335 1331
1335 1344
1335 1345
1331 1332
1331 1337
1331 1346
1347 1348
1347 1349
1332 1337
1332 1346
1332 1350
1337 1346
1337 1350
1336 1341
1336 1342
1336 1351
1336 1352
1341 1351
1341 1344
1341 1352
1341 1353
1342 1351
1342 1343
1342 1354
1342 1352
1342 1355
1346 1350
1346 1356
1346 1357
1351 1344
1351 1352
1351 1353
1350 1358
1350 1357
1343 1359
1343 1354
1343 1360
1343 1361
1343 1362
1344 1345
1344 1353
1345 1356
1345 1357
1345 1363
1359 1361
1359 1340
1359 1349
1359 1362
1359 1364
1359 1365
1354 1355
1354 1360
1354 1361
1354 1366
1354 1362
1352 1355
1352 1353
1352 1366
1355 1360
1355 1366
1355 1367
1355 1368
1355 1362
1356 1357
1356 1363
1356 1369
1353 1370
1360 1361
1360 1366
1360 1367
1360 1368
1360 1362
1361 1362
1361 1364
1361 1365
1358 1357
1358 1371
1357 1363
1357 1371
1363 1371
1363 1369
1363 1372
1366 1367
1366 1368
1366 1373
1369 1370
1369 1374
1369 1372
1369 136
1370 1373
1370 1374
1370 138
1370 136
1367 1368
1367 1373
1367 285
1367 1362
1368 1373
1368 285
1373 138
1374 1372
1374 138
1374 136
138 136
1340 1349
1348 1349
1348 1375
1349 1375
1349 1364
1349 1376
1349 1377
1375 1376
1375 1377
1364 1377
1364 1365
1376 1377
1376 1378
1377 1365
1377 1378
1377 1379
1365 1379
1378 1379
1112 1113
1112 1109
1112 1114
1112 1380
1113 1114
1162 1115
1162 1381
1162 1382
1162 1383
1109 1108
1109 1110
1109 1380
1108 1110
1108 1384
1108 1385
1115 1381
1115 1116
1115 1117
1115 1386
1114 1387
1114 1388
1110 1384
1110 1380
1384 1385
1384 1389
1381 1116
1381 1117
1381 1383
1381 1386
1116 1117
1116 1386
1116 1390
1117 1386
1385 1389
1382 1383
1382 1391
1382 1392
1380 1387
1380 1388
1380 1393
1380 1394
1383 1391
1383 1386
1383 1395
1387 1388
1387 1393
1387 1390
1387 1394
1387 1396
1391 1392
1391 1395
1391 1397
1386 1395
1386 1398
1388 1393
1388 1394
1388 1396
1392 1397
1393 1399
1393 1394
1393 1400
1389 1401
1390 1396
1390 1402
1395 1398
1395 1403
1395 1404
1399 1394
1399 1400
1399 1405
1394 1396
1394 1400
1396 1402
1401 1406
1398 1407
1397 1404
1397 1408
1403 1404
1403 1409
1403 1410
1400 1405
1400 1411
1402 1412
1402 1413
1404 1408
1404 1409
1404 1410
1404 1414
1405 1406
1405 1411
1408 1409
1408 1410
1408 1414
1408 1415
1406 1416
1406 1417
1409 1410
1409 1414
1409 1418
1409 1419
1410 1414
1410 1418
1410 1415
1407 1420
1407 1421
1412 1413
1412 1411
1412 1422
1412 1423
1412 1424
1412 1425
1413 1422
1413 1423
1413 1426
1413 1425
1411 1423
1411 1424
1411 1427
1414 1418
1414 1415
1416 1417
1416 1428
1416 1429
1422 1423
1422 1426
1422 1425
1423 1426
1423 1424
1423 1425
1423 1430
1423 1431
1420 1421
1420 1419
1420 1432
1420 1433
1418 1415
1418 1419
1418 1434
1415 1434
1415 1435
1426 1425
1426 1431
1426 1436
1421 1419
1421 1432
1421 1433
1421 1437
1421 1438
1421 1439
1421 1440
1419 1432
1419 1434
1419 1437
1419 1438
1419 1440
1424 1425
1424 1430
1424 1431
1424 1427
1424 1441
1425 1430
1425 1431
1425 1441
1432 1433
1432 1437
1432 1438
1432 1439
1432 1440
1432 1442
1434 1435
1434 1438
1434 1443
1434 1444
1430 1431
1430 1441
1430 1445
1431 1436
1431 1446
1431 1445
1433 1437
1433 1439
1433 1440
1433 1442
1433 1436
1433 1447
1437 1438
1437 1439
1437 1440
1437 1442
1437 1448
1437 1447
1435 1443
1435 1449
1435 1444
1435 1450
1435 1451
1438 1439
1438 1440
1438 1443
1438 1444
1438 1442
1438 1448
1438 1451
1439 1440
1439 1442
1439 1447
1439 1452
1440 1444
1440 1442
1440 1448
1443 1449
1443 1444
1443 1448
1443 1450
1443 1451
1449 1444
1449 1450
1449 1451
1449 1453
1444 1448
1444 1450
1444 1451
1444 1454
1444 1453
1442 1448
1442 1447
1442 1452
1448 1450
1448 1451
1448 1454
1450 1451
1450 1454
1450 1453
1455 1456
1455 1457
1455 1458
1451 1454
1451 1453
1451 1459
1456 1457
1456 1458
1456 1460
1461 1462
1461 1446
1461 1447
1461 1452
1461 1463
1461 1464
1461 1465
1461 1466
1467 1468
1467 279
1467 1469
1467 1470
1467 1460
1462 1471
1462 1465
1462 1472
1462 1466
1462 1473
1462 1474
1462 1475
1476 1477
1476 1453
1476 1459
1476 1478
1476 1479
1476 1480
1476 1481
1476 1482
1476 380
1477 1478
1477 1480
1477 1483
1471 1484
1471 1485
1471 1466
1468 279
1468 280
1468 281
1468 282
1484 1485
1484 1466
279 280
279 281
279 282
279 1460
280 1486
280 281
281 282
1427 1428
1427 1441
1427 1487
1417 1428
1417 1429
1428 1441
1428 1487
1441 1487
1441 1488
1487 1488
1487 1457
1436 1446
1436 1447
1488 1457
1446 1447
1446 1445
1446 1464
1447 1452
1447 1463
1445 1489
1445 1464
1445 1470
1457 1458
1452 1463
1452 1465
1452 1472
1454 1453
1454 1459
1454 1479
1454 1480
1463 1465
1489 1464
1489 1469
1489 1470
1489 1466
1453 1459
1453 1478
1453 1480
1464 1470
1464 1465
1464 1466
1469 1470
1469 1460
1470 1466
1465 1466
1458 1460
1459 1479
1459 1480
1459 1481
1478 1480
1478 1481
1472 1479
1472 1473
1472 1490
1472 1474
1472 1475
1479 1480
1479 1481
1479 1490
1479 1482
1479 380
1480 1481
1480 1482
1480 380
1473 1490
1473 1474
1473 1475
1481 1482
1481 380
1490 1474
1490 1482
1490 1475
1474 1475
1482 380
1491 1492
1493 1494
1493 1495
1493 1496
1493 1497
1493 1498
1499 1496
1499 1492
1499 1500
1499 1501
1502 1503
1502 1504
1502 1505
1494 1495
1494 1506
1494 1497
1494 1498
1494 1507
1494 1508
1509 1510
1509 1511
1509 1512
1509 1513
1509 1514
1509 1515
1510 1513
1510 1514
1510 1515
1516 1517
1518 1483
1518 1519
1518 1520
1518 1521
1518 1522
1483 1521
1483 1522
1517 530
1519 391
1519 392
1519 1523
1524 520
1524 531
520 530
520 531
530 531
391 392
1525 1503
1525 1504
1526 1527
1526 1504
1526 1528
1503 1504
1503 1528
1496 1500
1496 1501
1504 1528
1528 1511
1492 1501
1492 1529
1506 1497
1506 1507
1500 1497
1500 1498
1500 1501
1497 1498
1497 1507
1497 1508
1498 1508
1501 1529
1501 1530
1505 1531
1505 1532
1507 1508
1529 1530
1529 1533
1529 1534
1511 1531
1511 1512
1508 1535
1508 1536
1508 1537
1531 1532
1531 1512
1530 1533
1530 1534
1530 1538
1532 1512
1512 1513
1535 1537
1533 1534
1533 1539
1533 1538
1533 1540
1534 1539
1534 1538
1534 1541
1534 1540
1534 1542
1536 1537
1536 1543
1537 1543
1539 1538
1539 1541
1539 1540
1539 1544
1539 1542
1513 1514
1513 1515
1538 1541
1538 1540
1538 1544
1538 1542
1538 1545
1541 1540
1541 1544
1541 1542
1541 1546
1543 1547
1540 1544
1540 1542
1540 1546
1544 1542
1544 1546
1544 1548
1514 1515
1514 1549
1542 1546
1542 1548
1542 1550
1545 1551
1545 1552
1545 1553
1551 1552
1551 1554
1551 1553
1551 1555
1552 1554
1552 1553
1552 1555
1515 1556
1515 1557
1546 1549
1546 1548
1546 1550
1546 1558
1546 1559
1547 1555
1547 1560
1554 1553
1554 1555
1553 1561
1553 1562
1555 1560
1555 1520
1549 1548
1549 1556
1549 1558
1548 1550
1548 1558
1548 1563
1548 1559
1548 1564
1556 1557
1550 1561
1550 1558
1550 1563
1550 1559
1550 1564
1565 1557
1565 1566
1565 1567
1561 1563
1561 1562
1558 1563
1558 1559
1558 1564
1563 1559
1563 1564
1557 1567
1559 1564
1560 1520
1560 1521
1562 1568
1562 1569
1520 1521
1520 1568
1568 1569
1569 1523
1570 387
1571 5
1572 10
1573 11
1574 1173
1575 4
1576 22
1577 19
1578 87
1579 364
1580 454
1581 576
1582 580
1583 1582
1584 598
1585 975
1586 1118
1587 1157
1588 1589
1590 1160
1591 1173
1592 1212
1593 1246
1594 1181
1595 1261
1596 1527
1597 1596
