1 0
2 0
3 1
4 9
5 7
6 25
7 0
8 2
9 9
10 0
11 0
12 7
13 0
14 0
15 10
16 8
17 7
18 20
19 7
20 4
21 13
22 0
23 6
24 43
25 7
26 10
27 5
28 2
29 19
30 5
31 13
32 22
33 0
34 11
35 15
36 10
37 12
38 14
39 14
40 29
41 2
42 6
43 8
44 16
45 21
46 4
47 0
48 36
49 0
50 11
51 22
52 8
53 1
54 6
55 1
56 16
57 5
58 12
59 34
60 63
61 27
62 19
63 2
64 0
65 35
66 19
67 7
68 1
69 4
70 17
71 1
72 21
73 38
74 18
75 24
76 12
77 27
78 1
79 16
80 10
81 7
82 3
83 9
84 6
85 15
86 6
87 9
88 6
89 13
90 13
91 2
92 4
93 41
94 5
95 7
96 47
97 2
98 0
99 19
100 6
101 0
102 1
103 25
104 2
105 0
106 2
107 0
108 16
109 9
110 3
111 0
112 89
113 4
114 8
115 4
116 11
117 3
118 17
119 4
120 32
121 3
122 5
123 7
124 18
125 4
126 22
127 8
128 8
129 4
130 40
131 28
132 15
133 25
134 13
135 11
136 7
137 10
138 45
139 20
140 12
141 13
142 3
143 3
144 25
145 4
146 4
147 36
148 5
149 11
150 4
151 23
152 1
153 4
154 16
155 5
156 0
157 8
158 16
159 3
160 22
161 0
162 13
163 4
164 3
165 12
166 12
167 4
168 9
169 20
170 1
171 4
172 3
173 11
174 24
175 15
176 10
177 23
178 3
179 16
180 32
181 39
182 10
183 2
184 11
185 4
186 75
187 1
188 49
189 5
190 0
191 17
192 1
193 28
194 11
195 2
196 8
197 0
198 13
199 4
200 10
201 0
202 6
203 4
204 4
205 5
206 15
207 15
208 12
209 24
210 1
211 1
212 0
213 0
214 24
215 10
216 23
217 32
218 17
219 69
220 36
221 4
222 20
223 0
224 0
225 3
226 0
227 1
228 9
229 4
230 23
231 34
232 37
233 37
234 0
235 1
236 11
237 17
238 3
239 20
240 12
241 6
242 0
243 0
244 2
245 1
246 6
247 4
248 10
249 14
250 29
251 0
252 0
253 4
254 48
255 4
256 2
257 11
258 60
259 15
260 57
261 3
262 0
263 46
264 19
265 8
266 0
267 31
268 13
269 5
270 4
271 13
272 4
273 0
274 1
275 7
276 2
277 2
278 2
279 2
280 4
281 7
282 2
283 55
284 2
285 6
286 20
287 16
288 3
289 8
290 10
291 5
292 4
293 45
294 3
295 11
296 19
297 0
298 10
299 10
300 3
301 1
302 16
303 17
304 6
305 7
306 3
307 28
308 82
309 22
310 1
311 15
312 3
313 10
314 19
315 12
316 39
317 3
318 27
319 9
320 14
321 3
322 5
323 28
324 22
325 8
326 12
327 10
328 10
329 0
330 3
331 0
332 17
333 19
334 0
335 15
336 6
337 8
338 17
339 7
340 1
341 44
342 31
343 18
344 58
345 44
346 15
347 11
348 10
349 22
350 8
351 26
352 57
353 45
354 15
355 31
356 56
357 2
358 13
359 16
360 8
361 12
362 4
363 0
364 15
365 6
366 2
367 4
368 11
369 4
370 1
371 49
372 2
373 1
374 0
375 1
376 0
377 91
378 45
379 6
380 8
381 8
382 0
383 11
384 27
385 20
386 29
387 47
388 2
389 54
390 7
391 22
392 12
393 8
394 0
395 19
396 0
397 15
398 24
399 7
400 45
401 21
402 15
403 7
404 16
405 6
406 13
407 3
408 4
409 1
410 0
411 4
412 2
413 8
414 4
415 13
416 12
417 2
418 83
419 13
420 31
421 25
422 91
423 4
424 3
425 11
426 8
427 12
428 11
429 0
430 13
431 17
432 19
433 19
434 1
435 2
436 21
437 0
438 3
439 6
440 14
441 20
442 5
443 12
444 7
445 5
446 61
447 1
448 4
449 10
450 13
451 4
452 9
453 6
454 16
455 16
456 3
457 19
458 4
459 37
460 4
461 3
462 14
463 22
464 17
465 20
466 38
467 2
468 26
469 4
470 30
471 5
472 9
473 14
474 17
475 10
476 29
477 4
478 4
479 0
480 0
481 0
482 15
483 6
484 0
485 15
486 7
487 1
488 0
489 8
490 9
491 12
492 3
493 13
494 10
495 22
496 15
497 2
498 48
499 12
500 0
501 8
502 3
503 0
504 8
505 9
506 3
507 4
508 4
509 11
510 6
511 10
512 0
513 11
514 0
515 27
516 0
517 8
518 5
519 0
520 5
521 8
522 32
523 4
524 5
525 15
526 0
527 3
528 3
529 11
530 32
531 13
532 6
533 14
534 0
535 4
536 5
537 38
538 57
539 6
540 13
541 26
542 9
543 9
544 20
545 14
546 2
547 1
548 4
549 8
550 2
551 4
552 11
553 6
554 25
555 5
556 19
557 8
558 14
559 21
560 15
561 12
562 9
563 4
564 16
565 16
566 0
567 10
568 4
569 17
570 2
571 11
572 17
573 42
574 10
575 7
576 3
577 1
578 6
579 24
580 14
581 7
582 1
583 9
584 3
585 128
586 5
587 0
588 5
589 5
590 12
591 43
592 12
593 1
594 5
595 25
596 13
597 14
598 16
599 28
600 3
601 5
602 3
603 12
604 9
605 33
606 13
607 22
608 14
609 12
610 12
611 10
612 3
613 4
614 13
615 65
616 8
617 11
618 7
619 21
620 9
621 16
622 22
623 19
624 21
625 0
626 9
627 31
628 9
629 2
630 9
631 11
632 6
633 17
634 24
635 80
636 8
637 13
638 6
639 9
640 0
641 5
642 8
643 37
644 3
645 31
646 4
647 35
648 11
649 1
650 6
651 20
652 22
653 19
654 8
655 22
656 11
657 3
658 11
659 9
660 27
661 10
662 12
663 5
664 0
665 3
666 3
667 11
668 17
669 36
670 9
671 7
672 7
673 15
674 16
675 6
676 13
677 18
678 40
679 3
680 28
681 4
682 18
683 7
684 17
685 1
686 21
687 9
688 0
689 45
690 1
691 2
692 10
693 3
694 25
695 7
696 24
697 115
698 7
699 1
700 4
701 18
702 6
703 5
704 46
705 2
706 3
707 6
708 0
709 0
710 6
711 62
712 2
713 3
714 0
715 9
716 13
717 7
718 0
719 3
720 16
721 0
722 5
723 9
724 0
725 19
726 18
727 0
728 3
729 27
730 9
731 0
732 13
733 12
734 27
735 1
736 8
737 18
738 21
739 7
740 0
741 0
742 11
743 7
744 16
745 2
746 4
747 6
748 16
749 29
750 10
751 8
752 12
753 3
754 5
755 15
756 6
757 5
758 71
759 1
760 3
761 26
762 1
763 21
764 29
765 2
766 2
767 11
768 20
769 2
770 8
771 0
772 0
773 0
774 1
775 51
776 0
777 14
778 73
779 51
780 15
781 0
782 0
783 3
784 19
785 0
786 5
787 4
788 74
789 40
790 6
791 15
792 0
793 24
794 16
795 8
796 17
797 15
798 27
799 6
800 3
801 10
802 10
803 4
804 17
805 3
806 3
807 0
808 0
809 26
810 10
811 24
812 17
813 0
814 13
815 24
816 0
817 30
818 9
819 2
820 13
821 5
822 17
823 2
824 0
825 16
826 4
827 3
828 1
829 13
830 31
831 16
832 12
833 1
834 0
835 49
836 26
837 14
838 6
839 4
840 0
841 2
842 13
843 9
844 4
845 2
846 10
847 70
848 39
849 29
850 37
851 29
852 1
853 6
854 11
855 25
856 20
857 13
858 3
859 1
860 2
861 12
862 7
863 21
864 10
865 12
866 4
867 19
868 6
869 13
870 6
871 25
872 22
873 0
874 100
875 6
876 1
877 0
878 17
879 10
880 16
881 6
882 0
883 5
884 12
885 7
886 0
887 14
888 0
889 30
890 1
891 13
892 0
893 8
894 0
895 12
896 9
897 0
898 6
899 2
900 4
901 23
902 13
903 3
904 4
905 10
906 0
907 6
908 8
909 1
910 7
911 0
912 5
913 3
914 5
915 3
916 4
917 8
918 0
919 29
920 1
921 5
922 0
923 6
924 7
925 5
926 25
927 6
928 3
929 7
930 3
931 14
932 0
933 5
934 11
935 7
936 49
937 2
938 6
939 2
940 1
941 6
942 7
943 1
944 0
945 4
946 5
947 13
948 2
949 9
950 3
951 5
952 5
953 0
954 5
955 0
956 16
957 20
958 27
959 7
960 8
961 3
962 7
963 2
964 24
965 7
966 1
967 4
968 27
969 0
970 5
971 20
972 3
973 2
974 11
975 0
976 24
977 44
978 7
979 1
980 15
981 3
982 2
983 0
984 13
985 60
986 10
987 30
988 16
989 0
990 25
991 17
992 19
993 5
994 50
995 31
996 19
997 15
998 1
999 3
1000 6
1001 8
1002 23
1003 0
1004 13
1005 4
1006 20
1007 2
1008 12
1009 16
1010 0
1011 4
1012 53
1013 2
1014 22
1015 8
1016 26
1017 0
1018 0
1019 16
1020 1
1021 17
1022 1
1023 7
1024 2
1025 3
1026 0
1027 3
1028 4
1029 39
1030 1
1031 1
1032 33
1033 3
1034 4
1035 33
1036 45
1037 6
1038 2
1039 20
1040 3
1041 0
1042 1
1043 3
1044 14
1045 19
1046 3
1047 1
1048 7
1049 6
1050 3
1051 1
1052 5
1053 9
1054 12
1055 4
1056 1
1057 0
1058 16
1059 26
1060 14
1061 9
1062 1
1063 5
1064 28
1065 12
1066 24
1067 1
1068 7
1069 2
1070 1
1071 40
1072 5
1073 2
1074 12
1075 20
1076 8
1077 6
1078 51
1079 1
1080 3
1081 67
1082 14
1083 25
1084 26
1085 3
1086 0
1087 21
1088 13
1089 1
1090 30
1091 9
1092 0
1093 17
1094 7
1095 5
1096 15
1097 7
1098 19
1099 16
1100 2
1101 18
1102 3
1103 36
1104 32
1105 27
1106 36
1107 5
1108 9
1109 5
1110 3
1111 51
1112 3
1113 3
1114 4
1115 24
1116 19
1117 15
1118 1
1119 0
1120 3
1121 0
1122 1
1123 4
1124 1
1125 20
1126 10
1127 0
1128 4
1129 2
1130 17
1131 11
1132 10
1133 4
1134 9
1135 2
1136 1
1137 0
1138 3
1139 4
1140 0
1141 0
1142 6
1143 4
1144 1
1145 18
1146 15
1147 7
1148 5
1149 11
1150 27
1151 8
1152 40
1153 1
1154 7
1155 12
1156 15
1157 2
1158 1
1159 9
1160 0
1161 39
1162 0
1163 10
1164 2
1165 2
1166 7
1167 4
1168 8
1169 2
1170 15
1171 0
1172 0
1173 3
1174 5
1175 18
1176 0
1177 28
1178 6
1179 1
1180 8
1181 3
1182 15
1183 22
1184 19
1185 2
1186 2
1187 19
1188 0
1189 14
1190 25
1191 4
1192 19
1193 24
1194 9
1195 0
1196 8
1197 2
1198 5
1199 16
1200 2
1201 11
1202 12
1203 8
1204 22
1205 8
1206 0
1207 5
1208 12
1209 0
1210 3
1211 8
1212 0
1213 5
1214 0
1215 7
1216 26
1217 8
1218 6
1219 6
1220 0
1221 9
1222 13
1223 10
1224 7
1225 19
1226 8
1227 3
1228 3
1229 6
1230 40
1231 32
1232 2
1233 9
1234 2
1235 0
1236 3
1237 8
1238 17
1239 13
1240 2
1241 3
1242 4
1243 1
1244 7
1245 4
1246 6
1247 10
1248 5
1249 4
1250 1
1251 4
1252 0
1253 2
1254 1
1255 4
1256 3
1257 3
1258 12
1259 11
1260 14
1261 20
1262 6
1263 17
1264 2
1265 22
1266 10
1267 17
1268 9
1269 0
1270 14
1271 13
1272 29
1273 7
1274 22
1275 35
1276 9
1277 6
1278 9
1279 0
1280 28
1281 12
1282 0
1283 6
1284 1
1285 2
1286 25
1287 0
1288 1
1289 2
1290 0
1291 3
1292 19
1293 7
1294 3
1295 9
1296 10
1297 26
1298 10
1299 8
1300 12
1301 1
1302 0
1303 39
1304 0
1305 2
1306 0
1307 38
1308 27
1309 27
1310 1
1311 28
1312 7
1313 1
1314 17
1315 0
1316 7
1317 0
1318 28
1319 7
1320 39
1321 2
1322 5
1323 7
1324 3
1325 17
1326 12
1327 2
1328 28
1329 0
1330 7
1331 0
1332 5
1333 13
1334 11
1335 9
1336 0
1337 4
1338 29
1339 15
1340 4
1341 5
1342 13
1343 0
1344 31
1345 4
1346 0
1347 4
1348 0
1349 26
1350 29
1351 24
1352 2
1353 24
1354 0
1355 14
1356 12
1357 11
1358 17
1359 46
1360 17
1361 6
1362 8
1363 4
1364 4
1365 3
1366 6
1367 2
1368 42
1369 24
1370 6
1371 41
1372 11
1373 2
1374 20
1375 4
1376 17
1377 1
1378 0
1379 25
1380 7
1381 5
1382 21
1383 16
1384 33
1385 0
1386 14
1387 14
1388 14
1389 2
1390 9
1391 1
1392 0
1393 4
1394 2
1395 24
1396 0
1397 1
1398 0
1399 0
1400 42
1401 2
1402 2
1403 8
1404 7
1405 2
1406 0
1407 15
1408 5
1409 22
1410 11
1411 0
1412 2
1413 0
1414 4
1415 8
1416 14
1417 2
1418 5
1419 12
1420 0
1421 1
1422 4
1423 26
1424 1
1425 11
1426 0
1427 6
1428 5
1429 0
1430 19
1431 4
1432 71
1433 0
1434 7
1435 5
1436 28
1437 0
1438 3
1439 2
1440 6
1441 0
1442 3
1443 5
1444 0
1445 2
1446 6
1447 14
1448 3
1449 13
1450 5
1451 5
1452 3
1453 19
1454 10
1455 3
1456 0
1457 0
1458 1
1459 7
1460 6
1461 2
1462 2
1463 7
1464 0
1465 23
1466 8
1467 38
1468 26
1469 9
1470 4
1471 9
1472 28
1473 16
1474 11
1475 2
1476 26
1477 0
1478 3
1479 6
1480 1
1481 2
1482 10
1483 4
1484 12
1485 1
1486 5
1487 14
1488 0
1489 4
1490 15
1491 40
1492 7
1493 0
1494 3
1495 15
1496 5
1497 1
1498 0
1499 0
1500 28
1501 4
1502 2
1503 0
1504 4
1505 11
1506 3
1507 12
1508 16
1509 2
1510 1
1511 9
1512 8
1513 1
1514 0
1515 7
1516 5
1517 0
1518 5
1519 0
1520 12
1521 20
1522 9
1523 27
1524 6
1525 27
1526 1
1527 1
1528 10
1529 3
1530 10
1531 13
1532 0
1533 5
1534 0
1535 21
1536 14
1537 30
1538 0
1539 10
1540 1
1541 1
1542 0
1543 3
1544 1
1545 4
1546 3
1547 0
1548 8
1549 8
1550 0
1551 12
1552 6
1553 0
1554 12
1555 4
1556 0
1557 6
1558 3
1559 1
1560 2
1561 7
1562 14
1563 5
1564 2
1565 2
1566 2
1567 0
1568 3
1569 4
1570 0
1571 2
1572 5
1573 0
1574 17
1575 19
1576 0
1577 8
1578 9
1579 11
1580 0
1581 8
1582 2
1583 3
1584 15
1585 0
1586 11
1587 11
1588 5
1589 7
1590 8
1591 0
1592 14
1593 5
1594 10
1595 13
1596 27
1597 0
