1 0
2 2
3 4
4 9
5 3
6 9
7 0
8 0
9 12
10 0
11 0
12 10
13 3
14 0
15 3
16 24
17 1
18 5
19 2
20 0
21 5
22 18
23 1
24 14
25 26
26 10
27 0
28 1
29 6
30 2
31 3
32 3
33 3
34 7
35 16
36 13
37 6
38 0
39 4
40 2
41 2
42 14
43 2
44 0
45 22
46 7
47 0
48 6
49 4
50 5
51 1
52 4
53 8
54 0
55 0
56 12
57 0
58 0
59 2
60 15
61 6
62 15
63 15
64 3
65 13
66 10
67 0
68 0
69 5
70 4
71 0
72 17
73 10
74 4
75 9
76 4
77 7
78 4
79 12
80 20
81 2
82 0
83 2
84 2
85 11
86 13
87 3
88 1
89 4
90 2
91 3
92 2
93 20
94 3
95 8
96 11
97 2
98 5
99 4
100 0
101 6
102 0
103 24
104 0
105 0
106 0
107 4
108 1
109 5
110 0
111 1
112 39
113 4
114 5
115 1
116 8
117 1
118 7
119 27
120 54
121 6
122 2
123 9
124 23
125 1
126 43
127 0
128 7
129 3
130 0
131 1
132 10
133 5
134 0
135 3
136 5
137 0
138 9
139 0
140 8
141 3
142 0
143 3
144 12
145 6
146 1
147 2
148 16
149 6
150 0
151 1
152 0
153 6
154 7
155 4
156 0
157 0
158 11
159 4
160 8
161 0
162 2
163 4
164 4
165 0
166 13
167 4
168 5
169 13
170 0
171 1
172 9
173 0
174 0
175 5
176 23
177 3
178 2
179 11
180 4
181 10
182 7
183 2
184 12
185 0
186 5
187 4
188 10
189 1
190 1
191 11
192 2
193 10
194 1
195 0
196 3
197 10
198 4
199 3
200 1
201 0
202 16
203 1
204 0
205 11
206 23
207 2
208 25
209 1
210 1
211 4
212 1
213 1
214 7
215 7
216 6
217 14
218 17
219 2
220 18
221 0
222 7
223 1
224 5
225 8
226 0
227 1
228 0
229 0
230 0
231 40
232 18
233 11
234 0
235 2
236 4
237 8
238 25
239 2
240 4
241 2
242 0
243 1
244 0
245 0
246 1
247 1
248 16
249 0
250 6
251 0
252 0
253 8
254 1
255 2
256 4
257 3
258 10
259 18
260 10
261 6
262 0
263 3
264 0
265 11
266 1
267 0
268 0
269 0
270 0
271 5
272 23
273 8
274 0
275 3
276 1
277 14
278 0
279 1
280 4
281 2
282 0
283 10
284 10
285 0
286 28
287 15
288 0
289 0
290 6
291 19
292 5
293 4
294 0
295 2
296 0
297 0
298 9
299 0
300 3
301 2
302 8
303 0
304 6
305 0
306 0
307 71
308 5
309 7
310 5
311 7
312 2
313 3
314 24
315 24
316 13
317 1
318 12
319 5
320 15
321 11
322 5
323 15
324 10
325 0
326 5
327 16
328 12
329 1
330 5
331 10
332 6
333 19
334 65
335 17
336 1
337 10
338 0
339 10
340 4
341 0
342 56
343 4
344 24
345 0
346 18
347 7
348 0
349 1
350 7
351 32
352 1
353 4
354 11
355 40
356 1
357 0
358 21
359 5
360 0
361 12
362 0
363 5
364 0
365 1
366 2
367 4
368 6
369 0
370 1
371 46
372 5
373 0
374 6
375 32
376 0
377 10
378 0
379 2
380 0
381 11
382 0
383 28
384 3
385 15
386 4
387 37
388 7
389 19
390 0
391 20
392 6
393 10
394 6
395 5
396 0
397 1
398 20
399 3
400 5
401 15
402 6
403 6
404 13
405 5
406 7
407 1
408 0
409 1
410 0
411 8
412 2
413 5
414 4
415 7
416 15
417 10
418 44
419 14
420 17
421 19
422 8
423 3
424 18
425 3
426 4
427 12
428 6
429 0
430 5
431 12
432 8
433 7
434 0
435 2
436 6
437 6
438 0
439 5
440 12
441 6
442 4
443 11
444 9
445 0
446 80
447 2
448 3
449 39
450 4
451 2
452 30
453 13
454 11
455 7
456 1
457 17
458 8
459 16
460 0
461 3
462 30
463 0
464 32
465 0
466 8
467 3
468 1
469 4
470 13
471 7
472 10
473 12
474 10
475 7
476 0
477 1
478 0
479 1
480 2
481 1
482 8
483 7
484 3
485 1
486 2
487 2
488 1
489 3
490 1
491 5
492 1
493 2
494 2
495 5
496 4
497 0
498 10
499 8
500 1
501 0
502 7
503 1
504 0
505 6
506 5
507 7
508 8
509 11
510 0
511 5
512 3
513 6
514 1
515 13
516 0
517 0
518 4
519 0
520 4
521 4
522 8
523 4
524 0
525 0
526 0
527 0
528 4
529 0
530 17
531 2
532 0
533 1
534 0
535 4
536 4
537 0
538 2
539 7
540 15
541 4
542 0
543 13
544 12
545 2
546 1
547 2
548 3
549 9
550 1
551 0
552 8
553 11
554 6
555 0
556 18
557 1
558 8
559 27
560 12
561 12
562 76
563 3
564 0
565 0
566 2
567 11
568 9
569 6
570 3
571 9
572 10
573 41
574 24
575 1
576 0
577 25
578 1
579 4
580 4
581 7
582 0
583 6
584 16
585 1
586 7
587 3
588 0
589 5
590 11
591 11
592 19
593 1
594 7
595 8
596 19
597 22
598 4
599 3
600 2
601 0
602 0
603 14
604 4
605 6
606 1
607 12
608 0
609 4
610 3
611 10
612 0
613 1
614 4
615 8
616 18
617 6
618 0
619 3
620 0
621 3
622 13
623 8
624 9
625 1
626 4
627 9
628 2
629 8
630 5
631 8
632 0
633 9
634 19
635 1
636 0
637 11
638 11
639 5
640 0
641 2
642 2
643 8
644 1
645 1
646 12
647 3
648 1
649 4
650 3
651 4
652 28
653 0
654 2
655 4
656 8
657 1
658 0
659 4
660 14
661 3
662 20
663 1
664 4
665 10
666 0
667 7
668 6
669 18
670 3
671 5
672 1
673 0
674 1
675 0
676 2
677 8
678 4
679 0
680 1
681 1
682 21
683 5
684 8
685 0
686 18
687 16
688 7
689 13
690 0
691 0
692 7
693 9
694 5
695 9
696 16
697 23
698 24
699 6
700 2
701 1
702 0
703 16
704 19
705 0
706 4
707 6
708 2
709 0
710 6
711 36
712 0
713 6
714 1
715 18
716 3
717 13
718 0
719 1
720 4
721 0
722 2
723 6
724 0
725 2
726 3
727 1
728 5
729 5
730 5
731 0
732 2
733 4
734 3
735 0
736 5
737 6
738 2
739 32
740 0
741 0
742 13
743 1
744 11
745 0
746 1
747 4
748 12
749 10
750 3
751 16
752 6
753 1
754 4
755 11
756 8
757 4
758 15
759 0
760 0
761 14
762 0
763 42
764 5
765 7
766 5
767 18
768 101
769 0
770 0
771 0
772 0
773 3
774 4
775 15
776 1
777 14
778 26
779 10
780 0
781 1
782 1
783 5
784 7
785 3
786 1
787 9
788 25
789 1
790 0
791 0
792 0
793 29
794 0
795 2
796 20
797 13
798 4
799 0
800 0
801 2
802 5
803 1
804 5
805 5
806 6
807 0
808 0
809 4
810 4
811 3
812 4
813 0
814 5
815 11
816 1
817 1
818 20
819 3
820 16
821 0
822 7
823 0
824 0
825 2
826 17
827 0
828 3
829 12
830 20
831 4
832 5
833 9
834 6
835 3
836 7
837 1
838 7
839 1
840 0
841 0
842 2
843 0
844 6
845 1
846 24
847 3
848 1
849 10
850 12
851 3
852 0
853 0
854 0
855 1
856 2
857 0
858 2
859 5
860 2
861 1
862 10
863 17
864 12
865 6
866 0
867 11
868 2
869 3
870 4
871 0
872 4
873 19
874 15
875 1
876 1
877 0
878 11
879 8
880 0
881 6
882 0
883 0
884 0
885 1
886 7
887 12
888 1
889 0
890 0
891 0
892 0
893 3
894 1
895 3
896 4
897 2
898 2
899 0
900 0
901 1
902 7
903 4
904 3
905 0
906 0
907 2
908 9
909 0
910 2
911 2
912 8
913 3
914 3
915 2
916 17
917 1
918 0
919 0
920 0
921 3
922 3
923 15
924 6
925 7
926 2
927 12
928 7
929 3
930 5
931 14
932 6
933 0
934 0
935 0
936 4
937 0
938 4
939 3
940 2
941 0
942 4
943 1
944 2
945 0
946 0
947 2
948 3
949 1
950 3
951 1
952 0
953 5
954 1
955 2
956 18
957 4
958 29
959 16
960 3
961 0
962 1
963 1
964 10
965 4
966 2
967 3
968 0
969 3
970 6
971 10
972 7
973 0
974 21
975 1
976 9
977 9
978 3
979 4
980 0
981 3
982 1
983 0
984 0
985 5
986 0
987 0
988 15
989 0
990 2
991 11
992 21
993 0
994 2
995 1
996 1
997 5
998 2
999 7
1000 23
1001 3
1002 25
1003 3
1004 6
1005 4
1006 25
1007 0
1008 13
1009 22
1010 0
1011 0
1012 5
1013 2
1014 11
1015 6
1016 9
1017 2
1018 0
1019 3
1020 1
1021 15
1022 0
1023 0
1024 0
1025 0
1026 1
1027 0
1028 1
1029 3
1030 2
1031 0
1032 18
1033 3
1034 28
1035 22
1036 3
1037 2
1038 13
1039 3
1040 1
1041 0
1042 1
1043 1
1044 7
1045 8
1046 5
1047 7
1048 2
1049 2
1050 0
1051 6
1052 36
1053 2
1054 6
1055 3
1056 1
1057 0
1058 2
1059 13
1060 0
1061 2
1062 0
1063 0
1064 5
1065 1
1066 23
1067 0
1068 5
1069 0
1070 0
1071 8
1072 0
1073 3
1074 2
1075 1
1076 8
1077 2
1078 7
1079 0
1080 6
1081 31
1082 11
1083 10
1084 12
1085 0
1086 1
1087 2
1088 2
1089 2
1090 7
1091 3
1092 6
1093 0
1094 6
1095 7
1096 5
1097 11
1098 4
1099 3
1100 1
1101 0
1102 6
1103 22
1104 4
1105 11
1106 33
1107 5
1108 3
1109 1
1110 0
1111 4
1112 0
1113 24
1114 4
1115 0
1116 9
1117 1
1118 0
1119 0
1120 9
1121 1
1122 12
1123 7
1124 0
1125 4
1126 15
1127 0
1128 10
1129 2
1130 13
1131 7
1132 0
1133 0
1134 10
1135 0
1136 3
1137 3
1138 3
1139 0
1140 7
1141 1
1142 0
1143 1
1144 0
1145 4
1146 20
1147 2
1148 7
1149 5
1150 1
1151 0
1152 5
1153 2
1154 4
1155 1
1156 29
1157 0
1158 0
1159 9
1160 0
1161 11
1162 0
1163 3
1164 0
1165 1
1166 6
1167 2
1168 0
1169 0
1170 3
1171 3
1172 9
1173 12
1174 9
1175 10
1176 0
1177 25
1178 2
1179 17
1180 9
1181 4
1182 0
1183 1
1184 9
1185 3
1186 0
1187 6
1188 1
1189 5
1190 1
1191 2
1192 8
1193 1
1194 10
1195 2
1196 7
1197 16
1198 0
1199 10
1200 5
1201 38
1202 0
1203 1
1204 4
1205 8
1206 0
1207 0
1208 15
1209 0
1210 2
1211 24
1212 0
1213 2
1214 2
1215 8
1216 28
1217 10
1218 10
1219 12
1220 0
1221 1
1222 19
1223 2
1224 10
1225 6
1226 2
1227 6
1228 0
1229 0
1230 2
1231 24
1232 0
1233 2
1234 2
1235 0
1236 1
1237 2
1238 16
1239 7
1240 7
1241 8
1242 1
1243 1
1244 20
1245 0
1246 1
1247 9
1248 7
1249 7
1250 4
1251 21
1252 3
1253 9
1254 1
1255 5
1256 0
1257 10
1258 10
1259 5
1260 0
1261 105
1262 8
1263 19
1264 0
1265 30
1266 4
1267 9
1268 0
1269 2
1270 0
1271 3
1272 2
1273 1
1274 0
1275 3
1276 0
1277 2
1278 7
1279 2
1280 0
1281 9
1282 0
1283 1
1284 3
1285 7
1286 12
1287 0
1288 20
1289 7
1290 0
1291 2
1292 0
1293 3
1294 0
1295 18
1296 21
1297 30
1298 4
1299 0
1300 39
1301 2
1302 2
1303 26
1304 0
1305 4
1306 0
1307 18
1308 0
1309 7
1310 5
1311 26
1312 7
1313 9
1314 7
1315 0
1316 1
1317 5
1318 3
1319 0
1320 16
1321 4
1322 2
1323 1
1324 1
1325 2
1326 11
1327 0
1328 4
1329 0
1330 0
1331 0
1332 2
1333 6
1334 2
1335 7
1336 2
1337 5
1338 3
1339 10
1340 11
1341 5
1342 17
1343 14
1344 17
1345 1
1346 5
1347 5
1348 0
1349 6
1350 1
1351 12
1352 6
1353 6
1354 0
1355 4
1356 4
1357 2
1358 0
1359 44
1360 3
1361 1
1362 2
1363 11
1364 2
1365 2
1366 16
1367 1
1368 7
1369 32
1370 2
1371 7
1372 14
1373 0
1374 10
1375 20
1376 33
1377 0
1378 9
1379 28
1380 6
1381 20
1382 3
1383 16
1384 4
1385 1
1386 1
1387 6
1388 4
1389 10
1390 2
1391 0
1392 0
1393 1
1394 7
1395 3
1396 2
1397 3
1398 0
1399 4
1400 4
1401 1
1402 2
1403 3
1404 10
1405 4
1406 14
1407 8
1408 1
1409 17
1410 8
1411 0
1412 2
1413 2
1414 2
1415 4
1416 0
1417 2
1418 1
1419 6
1420 3
1421 1
1422 4
1423 1
1424 3
1425 6
1426 0
1427 8
1428 1
1429 4
1430 18
1431 10
1432 2
1433 0
1434 0
1435 4
1436 1
1437 2
1438 5
1439 4
1440 4
1441 0
1442 2
1443 3
1444 4
1445 6
1446 1
1447 2
1448 2
1449 17
1450 16
1451 3
1452 12
1453 3
1454 7
1455 0
1456 0
1457 4
1458 0
1459 17
1460 16
1461 0
1462 8
1463 0
1464 1
1465 8
1466 15
1467 90
1468 43
1469 7
1470 16
1471 0
1472 2
1473 12
1474 10
1475 103
1476 5
1477 7
1478 13
1479 12
1480 0
1481 0
1482 8
1483 9
1484 5
1485 6
1486 5
1487 3
1488 4
1489 0
1490 20
1491 4
1492 10
1493 0
1494 0
1495 19
1496 4
1497 9
1498 0
1499 3
1500 14
1501 1
1502 0
1503 0
1504 30
1505 2
1506 2
1507 21
1508 4
1509 2
1510 4
1511 6
1512 1
1513 0
1514 6
1515 0
1516 3
1517 0
1518 0
1519 0
1520 26
1521 9
1522 24
1523 17
1524 0
1525 13
1526 0
1527 1
1528 1
1529 5
1530 0
1531 0
1532 1
1533 0
1534 0
1535 10
1536 2
1537 13
1538 1
1539 1
1540 1
1541 0
1542 4
1543 2
1544 3
1545 0
1546 4
1547 4
1548 0
1549 6
1550 2
1551 2
1552 17
1553 1
1554 19
1555 3
1556 0
1557 0
1558 1
1559 0
1560 1
1561 0
1562 10
1563 0
1564 0
1565 1
1566 9
1567 0
1568 0
1569 8
1570 4
1571 4
1572 23
1573 0
1574 1
1575 18
1576 3
1577 1
1578 36
1579 0
1580 0
1581 3
1582 1
1583 6
1584 0
1585 0
1586 0
1587 9
1588 2
1589 2
1590 8
1591 1
1592 7
1593 6
1594 11
1595 3
1596 54
1597 5
