1 0
2 0
3 0
4 6
5 6
6 19
7 0
8 4
9 17
10 0
11 3
12 11
13 0
14 3
15 5
16 13
17 4
18 4
19 7
20 0
21 4
22 2
23 1
24 10
25 4
26 3
27 3
28 0
29 53
30 0
31 3
32 5
33 2
34 2
35 10
36 0
37 5
38 4
39 2
40 11
41 0
42 5
43 17
44 2
45 4
46 0
47 0
48 1
49 0
50 2
51 21
52 0
53 3
54 0
55 0
56 9
57 0
58 4
59 1
60 13
61 4
62 2
63 6
64 0
65 4
66 1
67 0
68 4
69 3
70 2
71 0
72 24
73 67
74 14
75 12
76 26
77 7
78 17
79 26
80 28
81 3
82 4
83 15
84 2
85 33
86 5
87 4
88 0
89 19
90 7
91 1
92 20
93 3
94 5
95 3
96 8
97 7
98 3
99 1
100 4
101 2
102 1
103 19
104 0
105 0
106 7
107 0
108 11
109 20
110 0
111 4
112 38
113 10
114 2
115 1
116 15
117 0
118 8
119 7
120 27
121 2
122 2
123 2
124 14
125 1
126 26
127 8
128 31
129 3
130 9
131 2
132 2
133 3
134 3
135 2
136 0
137 6
138 8
139 2
140 1
141 4
142 0
143 6
144 1
145 18
146 6
147 5
148 13
149 2
150 0
151 6
152 0
153 0
154 1
155 0
156 0
157 0
158 3
159 7
160 0
161 1
162 0
163 2
164 4
165 8
166 10
167 2
168 12
169 3
170 4
171 2
172 7
173 0
174 1
175 5
176 2
177 7
178 3
179 8
180 8
181 0
182 1
183 0
184 1
185 2
186 3
187 0
188 6
189 2
190 0
191 4
192 3
193 1
194 8
195 9
196 0
197 0
198 1
199 0
200 5
201 2
202 3
203 1
204 0
205 1
206 24
207 1
208 8
209 0
210 1
211 3
212 0
213 0
214 6
215 3
216 9
217 16
218 11
219 22
220 16
221 0
222 3
223 0
224 0
225 2
226 0
227 1
228 4
229 8
230 3
231 13
232 7
233 2
234 0
235 0
236 4
237 7
238 5
239 13
240 3
241 3
242 0
243 1
244 0
245 1
246 11
247 2
248 20
249 0
250 2
251 0
252 0
253 1
254 5
255 19
256 2
257 3
258 18
259 0
260 2
261 0
262 0
263 1
264 10
265 7
266 0
267 3
268 8
269 0
270 0
271 1
272 0
273 3
274 0
275 4
276 4
277 2
278 0
279 0
280 1
281 3
282 0
283 2
284 2
285 2
286 1
287 5
288 3
289 0
290 2
291 8
292 2
293 11
294 2
295 2
296 0
297 0
298 7
299 0
300 3
301 7
302 4
303 0
304 1
305 4
306 0
307 24
308 40
309 11
310 1
311 3
312 1
313 7
314 5
315 4
316 16
317 4
318 7
319 0
320 2
321 16
322 0
323 5
324 4
325 0
326 2
327 7
328 16
329 2
330 0
331 0
332 5
333 2
334 1
335 0
336 1
337 0
338 34
339 12
340 0
341 9
342 3
343 1
344 8
345 1
346 4
347 3
348 0
349 4
350 1
351 10
352 2
353 3
354 4
355 8
356 10
357 0
358 0
359 2
360 3
361 5
362 5
363 0
364 0
365 0
366 2
367 2
368 0
369 8
370 2
371 4
372 0
373 0
374 0
375 10
376 1
377 3
378 0
379 4
380 3
381 2
382 2
383 0
384 4
385 8
386 4
387 9
388 9
389 5
390 3
391 11
392 25
393 0
394 0
395 6
396 0
397 1
398 1
399 0
400 6
401 34
402 7
403 0
404 4
405 1
406 6
407 0
408 3
409 1
410 1
411 0
412 2
413 0
414 0
415 4
416 8
417 1
418 21
419 5
420 9
421 11
422 28
423 0
424 1
425 8
426 5
427 15
428 1
429 0
430 1
431 3
432 4
433 33
434 0
435 6
436 1
437 2
438 2
439 4
440 4
441 4
442 4
443 0
444 0
445 2
446 5
447 4
448 2
449 1
450 2
451 3
452 4
453 2
454 1
455 6
456 7
457 2
458 5
459 5
460 10
461 6
462 5
463 1
464 5
465 0
466 12
467 3
468 6
469 0
470 9
471 6
472 7
473 10
474 2
475 7
476 14
477 4
478 2
479 3
480 1
481 4
482 3
483 4
484 21
485 2
486 9
487 2
488 1
489 0
490 0
491 2
492 0
493 19
494 0
495 4
496 1
497 3
498 6
499 16
500 0
501 0
502 0
503 2
504 0
505 4
506 1
507 8
508 19
509 6
510 2
511 0
512 0
513 9
514 5
515 1
516 0
517 9
518 1
519 13
520 0
521 5
522 6
523 3
524 2
525 7
526 0
527 18
528 1
529 5
530 7
531 1
532 24
533 17
534 10
535 3
536 4
537 8
538 23
539 12
540 14
541 19
542 3
543 5
544 45
545 3
546 0
547 2
548 1
549 16
550 4
551 0
552 7
553 18
554 48
555 3
556 53
557 2
558 17
559 12
560 44
561 4
562 33
563 6
564 1
565 5
566 17
567 2
568 18
569 42
570 8
571 3
572 8
573 34
574 17
575 6
576 3
577 3
578 2
579 6
580 3
581 4
582 0
583 8
584 2
585 0
586 1
587 0
588 0
589 0
590 2
591 0
592 11
593 0
594 1
595 1
596 4
597 9
598 3
599 5
600 6
601 10
602 0
603 7
604 4
605 1
606 4
607 1
608 11
609 0
610 3
611 5
612 8
613 1
614 2
615 16
616 4
617 13
618 3
619 16
620 0
621 1
622 3
623 5
624 0
625 4
626 20
627 7
628 19
629 6
630 7
631 0
632 7
633 2
634 5
635 1
636 20
637 3
638 28
639 0
640 0
641 3
642 5
643 3
644 0
645 1
646 0
647 1
648 1
649 0
650 0
651 31
652 0
653 0
654 19
655 3
656 6
657 7
658 1
659 8
660 5
661 3
662 18
663 0
664 1
665 0
666 2
667 12
668 20
669 1
670 1
671 6
672 3
673 18
674 3
675 0
676 7
677 2
678 12
679 5
680 5
681 0
682 0
683 2
684 7
685 9
686 2
687 27
688 2
689 5
690 0
691 0
692 4
693 5
694 5
695 7
696 24
697 12
698 74
699 1
700 0
701 3
702 0
703 5
704 19
705 4
706 2
707 13
708 0
709 1
710 2
711 2
712 4
713 0
714 2
715 16
716 1
717 2
718 4
719 0
720 1
721 0
722 0
723 3
724 0
725 2
726 1
727 8
728 1
729 2
730 8
731 3
732 4
733 5
734 24
735 1
736 0
737 12
738 0
739 2
740 1
741 1
742 5
743 5
744 2
745 0
746 7
747 2
748 0
749 3
750 6
751 18
752 2
753 9
754 1
755 4
756 2
757 4
758 15
759 1
760 0
761 11
762 0
763 2
764 12
765 20
766 5
767 0
768 5
769 4
770 0
771 18
772 0
773 0
774 0
775 19
776 1
777 34
778 5
779 8
780 5
781 0
782 3
783 0
784 2
785 0
786 12
787 0
788 9
789 1
790 2
791 6
792 0
793 5
794 1
795 0
796 14
797 24
798 7
799 0
800 0
801 0
802 3
803 1
804 20
805 8
806 1
807 0
808 0
809 1
810 0
811 33
812 0
813 2
814 5
815 4
816 4
817 0
818 2
819 2
820 2
821 1
822 14
823 4
824 0
825 6
826 0
827 10
828 1
829 1
830 0
831 2
832 0
833 2
834 0
835 0
836 2
837 5
838 0
839 1
840 1
841 0
842 2
843 3
844 1
845 1
846 2
847 6
848 9
849 11
850 6
851 4
852 4
853 0
854 4
855 2
856 14
857 5
858 1
859 2
860 0
861 2
862 0
863 4
864 3
865 3
866 0
867 6
868 0
869 4
870 1
871 8
872 2
873 0
874 7
875 1
876 1
877 1
878 2
879 9
880 1
881 1
882 1
883 1
884 1
885 6
886 9
887 0
888 2
889 0
890 3
891 2
892 1
893 2
894 3
895 13
896 12
897 0
898 6
899 0
900 3
901 13
902 1
903 2
904 0
905 0
906 3
907 10
908 1
909 0
910 2
911 0
912 8
913 4
914 3
915 2
916 10
917 3
918 0
919 1
920 0
921 1
922 2
923 2
924 15
925 3
926 3
927 8
928 12
929 6
930 1
931 43
932 2
933 9
934 0
935 0
936 15
937 2
938 9
939 1
940 8
941 0
942 10
943 0
944 0
945 0
946 3
947 1
948 1
949 6
950 1
951 0
952 1
953 0
954 3
955 0
956 7
957 34
958 27
959 5
960 26
961 3
962 0
963 18
964 6
965 1
966 12
967 1
968 18
969 0
970 15
971 2
972 9
973 2
974 44
975 1
976 1
977 34
978 0
979 0
980 0
981 1
982 0
983 15
984 5
985 19
986 14
987 0
988 7
989 2
990 3
991 9
992 23
993 3
994 5
995 11
996 2
997 2
998 3
999 2
1000 16
1001 2
1002 7
1003 1
1004 1
1005 0
1006 3
1007 0
1008 12
1009 24
1010 1
1011 1
1012 12
1013 17
1014 10
1015 5
1016 21
1017 2
1018 1
1019 1
1020 1
1021 1
1022 2
1023 0
1024 0
1025 3
1026 2
1027 47
1028 0
1029 3
1030 0
1031 6
1032 5
1033 2
1034 2
1035 0
1036 1
1037 0
1038 0
1039 5
1040 0
1041 0
1042 11
1043 0
1044 6
1045 1
1046 3
1047 0
1048 1
1049 0
1050 0
1051 1
1052 7
1053 2
1054 1
1055 0
1056 0
1057 0
1058 9
1059 3
1060 1
1061 11
1062 0
1063 0
1064 17
1065 0
1066 0
1067 0
1068 1
1069 6
1070 0
1071 1
1072 0
1073 1
1074 3
1075 6
1076 4
1077 1
1078 9
1079 0
1080 0
1081 0
1082 13
1083 6
1084 6
1085 0
1086 1
1087 12
1088 0
1089 1
1090 5
1091 5
1092 0
1093 2
1094 2
1095 5
1096 14
1097 3
1098 1
1099 4
1100 1
1101 1
1102 1
1103 12
1104 15
1105 13
1106 7
1107 3
1108 3
1109 6
1110 0
1111 10
1112 8
1113 2
1114 0
1115 0
1116 0
1117 1
1118 0
1119 0
1120 14
1121 7
1122 2
1123 0
1124 0
1125 3
1126 17
1127 1
1128 7
1129 5
1130 5
1131 10
1132 4
1133 3
1134 1
1135 0
1136 2
1137 1
1138 2
1139 1
1140 4
1141 4
1142 1
1143 0
1144 0
1145 2
1146 12
1147 15
1148 1
1149 2
1150 2
1151 2
1152 23
1153 0
1154 8
1155 13
1156 6
1157 0
1158 9
1159 5
1160 4
1161 30
1162 0
1163 4
1164 1
1165 1
1166 6
1167 2
1168 5
1169 1
1170 8
1171 11
1172 2
1173 15
1174 2
1175 1
1176 0
1177 28
1178 9
1179 13
1180 0
1181 2
1182 0
1183 0
1184 3
1185 2
1186 0
1187 5
1188 0
1189 6
1190 8
1191 29
1192 9
1193 10
1194 3
1195 0
1196 4
1197 1
1198 3
1199 15
1200 2
1201 4
1202 0
1203 1
1204 10
1205 0
1206 0
1207 3
1208 1
1209 0
1210 0
1211 0
1212 0
1213 0
1214 2
1215 11
1216 1
1217 5
1218 6
1219 3
1220 0
1221 1
1222 9
1223 2
1224 9
1225 1
1226 0
1227 1
1228 0
1229 4
1230 9
1231 21
1232 0
1233 6
1234 0
1235 0
1236 3
1237 1
1238 4
1239 6
1240 2
1241 0
1242 9
1243 0
1244 2
1245 5
1246 1
1247 31
1248 2
1249 1
1250 0
1251 6
1252 2
1253 5
1254 0
1255 10
1256 1
1257 2
1258 3
1259 5
1260 5
1261 24
1262 2
1263 10
1264 9
1265 11
1266 5
1267 3
1268 14
1269 0
1270 0
1271 2
1272 9
1273 9
1274 0
1275 5
1276 4
1277 9
1278 1
1279 9
1280 1
1281 2
1282 0
1283 0
1284 6
1285 4
1286 1
1287 9
1288 5
1289 14
1290 4
1291 1
1292 2
1293 15
1294 0
1295 11
1296 2
1297 23
1298 0
1299 0
1300 4
1301 0
1302 1
1303 16
1304 0
1305 4
1306 1
1307 19
1308 0
1309 0
1310 1
1311 3
1312 3
1313 4
1314 5
1315 1
1316 0
1317 1
1318 3
1319 0
1320 1
1321 2
1322 0
1323 1
1324 0
1325 2
1326 12
1327 6
1328 1
1329 0
1330 0
1331 0
1332 0
1333 1
1334 2
1335 9
1336 0
1337 1
1338 1
1339 7
1340 3
1341 5
1342 2
1343 0
1344 2
1345 2
1346 0
1347 4
1348 0
1349 19
1350 4
1351 1
1352 3
1353 6
1354 0
1355 1
1356 1
1357 4
1358 1
1359 4
1360 3
1361 0
1362 0
1363 4
1364 5
1365 0
1366 3
1367 0
1368 5
1369 6
1370 2
1371 4
1372 3
1373 3
1374 6
1375 3
1376 2
1377 2
1378 0
1379 13
1380 2
1381 2
1382 4
1383 8
1384 0
1385 3
1386 2
1387 2
1388 3
1389 0
1390 7
1391 0
1392 3
1393 0
1394 16
1395 10
1396 0
1397 26
1398 1
1399 0
1400 18
1401 7
1402 1
1403 4
1404 4
1405 4
1406 1
1407 14
1408 2
1409 10
1410 3
1411 0
1412 5
1413 0
1414 5
1415 5
1416 0
1417 1
1418 8
1419 2
1420 0
1421 1
1422 9
1423 1
1424 0
1425 20
1426 3
1427 2
1428 0
1429 0
1430 8
1431 1
1432 39
1433 0
1434 2
1435 0
1436 32
1437 3
1438 0
1439 0
1440 1
1441 0
1442 0
1443 2
1444 1
1445 5
1446 0
1447 20
1448 13
1449 3
1450 16
1451 0
1452 2
1453 12
1454 16
1455 2
1456 27
1457 0
1458 1
1459 1
1460 0
1461 0
1462 0
1463 6
1464 1
1465 3
1466 6
1467 23
1468 20
1469 6
1470 6
1471 10
1472 26
1473 0
1474 9
1475 26
1476 5
1477 2
1478 0
1479 2
1480 0
1481 18
1482 10
1483 5
1484 0
1485 2
1486 2
1487 13
1488 1
1489 0
1490 1
1491 7
1492 3
1493 0
1494 15
1495 5
1496 4
1497 0
1498 2
1499 0
1500 29
1501 1
1502 0
1503 0
1504 29
1505 1
1506 1
1507 15
1508 15
1509 2
1510 1
1511 2
1512 1
1513 0
1514 5
1515 0
1516 0
1517 0
1518 4
1519 0
1520 8
1521 15
1522 42
1523 7
1524 0
1525 5
1526 1
1527 2
1528 7
1529 2
1530 2
1531 0
1532 2
1533 0
1534 4
1535 17
1536 12
1537 5
1538 1
1539 10
1540 0
1541 0
1542 3
1543 0
1544 1
1545 3
1546 0
1547 5
1548 8
1549 20
1550 0
1551 3
1552 0
1553 2
1554 8
1555 5
1556 0
1557 0
1558 0
1559 1
1560 0
1561 0
1562 34
1563 2
1564 3
1565 17
1566 0
1567 1
1568 0
1569 10
1570 0
1571 66
1572 6
1573 0
1574 1
1575 4
1576 1
1577 0
1578 4
1579 0
1580 0
1581 2
1582 5
1583 1
1584 0
1585 0
1586 0
1587 2
1588 2
1589 0
1590 1
1591 5
1592 32
1593 15
1594 8
1595 10
1596 14
1597 2
