1 0
2 0
3 17
4 7
5 21
6 2
7 1
8 1
9 62
10 0
11 1
12 3
13 2
14 4
15 6
16 13
17 9
18 17
19 0
20 30
21 20
22 4
23 26
24 7
25 16
26 9
27 24
28 0
29 6
30 0
31 2
32 8
33 6
34 4
35 7
36 6
37 28
38 5
39 10
40 11
41 3
42 15
43 13
44 1
45 6
46 0
47 16
48 17
49 24
50 12
51 31
52 2
53 10
54 6
55 2
56 21
57 3
58 18
59 10
60 16
61 11
62 31
63 2
64 0
65 7
66 7
67 0
68 0
69 4
70 13
71 1
72 10
73 3
74 7
75 11
76 18
77 6
78 1
79 10
80 3
81 35
82 0
83 3
84 19
85 3
86 4
87 2
88 2
89 1
90 5
91 17
92 5
93 5
94 6
95 1
96 12
97 7
98 0
99 9
100 3
101 2
102 0
103 24
104 0
105 0
106 12
107 4
108 16
109 26
110 5
111 1
112 5
113 3
114 7
115 3
116 19
117 9
118 5
119 1
120 8
121 2
122 5
123 4
124 8
125 2
126 1
127 0
128 1
129 1
130 4
131 4
132 8
133 4
134 11
135 13
136 23
137 4
138 7
139 3
140 5
141 13
142 3
143 21
144 4
145 14
146 2
147 23
148 11
149 8
150 0
151 18
152 1
153 5
154 5
155 3
156 5
157 0
158 3
159 29
160 0
161 1
162 2
163 13
164 2
165 4
166 13
167 9
168 0
169 5
170 2
171 2
172 2
173 1
174 26
175 7
176 14
177 9
178 19
179 9
180 47
181 18
182 11
183 21
184 1
185 22
186 4
187 2
188 8
189 3
190 3
191 12
192 5
193 5
194 5
195 3
196 0
197 6
198 3
199 1
200 2
201 4
202 0
203 3
204 3
205 0
206 16
207 3
208 6
209 38
210 10
211 9
212 1
213 0
214 24
215 5
216 1
217 8
218 5
219 9
220 5
221 1
222 19
223 7
224 2
225 8
226 0
227 1
228 5
229 2
230 7
231 14
232 14
233 23
234 0
235 5
236 24
237 13
238 5
239 15
240 13
241 12
242 4
243 7
244 4
245 2
246 15
247 13
248 17
249 0
250 2
251 9
252 0
253 6
254 9
255 5
256 17
257 9
258 20
259 29
260 35
261 2
262 1
263 9
264 0
265 9
266 0
267 8
268 0
269 19
270 8
271 12
272 0
273 1
274 8
275 4
276 3
277 1
278 7
279 4
280 0
281 6
282 17
283 9
284 2
285 4
286 5
287 13
288 2
289 0
290 7
291 14
292 3
293 52
294 11
295 5
296 1
297 0
298 12
299 0
300 0
301 1
302 11
303 5
304 5
305 7
306 0
307 24
308 12
309 1
310 3
311 35
312 6
313 7
314 8
315 7
316 15
317 0
318 1
319 0
320 7
321 3
322 3
323 45
324 10
325 1
326 6
327 2
328 8
329 3
330 0
331 13
332 2
333 18
334 1
335 16
336 3
337 8
338 8
339 7
340 8
341 10
342 12
343 10
344 13
345 9
346 14
347 2
348 2
349 3
350 1
351 79
352 15
353 34
354 9
355 15
356 1
357 6
358 9
359 7
360 12
361 7
362 9
363 0
364 1
365 5
366 0
367 5
368 33
369 2
370 21
371 14
372 1
373 21
374 1
375 2
376 1
377 2
378 7
379 7
380 11
381 1
382 0
383 2
384 1
385 4
386 3
387 6
388 18
389 9
390 0
391 19
392 13
393 1
394 2
395 34
396 1
397 7
398 8
399 0
400 13
401 19
402 1
403 0
404 10
405 2
406 13
407 2
408 0
409 0
410 5
411 8
412 1
413 8
414 7
415 3
416 12
417 10
418 27
419 24
420 24
421 13
422 13
423 4
424 6
425 10
426 10
427 8
428 7
429 3
430 1
431 8
432 3
433 8
434 2
435 13
436 3
437 1
438 5
439 5
440 9
441 4
442 2
443 4
444 1
445 0
446 2
447 1
448 14
449 12
450 10
451 9
452 6
453 2
454 10
455 6
456 12
457 2
458 5
459 4
460 7
461 7
462 14
463 18
464 6
465 12
466 21
467 0
468 2
469 2
470 12
471 10
472 6
473 3
474 0
475 1
476 26
477 5
478 4
479 3
480 5
481 1
482 6
483 0
484 12
485 2
486 15
487 2
488 1
489 2
490 2
491 9
492 26
493 4
494 7
495 6
496 17
497 3
498 4
499 24
500 5
501 4
502 4
503 5
504 0
505 4
506 12
507 5
508 6
509 6
510 2
511 0
512 0
513 11
514 12
515 19
516 1
517 5
518 0
519 20
520 4
521 6
522 15
523 18
524 3
525 0
526 7
527 3
528 10
529 0
530 7
531 12
532 10
533 3
534 9
535 5
536 0
537 7
538 10
539 11
540 10
541 6
542 15
543 3
544 5
545 10
546 15
547 7
548 2
549 7
550 7
551 2
552 4
553 27
554 9
555 2
556 28
557 16
558 7
559 17
560 12
561 42
562 17
563 41
564 4
565 0
566 0
567 1
568 12
569 4
570 7
571 46
572 7
573 59
574 5
575 5
576 8
577 4
578 18
579 14
580 4
581 6
582 4
583 3
584 21
585 7
586 16
587 0
588 2
589 9
590 2
591 9
592 3
593 2
594 3
595 37
596 9
597 7
598 8
599 0
600 39
601 16
602 10
603 5
604 6
605 40
606 14
607 18
608 5
609 3
610 21
611 20
612 7
613 1
614 4
615 27
616 19
617 2
618 4
619 8
620 0
621 10
622 4
623 26
624 16
625 4
626 12
627 20
628 13
629 15
630 14
631 7
632 7
633 7
634 35
635 40
636 1
637 6
638 5
639 2
640 0
641 30
642 12
643 5
644 0
645 9
646 3
647 9
648 5
649 6
650 10
651 10
652 6
653 2
654 24
655 6
656 5
657 13
658 18
659 8
660 13
661 1
662 4
663 21
664 2
665 8
666 4
667 4
668 23
669 29
670 5
671 5
672 12
673 9
674 8
675 5
676 9
677 11
678 4
679 20
680 6
681 2
682 4
683 1
684 2
685 1
686 32
687 2
688 10
689 6
690 17
691 0
692 4
693 0
694 15
695 5
696 72
697 8
698 8
699 3
700 1
701 3
702 2
703 7
704 11
705 2
706 5
707 0
708 0
709 2
710 2
711 6
712 7
713 11
714 3
715 8
716 3
717 6
718 0
719 1
720 11
721 0
722 4
723 7
724 2
725 3
726 3
727 3
728 5
729 2
730 3
731 1
732 2
733 2
734 16
735 0
736 12
737 4
738 9
739 14
740 1
741 0
742 10
743 1
744 10
745 3
746 0
747 8
748 7
749 14
750 3
751 10
752 14
753 13
754 5
755 5
756 8
757 2
758 5
759 2
760 0
761 27
762 0
763 12
764 6
765 8
766 4
767 0
768 14
769 0
770 0
771 24
772 0
773 6
774 0
775 16
776 1
777 7
778 1
779 18
780 24
781 0
782 4
783 0
784 17
785 10
786 3
787 11
788 9
789 6
790 8
791 21
792 0
793 21
794 1
795 7
796 16
797 13
798 7
799 6
800 1
801 0
802 12
803 4
804 11
805 3
806 0
807 5
808 13
809 16
810 11
811 25
812 8
813 0
814 9
815 24
816 1
817 3
818 3
819 14
820 30
821 0
822 14
823 2
824 19
825 5
826 10
827 14
828 3
829 9
830 7
831 1
832 8
833 17
834 5
835 2
836 32
837 30
838 21
839 1
840 2
841 0
842 36
843 12
844 8
845 2
846 4
847 34
848 1
849 17
850 3
851 6
852 6
853 6
854 6
855 3
856 12
857 6
858 2
859 0
860 3
861 14
862 3
863 10
864 4
865 5
866 0
867 13
868 5
869 4
870 3
871 3
872 7
873 10
874 10
875 2
876 4
877 0
878 7
879 4
880 6
881 2
882 1
883 15
884 12
885 3
886 7
887 6
888 1
889 0
890 0
891 7
892 2
893 3
894 3
895 7
896 4
897 2
898 3
899 11
900 11
901 7
902 12
903 6
904 7
905 1
906 0
907 3
908 6
909 11
910 4
911 0
912 0
913 8
914 10
915 35
916 9
917 2
918 0
919 0
920 4
921 14
922 3
923 2
924 7
925 6
926 5
927 14
928 5
929 1
930 20
931 5
932 3
933 0
934 2
935 1
936 8
937 0
938 5
939 5
940 4
941 0
942 18
943 16
944 0
945 1
946 1
947 18
948 11
949 4
950 6
951 8
952 4
953 2
954 1
955 0
956 6
957 15
958 4
959 22
960 2
961 1
962 0
963 6
964 1
965 2
966 9
967 9
968 2
969 6
970 29
971 2
972 1
973 3
974 12
975 0
976 13
977 4
978 1
979 9
980 0
981 9
982 0
983 2
984 6
985 10
986 0
987 1
988 60
989 1
990 20
991 20
992 14
993 0
994 6
995 1
996 13
997 19
998 11
999 1
1000 2
1001 4
1002 12
1003 3
1004 14
1005 2
1006 2
1007 4
1008 20
1009 24
1010 3
1011 5
1012 4
1013 4
1014 15
1015 4
1016 5
1017 7
1018 0
1019 3
1020 5
1021 9
1022 4
1023 0
1024 1
1025 0
1026 0
1027 6
1028 10
1029 3
1030 4
1031 3
1032 20
1033 5
1034 12
1035 12
1036 5
1037 5
1038 0
1039 14
1040 12
1041 0
1042 10
1043 15
1044 9
1045 19
1046 27
1047 0
1048 6
1049 1
1050 2
1051 0
1052 25
1053 9
1054 6
1055 0
1056 0
1057 8
1058 11
1059 13
1060 3
1061 3
1062 0
1063 1
1064 7
1065 0
1066 9
1067 4
1068 9
1069 3
1070 1
1071 4
1072 6
1073 5
1074 6
1075 13
1076 16
1077 2
1078 38
1079 0
1080 3
1081 13
1082 20
1083 43
1084 14
1085 0
1086 2
1087 11
1088 13
1089 1
1090 22
1091 26
1092 0
1093 2
1094 3
1095 4
1096 16
1097 8
1098 16
1099 6
1100 0
1101 6
1102 1
1103 15
1104 12
1105 9
1106 8
1107 2
1108 20
1109 2
1110 0
1111 7
1112 0
1113 2
1114 1
1115 12
1116 1
1117 9
1118 3
1119 0
1120 2
1121 4
1122 20
1123 2
1124 3
1125 0
1126 17
1127 0
1128 5
1129 6
1130 6
1131 19
1132 2
1133 3
1134 4
1135 16
1136 3
1137 7
1138 4
1139 28
1140 3
1141 0
1142 12
1143 0
1144 2
1145 0
1146 10
1147 17
1148 9
1149 9
1150 0
1151 7
1152 5
1153 0
1154 2
1155 7
1156 0
1157 11
1158 2
1159 7
1160 0
1161 2
1162 2
1163 2
1164 12
1165 5
1166 7
1167 24
1168 7
1169 4
1170 10
1171 1
1172 3
1173 7
1174 4
1175 2
1176 2
1177 15
1178 13
1179 16
1180 12
1181 2
1182 1
1183 2
1184 6
1185 0
1186 0
1187 19
1188 0
1189 0
1190 11
1191 1
1192 2
1193 42
1194 2
1195 6
1196 15
1197 0
1198 2
1199 12
1200 5
1201 44
1202 0
1203 0
1204 8
1205 8
1206 3
1207 22
1208 19
1209 0
1210 3
1211 3
1212 0
1213 0
1214 1
1215 12
1216 21
1217 25
1218 1
1219 4
1220 0
1221 1
1222 10
1223 8
1224 14
1225 0
1226 0
1227 2
1228 12
1229 15
1230 8
1231 21
1232 2
1233 34
1234 2
1235 8
1236 8
1237 5
1238 10
1239 46
1240 3
1241 3
1242 3
1243 2
1244 17
1245 4
1246 7
1247 9
1248 1
1249 7
1250 10
1251 5
1252 9
1253 4
1254 3
1255 30
1256 9
1257 3
1258 3
1259 2
1260 4
1261 10
1262 1
1263 11
1264 1
1265 25
1266 8
1267 18
1268 1
1269 0
1270 4
1271 3
1272 4
1273 3
1274 20
1275 45
1276 30
1277 2
1278 48
1279 3
1280 0
1281 16
1282 0
1283 0
1284 0
1285 0
1286 13
1287 0
1288 11
1289 11
1290 1
1291 3
1292 2
1293 8
1294 12
1295 41
1296 5
1297 38
1298 6
1299 2
1300 36
1301 0
1302 5
1303 25
1304 0
1305 3
1306 1
1307 21
1308 0
1309 4
1310 6
1311 12
1312 12
1313 0
1314 11
1315 3
1316 2
1317 1
1318 17
1319 2
1320 3
1321 17
1322 9
1323 12
1324 0
1325 7
1326 31
1327 5
1328 13
1329 0
1330 1
1331 0
1332 0
1333 7
1334 13
1335 14
1336 4
1337 3
1338 15
1339 25
1340 1
1341 9
1342 7
1343 0
1344 6
1345 6
1346 23
1347 1
1348 17
1349 17
1350 3
1351 11
1352 9
1353 18
1354 4
1355 6
1356 3
1357 31
1358 3
1359 8
1360 5
1361 0
1362 2
1363 12
1364 2
1365 1
1366 22
1367 12
1368 9
1369 17
1370 14
1371 13
1372 5
1373 7
1374 12
1375 7
1376 23
1377 2
1378 4
1379 10
1380 4
1381 26
1382 10
1383 10
1384 3
1385 2
1386 10
1387 0
1388 3
1389 7
1390 2
1391 2
1392 7
1393 0
1394 42
1395 13
1396 16
1397 4
1398 2
1399 4
1400 6
1401 0
1402 4
1403 2
1404 16
1405 10
1406 4
1407 22
1408 4
1409 19
1410 14
1411 2
1412 0
1413 0
1414 5
1415 2
1416 4
1417 17
1418 8
1419 3
1420 2
1421 2
1422 1
1423 1
1424 4
1425 20
1426 5
1427 3
1428 6
1429 0
1430 31
1431 9
1432 16
1433 0
1434 5
1435 6
1436 8
1437 7
1438 2
1439 5
1440 8
1441 1
1442 0
1443 13
1444 3
1445 4
1446 0
1447 15
1448 9
1449 10
1450 10
1451 0
1452 5
1453 15
1454 5
1455 3
1456 0
1457 0
1458 4
1459 6
1460 7
1461 2
1462 9
1463 1
1464 0
1465 22
1466 5
1467 19
1468 15
1469 13
1470 9
1471 6
1472 9
1473 7
1474 9
1475 9
1476 18
1477 6
1478 6
1479 18
1480 10
1481 6
1482 6
1483 0
1484 6
1485 7
1486 4
1487 35
1488 1
1489 0
1490 12
1491 53
1492 0
1493 0
1494 10
1495 2
1496 20
1497 4
1498 2
1499 0
1500 18
1501 0
1502 0
1503 0
1504 9
1505 5
1506 3
1507 15
1508 9
1509 4
1510 3
1511 16
1512 7
1513 0
1514 14
1515 1
1516 0
1517 0
1518 0
1519 0
1520 8
1521 1
1522 12
1523 16
1524 0
1525 3
1526 4
1527 5
1528 4
1529 8
1530 1
1531 9
1532 0
1533 4
1534 2
1535 27
1536 8
1537 16
1538 3
1539 7
1540 4
1541 0
1542 0
1543 15
1544 12
1545 17
1546 0
1547 3
1548 3
1549 1
1550 0
1551 9
1552 0
1553 0
1554 8
1555 7
1556 2
1557 17
1558 7
1559 1
1560 2
1561 5
1562 7
1563 10
1564 17
1565 2
1566 5
1567 2
1568 5
1569 2
1570 1
1571 6
1572 28
1573 0
1574 2
1575 38
1576 1
1577 13
1578 4
1579 0
1580 9
1581 4
1582 1
1583 5
1584 14
1585 0
1586 0
1587 4
1588 3
1589 1
1590 10
1591 3
1592 11
1593 9
1594 9
1595 9
1596 52
1597 4
