1 1
2 1
3 3
4 41
5 24
6 79
7 1
8 2
9 33
10 0
11 1
12 2
13 2
14 2
15 21
16 70
17 52
18 45
19 3
20 0
21 2
22 1
23 5
24 6
25 5
26 5
27 3
28 4
29 3
30 8
31 13
32 6
33 2
34 8
35 10
36 9
37 16
38 7
39 12
40 4
41 20
42 2
43 6
44 1
45 7
46 2
47 4
48 1
49 45
50 2
51 5
52 0
53 81
54 2
55 6
56 4
57 2
58 3
59 5
60 7
61 10
62 36
63 96
64 4
65 2
66 8
67 2
68 3
69 5
70 5
71 1
72 4
73 1
74 5
75 5
76 3
77 1
78 2
79 4
80 3
81 1
82 2
83 1
84 3
85 7
86 3
87 13
88 9
89 8
90 6
91 2
92 10
93 11
94 51
95 42
96 6
97 2
98 1
99 4
100 21
101 15
102 3
103 7
104 0
105 2
106 3
107 11
108 8
109 2
110 3
111 2
112 12
113 1
114 9
115 1
116 9
117 4
118 2
119 1
120 4
121 1
122 1
123 3
124 3
125 6
126 6
127 3
128 4
129 6
130 3
131 2
132 6
133 7
134 15
135 28
136 4
137 3
138 3
139 3
140 4
141 7
142 8
143 2
144 1
145 1
146 29
147 7
148 8
149 4
150 4
151 5
152 6
153 6
154 11
155 0
156 3
157 1
158 10
159 4
160 7
161 6
162 1
163 1
164 1
165 0
166 29
167 9
168 39
169 7
170 5
171 7
172 12
173 6
174 7
175 11
176 4
177 16
178 13
179 9
180 4
181 5
182 2
183 11
184 1
185 3
186 1
187 4
188 20
189 2
190 3
191 5
192 2
193 1
194 11
195 6
196 7
197 3
198 2
199 11
200 2
201 8
202 1
203 4
204 2
205 6
206 6
207 33
208 25
209 5
210 2
211 4
212 2
213 2
214 2
215 3
216 7
217 6
218 6
219 4
220 7
221 3
222 22
223 33
224 6
225 9
226 1
227 11
228 4
229 1
230 0
231 7
232 4
233 16
234 5
235 8
236 53
237 12
238 88
239 8
240 3
241 11
242 1
243 4
244 0
245 3
246 7
247 2
248 3
249 8
250 9
251 41
252 5
253 6
254 4
255 26
256 3
257 11
258 4
259 14
260 22
261 31
262 3
263 5
264 3
265 20
266 11
267 8
268 2
269 1
270 4
271 11
272 2
273 7
274 3
275 3
276 1
277 1
278 10
279 5
280 4
281 8
282 4
283 4
284 4
285 5
286 5
287 5
288 2
289 2
290 2
291 105
292 10
293 3
294 5
295 13
296 8
297 5
298 3
299 14
300 0
301 2
302 3
303 3
304 2
305 0
306 2
307 3
308 4
309 1
310 1
311 1
312 5
313 3
314 5
315 3
316 4
317 2
318 2
319 29
320 4
321 9
322 4
323 9
324 2
325 3
326 4
327 4
328 4
329 4
330 5
331 2
332 21
333 15
334 59
335 13
336 13
337 34
338 12
339 5
340 3
341 1
342 5
343 25
344 3
345 0
346 7
347 0
348 1
349 5
350 0
351 5
352 1
353 6
354 0
355 1
356 7
357 5
358 2
359 8
360 10
361 10
362 5
363 14
364 9
365 57
366 5
367 10
368 8
369 7
370 3
371 6
372 0
373 2
374 2
375 1
376 5
377 12
378 3
379 6
380 10
381 18
382 46
383 12
384 29
385 9
386 4
387 14
388 4
389 8
390 5
391 9
392 9
393 53
394 4
395 5
396 12
397 8
398 10
399 1
400 5
401 12
402 18
403 16
404 27
405 15
406 7
407 38
408 2
409 1
410 46
411 11
412 3
413 10
414 8
415 12
416 2
417 34
418 12
419 13
420 5
421 3
422 4
423 5
424 16
425 11
426 3
427 5
428 3
429 1
430 7
431 4
432 4
433 4
434 5
435 11
436 20
437 12
438 2
439 26
440 27
441 1
442 4
443 2
444 11
445 4
446 20
447 4
448 8
449 7
450 7
451 7
452 5
453 3
454 15
455 15
456 17
457 2
458 52
459 20
460 10
461 134
462 7
463 9
464 6
465 12
466 13
467 5
468 3
469 2
470 6
471 7
472 3
473 12
474 4
475 7
476 6
477 30
478 21
479 0
480 2
481 1
482 3
483 0
484 2
485 0
486 1
487 5
488 3
489 3
490 7
491 3
492 3
493 12
494 4
495 5
496 111
497 0
498 7
499 1
500 3
501 0
502 13
503 40
504 5
505 3
506 3
507 2
508 9
509 16
510 2
511 3
512 1
513 4
514 20
515 6
516 15
517 4
518 2
519 1
520 2
521 4
522 7
523 20
524 4
525 2
526 2
527 2
528 3
529 17
530 47
531 3
532 5
533 1
534 8
535 11
536 10
537 9
538 34
539 57
540 20
541 4
542 4
543 2
544 7
545 7
546 5
547 37
548 7
549 18
550 94
551 1
552 107
553 6
554 4
555 2
556 7
557 3
558 2
559 3
560 2
561 52
562 6
563 19
564 4
565 3
566 21
567 7
568 44
569 2
570 5
571 50
572 5
573 20
574 60
575 7
576 8
577 4
578 1
579 45
580 19
581 70
582 83
583 8
584 6
585 1
586 4
587 2
588 9
589 4
590 3
591 6
592 1
593 33
594 1
595 21
596 13
597 7
598 7
599 3
600 3
601 4
602 3
603 1
604 5
605 10
606 5
607 5
608 2
609 12
610 3
611 9
612 3
613 7
614 7
615 5
616 1
617 2
618 28
619 2
620 2
621 2
622 1
623 2
624 4
625 1
626 23
627 4
628 2
629 2
630 3
631 8
632 2
633 11
634 9
635 3
636 7
637 9
638 24
639 6
640 4
641 4
642 3
643 3
644 3
645 6
646 1
647 8
648 10
649 4
650 78
651 5
652 10
653 2
654 8
655 4
656 0
657 0
658 2
659 11
660 49
661 12
662 8
663 6
664 5
665 5
666 7
667 1
668 105
669 3
670 4
671 19
672 3
673 4
674 2
675 3
676 0
677 5
678 2
679 8
680 4
681 1
682 5
683 9
684 2
685 5
686 6
687 8
688 10
689 2
690 18
691 2
692 5
693 4
694 21
695 6
696 25
697 5
698 10
699 7
700 5
701 4
702 1
703 5
704 7
705 7
706 8
707 3
708 15
709 4
710 2
711 14
712 3
713 3
714 39
715 12
716 5
717 72
718 5
719 5
720 6
721 2
722 6
723 41
724 15
725 31
726 0
727 2
728 2
729 9
730 11
731 3
732 10
733 3
734 5
735 4
736 7
737 10
738 13
739 8
740 5
741 5
742 5
743 10
744 7
745 6
746 2
747 10
748 10
749 50
750 6
751 10
752 10
753 11
754 22
755 5
756 2
757 6
758 3
759 21
760 4
761 4
762 6
763 14
764 4
765 15
766 3
767 13
768 20
769 2
770 5
771 7
772 5
773 55
774 19
775 15
776 5
777 8
778 8
779 3
780 5
781 1
782 3
783 8
784 7
785 4
786 17
787 7
788 20
789 4
790 41
791 3
792 1
793 14
794 2
795 5
796 10
797 13
798 6
799 4
800 5
801 1
802 15
803 11
804 10
805 5
806 3
807 1
808 3
809 3
810 15
811 7
812 6
813 1
814 6
815 6
816 7
817 3
818 6
819 0
820 5
821 2
822 6
823 5
824 2
825 5
826 27
827 4
828 64
829 9
830 7
831 4
832 7
833 13
834 15
835 4
836 4
837 4
838 4
839 5
840 1
841 3
842 7
843 3
844 5
845 3
846 2
847 8
848 7
849 2
850 10
851 3
852 1
853 6
854 2
855 3
856 7
857 6
858 3
859 2
860 1
861 37
862 8
863 5
864 10
865 2
866 0
867 7
868 15
869 4
870 3
871 5
872 6
873 4
874 2
875 0
876 0
877 3
878 13
879 3
880 0
881 11
882 34
883 7
884 12
885 1
886 13
887 7
888 2
889 2
890 14
891 7
892 4
893 3
894 2
895 6
896 0
897 0
898 33
899 13
900 11
901 6
902 0
903 0
904 4
905 2
906 0
907 2
908 9
909 1
910 28
911 5
912 16
913 2
914 1
915 2
916 2
917 15
918 4
919 1
920 9
921 2
922 11
923 2
924 2
925 2
926 9
927 1
928 4
929 1
930 5
931 3
932 0
933 4
934 4
935 21
936 1
937 1
938 3
939 19
940 1
941 2
942 4
943 2
944 3
945 1
946 1
947 2
948 6
949 54
950 6
951 3
952 1
953 5
954 6
955 5
956 4
957 5
958 2
959 15
960 1
961 1
962 30
963 5
964 9
965 21
966 55
967 4
968 9
969 4
970 4
971 7
972 6
973 2
974 9
975 7
976 2
977 3
978 48
979 3
980 2
981 57
982 1
983 4
984 2
985 4
986 3
987 15
988 6
989 0
990 2
991 3
992 2
993 2
994 9
995 2
996 2
997 8
998 2
999 2
1000 2
1001 6
1002 5
1003 17
1004 3
1005 4
1006 5
1007 4
1008 7
1009 2
1010 40
1011 3
1012 5
1013 3
1014 9
1015 11
1016 1
1017 0
1018 1
1019 5
1020 8
1021 3
1022 7
1023 18
1024 38
1025 1
1026 3
1027 5
1028 1
1029 3
1030 1
1031 1
1032 14
1033 5
1034 9
1035 4
1036 2
1037 3
1038 2
1039 6
1040 9
1041 6
1042 10
1043 41
1044 2
1045 4
1046 3
1047 1
1048 16
1049 0
1050 2
1051 7
1052 7
1053 4
1054 10
1055 24
1056 5
1057 0
1058 9
1059 8
1060 4
1061 5
1062 2
1063 3
1064 11
1065 2
1066 6
1067 3
1068 10
1069 7
1070 5
1071 15
1072 0
1073 7
1074 2
1075 6
1076 11
1077 9
1078 3
1079 1
1080 10
1081 5
1082 21
1083 2
1084 16
1085 3
1086 3
1087 3
1088 12
1089 3
1090 4
1091 8
1092 3
1093 3
1094 7
1095 2
1096 10
1097 6
1098 4
1099 3
1100 1
1101 0
1102 4
1103 11
1104 10
1105 6
1106 1
1107 10
1108 12
1109 3
1110 8
1111 6
1112 3
1113 6
1114 3
1115 1
1116 3
1117 3
1118 1
1119 1
1120 2
1121 3
1122 0
1123 2
1124 2
1125 3
1126 5
1127 1
1128 1
1129 1
1130 7
1131 13
1132 1
1133 1
1134 3
1135 0
1136 0
1137 3
1138 0
1139 2
1140 0
1141 2
1142 8
1143 1
1144 18
1145 0
1146 2
1147 13
1148 1
1149 2
1150 1
1151 1
1152 8
1153 2
1154 8
1155 7
1156 5
1157 2
1158 6
1159 7
1160 0
1161 3
1162 2
1163 33
1164 1
1165 2
1166 1
1167 0
1168 5
1169 3
1170 3
1171 7
1172 6
1173 2
1174 5
1175 1
1176 4
1177 2
1178 120
1179 10
1180 1
1181 0
1182 4
1183 2
1184 6
1185 2
1186 4
1187 2
1188 13
1189 4
1190 4
1191 4
1192 11
1193 14
1194 2
1195 5
1196 2
1197 4
1198 3
1199 8
1200 5
1201 10
1202 13
1203 4
1204 6
1205 2
1206 1
1207 10
1208 8
1209 8
1210 12
1211 0
1212 1
1213 3
1214 1
1215 4
1216 5
1217 2
1218 2
1219 9
1220 6
1221 3
1222 5
1223 20
1224 20
1225 17
1226 4
1227 1
1228 9
1229 2
1230 3
1231 3
1232 4
1233 8
1234 7
1235 1
1236 6
1237 0
1238 3
1239 10
1240 2
1241 12
1242 109
1243 21
1244 15
1245 45
1246 58
1247 31
1248 4
1249 2
1250 71
1251 6
1252 8
1253 2
1254 7
1255 3
1256 2
1257 6
1258 4
1259 0
1260 5
1261 13
1262 5
1263 5
1264 5
1265 4
1266 5
1267 17
1268 3
1269 4
1270 7
1271 13
1272 6
1273 12
1274 6
1275 6
1276 7
1277 2
1278 18
1279 12
1280 8
1281 7
1282 21
1283 1
1284 4
1285 14
1286 7
1287 2
1288 2
1289 3
1290 4
1291 2
1292 7
1293 18
1294 78
1295 14
1296 9
1297 17
1298 8
1299 2
1300 25
1301 1
1302 17
1303 14
1304 29
1305 6
1306 15
1307 37
1308 5
1309 4
1310 4
1311 5
1312 1
1313 5
1314 33
1315 4
1316 6
1317 5
1318 3
1319 8
1320 8
1321 13
1322 4
1323 15
1324 3
1325 4
1326 16
1327 26
1328 16
1329 13
1330 9
1331 2
1332 17
1333 1
1334 14
1335 39
1336 4
1337 9
1338 11
1339 12
1340 8
1341 5
1342 1
1343 8
1344 13
1345 8
1346 15
1347 3
1348 4
1349 20
1350 4
1351 14
1352 7
1353 11
1354 13
1355 5
1356 6
1357 5
1358 26
1359 3
1360 5
1361 7
1362 83
1363 5
1364 4
1365 12
1366 3
1367 8
1368 9
1369 7
1370 3
1371 8
1372 8
1373 13
1374 3
1375 5
1376 13
1377 16
1378 3
1379 15
1380 7
1381 8
1382 5
1383 9
1384 8
1385 3
1386 4
1387 4
1388 23
1389 3
1390 10
1391 3
1392 8
1393 3
1394 12
1395 9
1396 10
1397 11
1398 6
1399 14
1400 2
1401 11
1402 8
1403 3
1404 13
1405 26
1406 12
1407 7
1408 7
1409 12
1410 9
1411 9
1412 17
1413 68
1414 3
1415 11
1416 8
1417 10
1418 110
1419 10
1420 11
1421 2
1422 18
1423 16
1424 21
1425 9
1426 1
1427 4
1428 55
1429 19
1430 14
1431 5
1432 10
1433 3
1434 22
1435 1
1436 16
1437 11
1438 2
1439 3
1440 3
1441 5
1442 4
1443 7
1444 1
1445 15
1446 1
1447 38
1448 10
1449 7
1450 5
1451 6
1452 4
1453 2
1454 2
1455 4
1456 1
1457 1
1458 23
1459 9
1460 17
1461 4
1462 18
1463 3
1464 8
1465 6
1466 4
1467 9
1468 9
1469 8
1470 13
1471 5
1472 9
1473 11
1474 7
1475 11
1476 20
1477 3
1478 6
1479 2
1480 7
1481 8
1482 1
1483 14
1484 10
1485 5
1486 47
1487 9
1488 9
1489 2
1490 16
1491 1
1492 5
1493 2
1494 5
1495 7
1496 3
1497 7
1498 5
1499 8
1500 2
1501 16
1502 3
1503 5
1504 2
1505 3
1506 3
1507 2
1508 4
1509 4
1510 4
1511 28
1512 2
1513 1
1514 8
1515 0
1516 9
1517 0
1518 29
1519 1
1520 2
1521 2
1522 7
1523 9
1524 2
1525 3
1526 13
1527 6
1528 41
1529 2
1530 23
1531 3
1532 0
1533 0
1534 1
1535 21
1536 1
1537 3
1538 1
1539 3
1540 1
1541 1
1542 9
1543 0
1544 6
1545 5
1546 1
1547 1
1548 4
1549 4
1550 2
1551 5
1552 4
1553 24
1554 1
1555 1
1556 9
1557 141
1558 1
1559 0
1560 1
1561 108
1562 16
1563 1
1564 0
1565 16
1566 102
1567 2
1568 3
1569 12
1570 3
1571 28
1572 17
1573 2
1574 11
1575 3
1576 1
1577 4
1578 7
1579 5
1580 27
1581 17
1582 2
1583 7
1584 10
1585 4
1586 1
1587 2
1588 85
1589 2
1590 51
1591 1
1592 2
1593 2
1594 3
1595 6
1596 20
1597 5
