1 0
2 0
3 3
4 11
5 20
6 6
7 0
8 0
9 1
10 0
11 0
12 1
13 0
14 1
15 4
16 6
17 6
18 7
19 4
20 0
21 16
22 4
23 1
24 23
25 14
26 20
27 7
28 6
29 8
30 1
31 10
32 9
33 2
34 2
35 46
36 26
37 34
38 4
39 9
40 5
41 4
42 5
43 21
44 8
45 18
46 15
47 5
48 35
49 8
50 21
51 19
52 4
53 16
54 4
55 5
56 20
57 0
58 21
59 15
60 37
61 22
62 30
63 8
64 0
65 15
66 0
67 0
68 1
69 13
70 12
71 1
72 13
73 19
74 10
75 15
76 5
77 5
78 1
79 11
80 6
81 21
82 0
83 13
84 3
85 3
86 2
87 2
88 0
89 22
90 21
91 1
92 3
93 2
94 4
95 1
96 14
97 2
98 0
99 0
100 0
101 1
102 1
103 35
104 1
105 0
106 10
107 2
108 20
109 1
110 3
111 0
112 6
113 1
114 7
115 1
116 4
117 2
118 8
119 9
120 4
121 2
122 4
123 5
124 6
125 2
126 3
127 2
128 14
129 2
130 4
131 7
132 4
133 4
134 10
135 49
136 9
137 0
138 7
139 5
140 7
141 2
142 1
143 7
144 0
145 8
146 3
147 7
148 3
149 2
150 4
151 7
152 0
153 2
154 3
155 0
156 2
157 8
158 5
159 5
160 0
161 7
162 0
163 17
164 6
165 8
166 27
167 6
168 2
169 11
170 6
171 12
172 1
173 1
174 0
175 14
176 1
177 13
178 2
179 10
180 27
181 8
182 3
183 5
184 1
185 5
186 7
187 0
188 14
189 0
190 1
191 38
192 1
193 8
194 2
195 5
196 1
197 12
198 5
199 2
200 6
201 1
202 8
203 5
204 3
205 1
206 8
207 0
208 28
209 5
210 4
211 3
212 3
213 0
214 0
215 4
216 0
217 15
218 20
219 12
220 2
221 0
222 10
223 3
224 3
225 4
226 0
227 3
228 10
229 6
230 7
231 10
232 14
233 11
234 0
235 1
236 16
237 12
238 10
239 9
240 17
241 6
242 1
243 5
244 1
245 0
246 5
247 1
248 27
249 0
250 5
251 4
252 0
253 38
254 3
255 1
256 20
257 11
258 11
259 16
260 9
261 0
262 0
263 7
264 0
265 6
266 0
267 6
268 0
269 8
270 0
271 7
272 0
273 5
274 0
275 26
276 4
277 0
278 2
279 0
280 10
281 10
282 0
283 14
284 1
285 2
286 1
287 22
288 0
289 0
290 11
291 9
292 0
293 22
294 4
295 22
296 4
297 0
298 13
299 1
300 7
301 0
302 6
303 5
304 0
305 1
306 1
307 50
308 32
309 10
310 2
311 18
312 1
313 11
314 36
315 12
316 26
317 0
318 1
319 1
320 2
321 8
322 0
323 21
324 14
325 0
326 2
327 18
328 5
329 8
330 0
331 5
332 7
333 11
334 19
335 15
336 1
337 10
338 4
339 15
340 3
341 5
342 17
343 6
344 11
345 5
346 15
347 4
348 3
349 0
350 3
351 9
352 5
353 5
354 2
355 38
356 6
357 0
358 6
359 14
360 7
361 9
362 13
363 1
364 4
365 14
366 0
367 1
368 1
369 0
370 2
371 22
372 0
373 1
374 1
375 0
376 0
377 38
378 0
379 3
380 18
381 17
382 0
383 4
384 4
385 5
386 0
387 10
388 0
389 19
390 0
391 8
392 5
393 4
394 1
395 4
396 3
397 6
398 8
399 0
400 8
401 7
402 8
403 2
404 2
405 3
406 17
407 9
408 2
409 0
410 9
411 3
412 17
413 4
414 12
415 7
416 9
417 4
418 15
419 15
420 3
421 8
422 4
423 1
424 2
425 1
426 0
427 7
428 15
429 1
430 2
431 1
432 7
433 4
434 0
435 0
436 0
437 2
438 5
439 8
440 6
441 11
442 2
443 4
444 0
445 0
446 2
447 8
448 9
449 11
450 4
451 6
452 1
453 3
454 6
455 11
456 2
457 5
458 6
459 2
460 6
461 5
462 11
463 24
464 13
465 0
466 9
467 7
468 2
469 1
470 5
471 8
472 4
473 12
474 0
475 5
476 12
477 8
478 4
479 0
480 9
481 0
482 4
483 0
484 2
485 21
486 2
487 0
488 1
489 3
490 5
491 2
492 0
493 5
494 19
495 1
496 8
497 0
498 11
499 1
500 4
501 5
502 6
503 3
504 0
505 6
506 6
507 2
508 4
509 3
510 3
511 4
512 2
513 5
514 0
515 1
516 3
517 2
518 0
519 2
520 2
521 2
522 18
523 9
524 0
525 0
526 8
527 0
528 0
529 4
530 9
531 1
532 0
533 3
534 0
535 0
536 10
537 11
538 7
539 14
540 17
541 4
542 6
543 1
544 4
545 1
546 0
547 9
548 0
549 4
550 6
551 1
552 6
553 12
554 8
555 3
556 15
557 12
558 6
559 22
560 8
561 4
562 14
563 4
564 4
565 1
566 10
567 5
568 9
569 12
570 3
571 3
572 5
573 19
574 9
575 2
576 1
577 1
578 3
579 10
580 4
581 3
582 0
583 8
584 4
585 0
586 7
587 0
588 7
589 4
590 4
591 5
592 5
593 12
594 9
595 4
596 4
597 11
598 2
599 1
600 11
601 13
602 1
603 3
604 8
605 8
606 9
607 12
608 2
609 11
610 12
611 37
612 0
613 2
614 23
615 18
616 10
617 8
618 0
619 9
620 0
621 15
622 28
623 13
624 3
625 29
626 19
627 28
628 6
629 2
630 9
631 0
632 2
633 3
634 7
635 2
636 0
637 9
638 4
639 0
640 2
641 7
642 8
643 12
644 0
645 9
646 2
647 10
648 7
649 4
650 2
651 15
652 2
653 0
654 9
655 4
656 13
657 0
658 2
659 7
660 19
661 6
662 3
663 5
664 1
665 2
666 4
667 32
668 8
669 14
670 12
671 7
672 8
673 14
674 3
675 5
676 8
677 14
678 3
679 2
680 6
681 1
682 2
683 0
684 7
685 12
686 4
687 0
688 6
689 3
690 0
691 1
692 9
693 6
694 5
695 10
696 13
697 14
698 6
699 1
700 3
701 6
702 10
703 10
704 23
705 3
706 2
707 3
708 1
709 4
710 0
711 39
712 3
713 7
714 7
715 15
716 6
717 11
718 0
719 11
720 2
721 2
722 3
723 5
724 1
725 0
726 28
727 6
728 3
729 1
730 3
731 2
732 11
733 4
734 23
735 0
736 1
737 10
738 6
739 6
740 0
741 1
742 12
743 7
744 15
745 1
746 3
747 3
748 2
749 7
750 10
751 10
752 9
753 3
754 12
755 13
756 7
757 2
758 3
759 0
760 1
761 7
762 1
763 16
764 6
765 3
766 4
767 2
768 17
769 0
770 0
771 0
772 0
773 0
774 2
775 9
776 1
777 13
778 6
779 8
780 40
781 0
782 0
783 0
784 5
785 0
786 3
787 3
788 37
789 1
790 1
791 3
792 1
793 7
794 5
795 4
796 6
797 23
798 0
799 9
800 7
801 1
802 6
803 9
804 5
805 4
806 0
807 0
808 0
809 4
810 2
811 6
812 17
813 2
814 6
815 9
816 1
817 9
818 7
819 3
820 26
821 0
822 17
823 2
824 5
825 8
826 3
827 6
828 1
829 3
830 24
831 4
832 8
833 7
834 2
835 12
836 6
837 14
838 5
839 3
840 0
841 2
842 3
843 6
844 27
845 2
846 26
847 17
848 7
849 35
850 2
851 5
852 0
853 9
854 4
855 9
856 15
857 2
858 2
859 5
860 4
861 11
862 3
863 32
864 4
865 5
866 0
867 70
868 7
869 20
870 10
871 13
872 5
873 5
874 13
875 3
876 0
877 3
878 36
879 5
880 5
881 4
882 1
883 0
884 1
885 0
886 5
887 5
888 2
889 0
890 6
891 0
892 0
893 11
894 2
895 3
896 1
897 4
898 37
899 3
900 4
901 5
902 1
903 2
904 2
905 1
906 0
907 18
908 36
909 10
910 6
911 1
912 8
913 0
914 5
915 2
916 4
917 2
918 4
919 4
920 5
921 2
922 1
923 8
924 1
925 1
926 1
927 13
928 20
929 0
930 4
931 7
932 0
933 2
934 6
935 6
936 9
937 4
938 13
939 4
940 0
941 2
942 3
943 0
944 0
945 2
946 3
947 6
948 0
949 3
950 0
951 0
952 7
953 1
954 0
955 1
956 5
957 15
958 12
959 15
960 2
961 7
962 4
963 4
964 1
965 8
966 7
967 2
968 11
969 8
970 32
971 4
972 6
973 7
974 15
975 13
976 19
977 39
978 2
979 1
980 5
981 2
982 3
983 2
984 2
985 20
986 0
987 19
988 21
989 2
990 24
991 34
992 20
993 1
994 20
995 35
996 21
997 19
998 5
999 2
1000 1
1001 10
1002 35
1003 2
1004 10
1005 0
1006 15
1007 0
1008 16
1009 52
1010 2
1011 1
1012 14
1013 0
1014 59
1015 6
1016 8
1017 11
1018 1
1019 5
1020 0
1021 13
1022 1
1023 1
1024 11
1025 1
1026 7
1027 12
1028 1
1029 15
1030 58
1031 2
1032 14
1033 2
1034 4
1035 6
1036 34
1037 2
1038 0
1039 1
1040 2
1041 1
1042 2
1043 3
1044 0
1045 6
1046 1
1047 2
1048 6
1049 1
1050 1
1051 25
1052 3
1053 1
1054 16
1055 1
1056 1
1057 2
1058 14
1059 5
1060 12
1061 5
1062 0
1063 6
1064 4
1065 0
1066 2
1067 1
1068 6
1069 7
1070 0
1071 9
1072 3
1073 2
1074 8
1075 2
1076 44
1077 4
1078 2
1079 5
1080 14
1081 11
1082 9
1083 21
1084 8
1085 1
1086 1
1087 20
1088 6
1089 0
1090 18
1091 12
1092 1
1093 0
1094 18
1095 0
1096 5
1097 1
1098 8
1099 53
1100 2
1101 10
1102 1
1103 6
1104 19
1105 37
1106 32
1107 3
1108 0
1109 3
1110 0
1111 31
1112 0
1113 0
1114 0
1115 2
1116 0
1117 3
1118 8
1119 0
1120 0
1121 2
1122 3
1123 0
1124 1
1125 2
1126 19
1127 2
1128 9
1129 0
1130 21
1131 96
1132 0
1133 5
1134 8
1135 3
1136 1
1137 2
1138 0
1139 3
1140 2
1141 3
1142 4
1143 1
1144 2
1145 9
1146 4
1147 1
1148 3
1149 4
1150 6
1151 31
1152 8
1153 2
1154 4
1155 10
1156 25
1157 0
1158 9
1159 15
1160 1
1161 4
1162 0
1163 8
1164 1
1165 4
1166 6
1167 6
1168 4
1169 1
1170 1
1171 1
1172 0
1173 4
1174 22
1175 4
1176 1
1177 4
1178 9
1179 4
1180 62
1181 2
1182 10
1183 0
1184 6
1185 0
1186 0
1187 5
1188 3
1189 6
1190 9
1191 7
1192 19
1193 5
1194 1
1195 0
1196 1
1197 0
1198 6
1199 22
1200 5
1201 22
1202 6
1203 0
1204 3
1205 8
1206 6
1207 0
1208 13
1209 2
1210 4
1211 12
1212 0
1213 0
1214 4
1215 3
1216 14
1217 9
1218 7
1219 16
1220 0
1221 1
1222 8
1223 16
1224 13
1225 2
1226 0
1227 0
1228 5
1229 1
1230 3
1231 22
1232 0
1233 7
1234 11
1235 0
1236 4
1237 8
1238 12
1239 11
1240 11
1241 4
1242 7
1243 2
1244 3
1245 0
1246 0
1247 16
1248 7
1249 1
1250 2
1251 3
1252 10
1253 4
1254 3
1255 7
1256 0
1257 13
1258 3
1259 1
1260 6
1261 16
1262 8
1263 9
1264 0
1265 35
1266 10
1267 8
1268 2
1269 0
1270 3
1271 5
1272 5
1273 2
1274 6
1275 7
1276 1
1277 4
1278 30
1279 0
1280 2
1281 35
1282 0
1283 2
1284 0
1285 0
1286 14
1287 0
1288 1
1289 4
1290 0
1291 2
1292 5
1293 4
1294 12
1295 2
1296 2
1297 18
1298 8
1299 0
1300 14
1301 1
1302 2
1303 7
1304 0
1305 3
1306 3
1307 11
1308 0
1309 8
1310 12
1311 8
1312 6
1313 1
1314 3
1315 0
1316 0
1317 0
1318 3
1319 3
1320 22
1321 2
1322 3
1323 8
1324 0
1325 6
1326 20
1327 2
1328 19
1329 1
1330 2
1331 0
1332 0
1333 7
1334 14
1335 4
1336 1
1337 0
1338 3
1339 26
1340 4
1341 0
1342 1
1343 2
1344 11
1345 2
1346 0
1347 0
1348 2
1349 6
1350 5
1351 13
1352 8
1353 10
1354 4
1355 14
1356 4
1357 14
1358 0
1359 18
1360 4
1361 0
1362 3
1363 7
1364 9
1365 5
1366 1
1367 4
1368 9
1369 8
1370 3
1371 2
1372 1
1373 1
1374 7
1375 6
1376 24
1377 1
1378 1
1379 21
1380 5
1381 13
1382 5
1383 4
1384 30
1385 9
1386 5
1387 0
1388 1
1389 0
1390 15
1391 0
1392 0
1393 0
1394 9
1395 9
1396 10
1397 2
1398 1
1399 0
1400 2
1401 1
1402 5
1403 4
1404 13
1405 10
1406 33
1407 8
1408 1
1409 25
1410 7
1411 1
1412 4
1413 12
1414 6
1415 14
1416 0
1417 9
1418 7
1419 3
1420 0
1421 5
1422 8
1423 7
1424 3
1425 10
1426 0
1427 6
1428 4
1429 11
1430 8
1431 3
1432 9
1433 2
1434 0
1435 8
1436 22
1437 0
1438 2
1439 4
1440 7
1441 4
1442 1
1443 2
1444 3
1445 0
1446 6
1447 6
1448 9
1449 45
1450 9
1451 1
1452 13
1453 7
1454 11
1455 11
1456 4
1457 0
1458 5
1459 15
1460 6
1461 3
1462 3
1463 1
1464 0
1465 8
1466 30
1467 67
1468 11
1469 2
1470 18
1471 15
1472 9
1473 8
1474 9
1475 2
1476 32
1477 8
1478 2
1479 4
1480 20
1481 7
1482 13
1483 8
1484 1
1485 2
1486 4
1487 22
1488 17
1489 0
1490 13
1491 7
1492 2
1493 0
1494 8
1495 9
1496 9
1497 4
1498 0
1499 0
1500 4
1501 4
1502 1
1503 1
1504 1
1505 3
1506 0
1507 59
1508 26
1509 1
1510 1
1511 17
1512 4
1513 0
1514 1
1515 0
1516 0
1517 2
1518 12
1519 2
1520 15
1521 14
1522 15
1523 14
1524 9
1525 7
1526 1
1527 5
1528 12
1529 7
1530 4
1531 5
1532 5
1533 2
1534 0
1535 16
1536 36
1537 40
1538 4
1539 1
1540 0
1541 0
1542 0
1543 16
1544 1
1545 1
1546 0
1547 9
1548 0
1549 3
1550 1
1551 3
1552 3
1553 4
1554 13
1555 3
1556 0
1557 18
1558 2
1559 0
1560 18
1561 12
1562 17
1563 10
1564 4
1565 7
1566 4
1567 0
1568 1
1569 0
1570 0
1571 5
1572 18
1573 5
1574 1
1575 4
1576 2
1577 46
1578 6
1579 2
1580 2
1581 1
1582 2
1583 4
1584 0
1585 0
1586 0
1587 5
1588 12
1589 1
1590 10
1591 7
1592 5
1593 18
1594 11
1595 3
1596 19
1597 0
