1 0
2 0
3 21
4 15
5 19
6 15
7 3
8 0
9 14
10 0
11 0
12 11
13 3
14 9
15 0
16 13
17 26
18 15
19 4
20 4
21 3
22 6
23 0
24 22
25 11
26 0
27 20
28 5
29 0
30 3
31 20
32 9
33 0
34 3
35 18
36 3
37 6
38 5
39 4
40 4
41 0
42 3
43 11
44 7
45 19
46 5
47 0
48 20
49 0
50 4
51 23
52 0
53 2
54 1
55 3
56 18
57 0
58 6
59 1
60 7
61 18
62 23
63 2
64 3
65 6
66 5
67 0
68 1
69 3
70 14
71 0
72 87
73 266
74 35
75 73
76 10
77 10
78 17
79 28
80 95
81 89
82 26
83 99
84 3
85 4
86 7
87 14
88 3
89 49
90 22
91 1
92 10
93 16
94 7
95 7
96 25
97 12
98 4
99 7
100 10
101 8
102 5
103 52
104 0
105 4
106 7
107 0
108 4
109 8
110 2
111 3
112 13
113 6
114 3
115 1
116 10
117 36
118 9
119 7
120 41
121 7
122 1
123 16
124 34
125 4
126 7
127 11
128 68
129 7
130 31
131 10
132 5
133 2
134 1
135 0
136 46
137 14
138 13
139 4
140 7
141 7
142 0
143 0
144 12
145 9
146 3
147 8
148 15
149 4
150 7
151 12
152 1
153 11
154 2
155 0
156 0
157 1
158 6
159 31
160 0
161 0
162 4
163 23
164 0
165 17
166 13
167 3
168 21
169 12
170 1
171 5
172 49
173 5
174 0
175 5
176 2
177 5
178 4
179 13
180 13
181 1
182 8
183 4
184 14
185 10
186 2
187 0
188 9
189 4
190 0
191 1
192 0
193 4
194 9
195 4
196 1
197 1
198 17
199 0
200 0
201 2
202 1
203 7
204 2
205 2
206 27
207 5
208 4
209 22
210 5
211 0
212 0
213 0
214 7
215 4
216 1
217 30
218 31
219 12
220 7
221 1
222 8
223 1
224 0
225 15
226 0
227 0
228 5
229 0
230 6
231 9
232 7
233 5
234 0
235 0
236 3
237 18
238 3
239 6
240 3
241 4
242 12
243 2
244 6
245 0
246 13
247 7
248 56
249 4
250 0
251 1
252 0
253 4
254 9
255 0
256 7
257 20
258 4
259 22
260 1
261 0
262 1
263 7
264 0
265 26
266 0
267 26
268 0
269 1
270 0
271 70
272 9
273 0
274 2
275 16
276 1
277 0
278 9
279 0
280 2
281 25
282 3
283 4
284 11
285 1
286 1
287 8
288 2
289 0
290 9
291 9
292 0
293 14
294 2
295 3
296 25
297 2
298 5
299 0
300 2
301 0
302 2
303 7
304 0
305 16
306 2
307 26
308 20
309 10
310 2
311 7
312 9
313 13
314 13
315 11
316 17
317 0
318 14
319 4
320 14
321 7
322 2
323 32
324 5
325 0
326 4
327 10
328 13
329 2
330 1
331 13
332 10
333 22
334 4
335 7
336 3
337 3
338 3
339 9
340 4
341 10
342 12
343 17
344 17
345 4
346 11
347 25
348 1
349 0
350 0
351 26
352 16
353 10
354 1
355 4
356 2
357 1
358 46
359 15
360 2
361 7
362 3
363 0
364 1
365 0
366 0
367 7
368 0
369 0
370 8
371 18
372 0
373 7
374 1
375 11
376 1
377 5
378 11
379 4
380 9
381 22
382 0
383 0
384 3
385 39
386 16
387 13
388 1
389 5
390 2
391 24
392 35
393 3
394 3
395 10
396 2
397 15
398 31
399 1
400 6
401 11
402 1
403 6
404 16
405 22
406 5
407 1
408 0
409 0
410 1
411 13
412 0
413 9
414 2
415 12
416 12
417 10
418 7
419 29
420 25
421 18
422 3
423 2
424 0
425 7
426 5
427 4
428 12
429 0
430 1
431 2
432 4
433 25
434 1
435 1
436 4
437 0
438 1
439 8
440 10
441 11
442 0
443 17
444 0
445 0
446 13
447 1
448 11
449 1
450 0
451 1
452 2
453 9
454 5
455 5
456 4
457 13
458 5
459 3
460 0
461 13
462 24
463 3
464 3
465 0
466 3
467 0
468 0
469 1
470 16
471 9
472 11
473 6
474 2
475 3
476 28
477 1
478 1
479 0
480 11
481 10
482 25
483 19
484 2
485 8
486 6
487 3
488 0
489 3
490 1
491 5
492 7
493 3
494 4
495 4
496 5
497 4
498 33
499 10
500 3
501 0
502 1
503 3
504 0
505 8
506 1
507 2
508 19
509 5
510 5
511 2
512 0
513 22
514 5
515 21
516 2
517 6
518 0
519 5
520 0
521 2
522 6
523 2
524 5
525 0
526 4
527 0
528 0
529 1
530 5
531 1
532 39
533 7
534 0
535 7
536 0
537 0
538 11
539 7
540 10
541 3
542 14
543 19
544 112
545 0
546 12
547 23
548 15
549 23
550 7
551 5
552 2
553 3
554 11
555 21
556 53
557 5
558 22
559 116
560 12
561 29
562 10
563 17
564 3
565 1
566 0
567 4
568 20
569 6
570 13
571 41
572 13
573 37
574 9
575 1
576 3
577 0
578 6
579 3
580 5
581 3
582 3
583 4
584 22
585 0
586 4
587 0
588 0
589 0
590 12
591 4
592 47
593 3
594 2
595 10
596 36
597 9
598 6
599 0
600 0
601 0
602 0
603 1
604 5
605 24
606 1
607 4
608 0
609 1
610 0
611 19
612 0
613 1
614 9
615 12
616 24
617 4
618 9
619 0
620 2
621 4
622 5
623 4
624 1
625 2
626 1
627 14
628 15
629 3
630 4
631 2
632 2
633 20
634 5
635 44
636 0
637 10
638 9
639 1
640 0
641 5
642 6
643 4
644 1
645 28
646 0
647 3
648 2
649 7
650 1
651 36
652 0
653 1
654 17
655 4
656 0
657 0
658 3
659 3
660 7
661 5
662 2
663 7
664 2
665 7
666 2
667 12
668 7
669 17
670 5
671 4
672 4
673 7
674 4
675 1
676 10
677 48
678 24
679 0
680 4
681 2
682 2
683 10
684 13
685 3
686 47
687 15
688 8
689 3
690 0
691 0
692 8
693 0
694 20
695 1
696 24
697 12
698 3
699 5
700 0
701 5
702 6
703 22
704 28
705 5
706 22
707 1
708 2
709 0
710 6
711 10
712 0
713 1
714 3
715 0
716 5
717 1
718 0
719 9
720 0
721 0
722 0
723 11
724 0
725 0
726 1
727 6
728 0
729 17
730 3
731 0
732 0
733 2
734 25
735 0
736 4
737 9
738 3
739 11
740 1
741 0
742 7
743 7
744 12
745 0
746 6
747 7
748 2
749 7
750 3
751 7
752 2
753 0
754 10
755 8
756 5
757 2
758 4
759 14
760 1
761 5
762 0
763 16
764 8
765 4
766 62
767 1
768 18
769 4
770 0
771 3
772 0
773 0
774 0
775 13
776 0
777 31
778 13
779 23
780 11
781 0
782 6
783 0
784 25
785 1
786 12
787 5
788 26
789 15
790 1
791 2
792 0
793 46
794 0
795 2
796 12
797 30
798 20
799 0
800 3
801 1
802 15
803 7
804 7
805 3
806 2
807 0
808 2
809 7
810 0
811 7
812 13
813 4
814 3
815 14
816 0
817 24
818 4
819 2
820 26
821 1
822 17
823 0
824 1
825 9
826 3
827 27
828 4
829 11
830 34
831 6
832 25
833 17
834 0
835 9
836 8
837 24
838 13
839 3
840 12
841 3
842 6
843 8
844 34
845 1
846 6
847 14
848 12
849 40
850 6
851 9
852 0
853 4
854 6
855 4
856 40
857 7
858 1
859 0
860 1
861 10
862 0
863 8
864 0
865 6
866 0
867 10
868 3
869 5
870 3
871 8
872 3
873 13
874 9
875 0
876 1
877 0
878 12
879 12
880 0
881 1
882 5
883 3
884 4
885 5
886 0
887 12
888 7
889 0
890 1
891 9
892 0
893 6
894 15
895 1
896 13
897 0
898 6
899 0
900 29
901 1
902 4
903 0
904 3
905 0
906 0
907 3
908 16
909 0
910 0
911 7
912 8
913 0
914 1
915 3
916 5
917 1
918 0
919 3
920 0
921 0
922 13
923 9
924 15
925 18
926 4
927 2
928 4
929 0
930 2
931 3
932 9
933 2
934 2
935 3
936 5
937 5
938 6
939 1
940 0
941 1
942 8
943 0
944 1
945 0
946 5
947 6
948 1
949 8
950 5
951 1
952 2
953 1
954 1
955 0
956 7
957 12
958 16
959 4
960 0
961 1
962 1
963 0
964 4
965 4
966 19
967 0
968 0
969 0
970 15
971 3
972 0
973 9
974 5
975 9
976 15
977 13
978 0
979 0
980 0
981 1
982 0
983 0
984 3
985 35
986 14
987 0
988 6
989 0
990 37
991 26
992 25
993 2
994 18
995 11
996 28
997 10
998 2
999 4
1000 1
1001 11
1002 34
1003 0
1004 7
1005 7
1006 7
1007 1
1008 37
1009 11
1010 1
1011 1
1012 13
1013 3
1014 20
1015 3
1016 6
1017 4
1018 0
1019 1
1020 7
1021 6
1022 3
1023 0
1024 0
1025 0
1026 0
1027 3
1028 0
1029 5
1030 2
1031 5
1032 6
1033 0
1034 13
1035 3
1036 1
1037 4
1038 9
1039 7
1040 0
1041 0
1042 2
1043 0
1044 17
1045 21
1046 1
1047 1
1048 3
1049 1
1050 0
1051 1
1052 5
1053 2
1054 8
1055 1
1056 5
1057 0
1058 11
1059 8
1060 0
1061 9
1062 0
1063 0
1064 13
1065 0
1066 8
1067 1
1068 7
1069 8
1070 2
1071 5
1072 2
1073 12
1074 3
1075 6
1076 6
1077 9
1078 5
1079 0
1080 17
1081 13
1082 34
1083 2
1084 22
1085 2
1086 6
1087 8
1088 2
1089 13
1090 14
1091 33
1092 0
1093 6
1094 19
1095 7
1096 8
1097 10
1098 17
1099 5
1100 0
1101 3
1102 1
1103 17
1104 7
1105 6
1106 13
1107 14
1108 35
1109 4
1110 0
1111 3
1112 2
1113 9
1114 10
1115 7
1116 1
1117 0
1118 0
1119 0
1120 3
1121 0
1122 20
1123 0
1124 3
1125 4
1126 37
1127 13
1128 10
1129 0
1130 8
1131 13
1132 0
1133 0
1134 6
1135 1
1136 5
1137 2
1138 0
1139 1
1140 0
1141 0
1142 0
1143 0
1144 0
1145 0
1146 14
1147 1
1148 4
1149 11
1150 0
1151 7
1152 73
1153 0
1154 30
1155 9
1156 7
1157 1
1158 0
1159 5
1160 0
1161 6
1162 0
1163 5
1164 2
1165 9
1166 9
1167 5
1168 8
1169 13
1170 8
1171 3
1172 2
1173 6
1174 7
1175 5
1176 14
1177 18
1178 8
1179 5
1180 17
1181 50
1182 1
1183 4
1184 26
1185 11
1186 0
1187 3
1188 3
1189 59
1190 8
1191 16
1192 27
1193 22
1194 3
1195 4
1196 8
1197 2
1198 0
1199 4
1200 3
1201 40
1202 16
1203 1
1204 0
1205 2
1206 4
1207 3
1208 8
1209 2
1210 0
1211 0
1212 0
1213 0
1214 0
1215 1
1216 7
1217 11
1218 4
1219 29
1220 0
1221 0
1222 2
1223 4
1224 9
1225 2
1226 0
1227 0
1228 3
1229 1
1230 12
1231 18
1232 0
1233 38
1234 6
1235 0
1236 10
1237 8
1238 10
1239 14
1240 1
1241 0
1242 1
1243 1
1244 5
1245 0
1246 3
1247 25
1248 1
1249 3
1250 5
1251 1
1252 0
1253 0
1254 3
1255 3
1256 1
1257 3
1258 3
1259 1
1260 12
1261 14
1262 1
1263 8
1264 7
1265 36
1266 10
1267 9
1268 21
1269 0
1270 2
1271 18
1272 12
1273 26
1274 3
1275 12
1276 0
1277 2
1278 18
1279 1
1280 0
1281 3
1282 2
1283 0
1284 2
1285 1
1286 16
1287 6
1288 6
1289 3
1290 10
1291 6
1292 1
1293 8
1294 3
1295 21
1296 6
1297 42
1298 5
1299 6
1300 15
1301 4
1302 8
1303 22
1304 0
1305 3
1306 0
1307 11
1308 13
1309 10
1310 2
1311 14
1312 6
1313 0
1314 43
1315 12
1316 1
1317 0
1318 1
1319 7
1320 31
1321 15
1322 2
1323 10
1324 0
1325 4
1326 10
1327 3
1328 17
1329 1
1330 6
1331 0
1332 0
1333 69
1334 25
1335 17
1336 1
1337 0
1338 16
1339 46
1340 41
1341 4
1342 29
1343 0
1344 17
1345 8
1346 0
1347 2
1348 0
1349 24
1350 11
1351 3
1352 8
1353 7
1354 1
1355 0
1356 1
1357 6
1358 1
1359 19
1360 20
1361 1
1362 8
1363 3
1364 14
1365 2
1366 1
1367 9
1368 18
1369 8
1370 2
1371 2
1372 4
1373 6
1374 11
1375 6
1376 25
1377 0
1378 15
1379 26
1380 20
1381 39
1382 13
1383 4
1384 5
1385 19
1386 41
1387 13
1388 8
1389 0
1390 10
1391 0
1392 9
1393 4
1394 15
1395 22
1396 14
1397 21
1398 3
1399 2
1400 2
1401 6
1402 0
1403 11
1404 7
1405 6
1406 5
1407 17
1408 0
1409 17
1410 15
1411 0
1412 3
1413 4
1414 3
1415 10
1416 0
1417 0
1418 17
1419 1
1420 0
1421 0
1422 28
1423 6
1424 0
1425 2
1426 3
1427 3
1428 2
1429 0
1430 2
1431 10
1432 4
1433 0
1434 0
1435 68
1436 5
1437 4
1438 1
1439 1
1440 3
1441 0
1442 0
1443 21
1444 0
1445 5
1446 0
1447 4
1448 10
1449 11
1450 4
1451 2
1452 8
1453 2
1454 16
1455 8
1456 3
1457 0
1458 3
1459 20
1460 11
1461 0
1462 0
1463 0
1464 7
1465 6
1466 13
1467 13
1468 19
1469 8
1470 1
1471 3
1472 39
1473 6
1474 13
1475 10
1476 19
1477 6
1478 0
1479 5
1480 1
1481 2
1482 27
1483 33
1484 11
1485 4
1486 4
1487 12
1488 1
1489 3
1490 10
1491 24
1492 13
1493 0
1494 19
1495 2
1496 37
1497 3
1498 0
1499 0
1500 0
1501 11
1502 6
1503 0
1504 15
1505 0
1506 5
1507 55
1508 48
1509 5
1510 0
1511 16
1512 0
1513 0
1514 7
1515 10
1516 0
1517 0
1518 2
1519 1
1520 10
1521 8
1522 12
1523 13
1524 0
1525 66
1526 4
1527 1
1528 16
1529 2
1530 12
1531 0
1532 2
1533 1
1534 0
1535 22
1536 11
1537 31
1538 0
1539 4
1540 5
1541 0
1542 0
1543 0
1544 0
1545 1
1546 0
1547 2
1548 5
1549 4
1550 2
1551 3
1552 3
1553 0
1554 10
1555 8
1556 0
1557 1
1558 0
1559 2
1560 20
1561 3
1562 17
1563 0
1564 1
1565 6
1566 1
1567 1
1568 1
1569 4
1570 1
1571 8
1572 15
1573 0
1574 6
1575 25
1576 0
1577 1
1578 20
1579 27
1580 0
1581 6
1582 1
1583 8
1584 9
1585 0
1586 1
1587 2
1588 10
1589 1
1590 5
1591 2
1592 35
1593 1
1594 11
1595 1
1596 86
1597 7
