1 0
2 0
3 4
4 25
5 12
6 17
7 0
8 2
9 13
10 0
11 0
12 6
13 1
14 5
15 13
16 9
17 14
18 18
19 12
20 5
21 7
22 20
23 12
24 36
25 62
26 18
27 25
28 17
29 24
30 19
31 30
32 24
33 21
34 23
35 42
36 28
37 22
38 18
39 21
40 7
41 62
42 15
43 25
44 8
45 22
46 13
47 8
48 15
49 20
50 16
51 26
52 10
53 18
54 9
55 7
56 41
57 33
58 23
59 15
60 19
61 54
62 46
63 18
64 11
65 22
66 32
67 6
68 11
69 16
70 23
71 3
72 19
73 12
74 13
75 52
76 13
77 1
78 12
79 21
80 8
81 12
82 9
83 15
84 7
85 46
86 14
87 26
88 11
89 9
90 15
91 38
92 19
93 13
94 17
95 12
96 21
97 27
98 5
99 16
100 21
101 13
102 4
103 12
104 0
105 8
106 19
107 11
108 20
109 11
110 10
111 19
112 35
113 13
114 31
115 5
116 33
117 27
118 13
119 20
120 26
121 14
122 13
123 18
124 9
125 16
126 18
127 20
128 14
129 40
130 11
131 19
132 18
133 29
134 28
135 18
136 6
137 13
138 12
139 13
140 20
141 44
142 4
143 19
144 10
145 15
146 56
147 12
148 16
149 10
150 14
151 33
152 8
153 11
154 40
155 16
156 13
157 6
158 15
159 18
160 11
161 9
162 4
163 15
164 8
165 4
166 14
167 32
168 4
169 27
170 13
171 16
172 14
173 14
174 8
175 28
176 22
177 50
178 32
179 48
180 47
181 20
182 29
183 25
184 6
185 11
186 6
187 10
188 25
189 10
190 36
191 24
192 39
193 10
194 10
195 6
196 12
197 2
198 19
199 14
200 16
201 13
202 9
203 5
204 18
205 13
206 10
207 11
208 30
209 29
210 10
211 24
212 34
213 8
214 13
215 12
216 21
217 43
218 26
219 26
220 7
221 8
222 55
223 46
224 24
225 31
226 4
227 54
228 14
229 13
230 11
231 27
232 40
233 26
234 20
235 23
236 23
237 17
238 27
239 26
240 22
241 26
242 6
243 10
244 12
245 22
246 17
247 11
248 9
249 24
250 18
251 27
252 14
253 23
254 22
255 19
256 15
257 15
258 45
259 17
260 27
261 16
262 4
263 32
264 9
265 54
266 5
267 44
268 22
269 15
270 14
271 75
272 31
273 34
274 8
275 44
276 11
277 10
278 21
279 10
280 19
281 20
282 15
283 14
284 7
285 10
286 26
287 46
288 17
289 4
290 45
291 29
292 22
293 27
294 13
295 10
296 3
297 12
298 27
299 11
300 4
301 13
302 13
303 9
304 29
305 9
306 11
307 73
308 98
309 23
310 15
311 32
312 17
313 16
314 77
315 21
316 21
317 4
318 11
319 9
320 16
321 28
322 44
323 42
324 27
325 13
326 16
327 21
328 20
329 11
330 25
331 8
332 22
333 51
334 12
335 17
336 15
337 19
338 20
339 17
340 17
341 13
342 17
343 63
344 12
345 9
346 70
347 39
348 12
349 21
350 14
351 17
352 15
353 12
354 4
355 55
356 51
357 32
358 7
359 16
360 10
361 14
362 17
363 14
364 16
365 11
366 20
367 25
368 8
369 16
370 8
371 103
372 13
373 10
374 19
375 25
376 7
377 34
378 18
379 37
380 22
381 62
382 14
383 15
384 43
385 157
386 30
387 50
388 26
389 24
390 17
391 27
392 24
393 10
394 9
395 35
396 12
397 39
398 54
399 12
400 21
401 43
402 12
403 5
404 16
405 22
406 13
407 8
408 13
409 5
410 7
411 24
412 16
413 27
414 22
415 49
416 18
417 10
418 24
419 39
420 24
421 42
422 18
423 5
424 8
425 16
426 4
427 40
428 21
429 8
430 31
431 5
432 23
433 13
434 2
435 15
436 26
437 5
438 8
439 30
440 48
441 36
442 67
443 12
444 12
445 7
446 50
447 19
448 20
449 19
450 28
451 36
452 37
453 45
454 35
455 32
456 21
457 19
458 23
459 34
460 12
461 9
462 25
463 40
464 22
465 9
466 56
467 25
468 8
469 15
470 62
471 52
472 57
473 113
474 10
475 17
476 23
477 28
478 16
479 8
480 11
481 31
482 13
483 4
484 1
485 6
486 6
487 7
488 1
489 4
490 23
491 12
492 8
493 21
494 2
495 4
496 13
497 14
498 28
499 18
500 4
501 15
502 8
503 10
504 4
505 9
506 9
507 9
508 10
509 6
510 2
511 8
512 3
513 8
514 22
515 36
516 12
517 4
518 7
519 11
520 5
521 19
522 21
523 29
524 10
525 9
526 3
527 2
528 4
529 5
530 4
531 13
532 3
533 14
534 10
535 12
536 35
537 13
538 12
539 53
540 43
541 5
542 10
543 22
544 16
545 21
546 5
547 7
548 4
549 19
550 29
551 4
552 44
553 13
554 5
555 11
556 30
557 31
558 16
559 19
560 22
561 23
562 12
563 25
564 12
565 11
566 11
567 14
568 35
569 14
570 13
571 30
572 18
573 53
574 23
575 25
576 29
577 20
578 13
579 56
580 16
581 14
582 28
583 33
584 18
585 5
586 23
587 6
588 15
589 11
590 14
591 33
592 20
593 5
594 7
595 29
596 50
597 33
598 21
599 21
600 10
601 15
602 21
603 16
604 25
605 41
606 13
607 29
608 17
609 7
610 12
611 37
612 8
613 15
614 27
615 20
616 9
617 25
618 26
619 12
620 8
621 14
622 27
623 14
624 47
625 9
626 22
627 19
628 18
629 15
630 35
631 24
632 17
633 44
634 18
635 9
636 10
637 39
638 34
639 10
640 14
641 21
642 17
643 28
644 17
645 44
646 7
647 23
648 17
649 8
650 40
651 42
652 16
653 10
654 40
655 14
656 14
657 3
658 12
659 10
660 21
661 12
662 27
663 49
664 11
665 33
666 25
667 21
668 42
669 28
670 23
671 38
672 14
673 20
674 24
675 4
676 19
677 12
678 12
679 34
680 10
681 18
682 23
683 29
684 10
685 13
686 20
687 17
688 14
689 13
690 12
691 7
692 27
693 16
694 27
695 16
696 33
697 72
698 29
699 17
700 13
701 12
702 7
703 12
704 62
705 16
706 20
707 31
708 14
709 38
710 25
711 83
712 2
713 4
714 12
715 27
716 19
717 20
718 5
719 31
720 25
721 1
722 7
723 26
724 19
725 21
726 9
727 11
728 13
729 8
730 8
731 28
732 11
733 13
734 11
735 6
736 6
737 21
738 33
739 8
740 11
741 13
742 77
743 37
744 17
745 17
746 13
747 19
748 27
749 10
750 18
751 40
752 16
753 37
754 89
755 7
756 22
757 6
758 35
759 21
760 12
761 31
762 7
763 25
764 19
765 43
766 21
767 7
768 53
769 26
770 6
771 10
772 7
773 18
774 8
775 49
776 23
777 20
778 48
779 49
780 17
781 5
782 10
783 30
784 29
785 16
786 24
787 6
788 57
789 14
790 13
791 10
792 5
793 44
794 7
795 2
796 39
797 26
798 30
799 10
800 12
801 5
802 21
803 19
804 17
805 7
806 10
807 1
808 10
809 20
810 15
811 20
812 17
813 5
814 30
815 60
816 7
817 49
818 18
819 23
820 46
821 28
822 25
823 22
824 11
825 67
826 18
827 15
828 13
829 24
830 50
831 54
832 33
833 16
834 43
835 12
836 22
837 44
838 24
839 12
840 12
841 1
842 8
843 7
844 9
845 7
846 23
847 19
848 29
849 17
850 37
851 25
852 14
853 7
854 4
855 17
856 27
857 13
858 6
859 13
860 10
861 19
862 5
863 37
864 6
865 47
866 0
867 50
868 14
869 29
870 23
871 46
872 42
873 3
874 22
875 10
876 9
877 3
878 37
879 24
880 4
881 15
882 5
883 3
884 7
885 3
886 2
887 5
888 9
889 7
890 22
891 16
892 2
893 5
894 7
895 20
896 14
897 6
898 15
899 15
900 24
901 19
902 2
903 6
904 3
905 2
906 2
907 11
908 11
909 3
910 4
911 6
912 8
913 12
914 3
915 5
916 29
917 7
918 4
919 27
920 2
921 11
922 10
923 7
924 25
925 5
926 2
927 5
928 23
929 7
930 4
931 23
932 2
933 3
934 11
935 7
936 5
937 4
938 15
939 8
940 7
941 6
942 7
943 7
944 2
945 3
946 4
947 5
948 6
949 11
950 8
951 21
952 5
953 12
954 15
955 7
956 26
957 18
958 43
959 26
960 6
961 7
962 8
963 16
964 9
965 2
966 41
967 8
968 7
969 8
970 19
971 19
972 30
973 15
974 47
975 38
976 25
977 30
978 6
979 22
980 12
981 13
982 14
983 14
984 8
985 25
986 25
987 4
988 63
989 20
990 22
991 53
992 30
993 14
994 12
995 7
996 19
997 40
998 19
999 9
1000 14
1001 18
1002 24
1003 12
1004 15
1005 28
1006 29
1007 6
1008 48
1009 26
1010 6
1011 6
1012 112
1013 3
1014 40
1015 65
1016 38
1017 13
1018 3
1019 18
1020 1
1021 69
1022 8
1023 2
1024 11
1025 13
1026 26
1027 27
1028 14
1029 9
1030 20
1031 13
1032 59
1033 35
1034 19
1035 16
1036 32
1037 15
1038 13
1039 22
1040 21
1041 4
1042 17
1043 4
1044 19
1045 32
1046 20
1047 8
1048 43
1049 2
1050 9
1051 35
1052 9
1053 4
1054 35
1055 9
1056 20
1057 2
1058 46
1059 47
1060 7
1061 19
1062 15
1063 9
1064 16
1065 5
1066 25
1067 1
1068 40
1069 56
1070 5
1071 9
1072 6
1073 19
1074 13
1075 24
1076 59
1077 9
1078 5
1079 3
1080 16
1081 10
1082 84
1083 11
1084 89
1085 7
1086 7
1087 26
1088 10
1089 6
1090 42
1091 20
1092 11
1093 5
1094 17
1095 4
1096 25
1097 44
1098 19
1099 28
1100 1
1101 11
1102 8
1103 66
1104 31
1105 84
1106 12
1107 31
1108 21
1109 6
1110 33
1111 18
1112 27
1113 11
1114 13
1115 18
1116 3
1117 7
1118 4
1119 1
1120 7
1121 5
1122 2
1123 8
1124 4
1125 3
1126 21
1127 8
1128 8
1129 6
1130 10
1131 42
1132 3
1133 12
1134 3
1135 3
1136 3
1137 4
1138 1
1139 7
1140 6
1141 9
1142 4
1143 1
1144 4
1145 0
1146 14
1147 106
1148 1
1149 3
1150 7
1151 8
1152 58
1153 3
1154 13
1155 14
1156 3
1157 2
1158 4
1159 17
1160 1
1161 8
1162 3
1163 8
1164 5
1165 7
1166 10
1167 3
1168 4
1169 2
1170 35
1171 1
1172 2
1173 2
1174 12
1175 15
1176 2
1177 28
1178 3
1179 9
1180 8
1181 7
1182 2
1183 9
1184 14
1185 15
1186 17
1187 20
1188 21
1189 20
1190 18
1191 15
1192 25
1193 38
1194 37
1195 26
1196 19
1197 11
1198 8
1199 31
1200 17
1201 33
1202 9
1203 17
1204 11
1205 11
1206 6
1207 36
1208 31
1209 19
1210 12
1211 4
1212 7
1213 10
1214 22
1215 9
1216 25
1217 19
1218 13
1219 39
1220 1
1221 25
1222 13
1223 29
1224 44
1225 25
1226 12
1227 5
1228 16
1229 19
1230 29
1231 37
1232 11
1233 30
1234 2
1235 4
1236 13
1237 7
1238 22
1239 47
1240 15
1241 14
1242 24
1243 20
1244 7
1245 28
1246 16
1247 42
1248 9
1249 9
1250 10
1251 12
1252 13
1253 22
1254 10
1255 12
1256 5
1257 25
1258 15
1259 12
1260 9
1261 31
1262 8
1263 8
1264 16
1265 19
1266 16
1267 25
1268 16
1269 7
1270 14
1271 14
1272 22
1273 41
1274 16
1275 9
1276 16
1277 19
1278 28
1279 29
1280 32
1281 38
1282 26
1283 4
1284 30
1285 49
1286 42
1287 9
1288 9
1289 5
1290 11
1291 13
1292 12
1293 58
1294 38
1295 48
1296 21
1297 38
1298 18
1299 19
1300 27
1301 11
1302 27
1303 28
1304 16
1305 21
1306 15
1307 36
1308 15
1309 24
1310 15
1311 9
1312 6
1313 7
1314 24
1315 10
1316 6
1317 13
1318 31
1319 16
1320 39
1321 11
1322 12
1323 20
1324 10
1325 17
1326 27
1327 12
1328 25
1329 8
1330 16
1331 4
1332 6
1333 11
1334 21
1335 27
1336 9
1337 24
1338 20
1339 47
1340 24
1341 11
1342 15
1343 21
1344 42
1345 9
1346 9
1347 20
1348 8
1349 60
1350 7
1351 7
1352 25
1353 14
1354 21
1355 18
1356 12
1357 14
1358 16
1359 34
1360 28
1361 17
1362 16
1363 18
1364 13
1365 22
1366 11
1367 11
1368 22
1369 42
1370 13
1371 20
1372 17
1373 26
1374 6
1375 10
1376 20
1377 22
1378 29
1379 34
1380 17
1381 29
1382 32
1383 28
1384 27
1385 7
1386 35
1387 23
1388 49
1389 12
1390 45
1391 14
1392 14
1393 8
1394 17
1395 45
1396 31
1397 29
1398 11
1399 6
1400 12
1401 10
1402 12
1403 10
1404 26
1405 43
1406 14
1407 41
1408 12
1409 38
1410 31
1411 8
1412 16
1413 7
1414 27
1415 33
1416 6
1417 3
1418 10
1419 9
1420 3
1421 8
1422 14
1423 19
1424 10
1425 36
1426 12
1427 13
1428 26
1429 21
1430 25
1431 12
1432 7
1433 7
1434 4
1435 19
1436 42
1437 12
1438 7
1439 2
1440 48
1441 2
1442 7
1443 28
1444 6
1445 33
1446 14
1447 25
1448 29
1449 32
1450 48
1451 17
1452 21
1453 70
1454 35
1455 22
1456 4
1457 7
1458 18
1459 15
1460 21
1461 3
1462 13
1463 20
1464 12
1465 22
1466 15
1467 23
1468 10
1469 27
1470 20
1471 35
1472 89
1473 14
1474 27
1475 21
1476 41
1477 31
1478 13
1479 39
1480 4
1481 35
1482 35
1483 9
1484 24
1485 8
1486 29
1487 22
1488 17
1489 9
1490 65
1491 15
1492 28
1493 5
1494 8
1495 45
1496 18
1497 10
1498 3
1499 14
1500 6
1501 11
1502 16
1503 21
1504 10
1505 16
1506 6
1507 13
1508 36
1509 4
1510 12
1511 19
1512 1
1513 12
1514 24
1515 18
1516 7
1517 11
1518 19
1519 8
1520 14
1521 15
1522 71
1523 15
1524 5
1525 8
1526 9
1527 22
1528 25
1529 13
1530 7
1531 7
1532 7
1533 4
1534 5
1535 45
1536 32
1537 42
1538 8
1539 18
1540 3
1541 1
1542 3
1543 1
1544 5
1545 2
1546 11
1547 6
1548 2
1549 9
1550 2
1551 8
1552 10
1553 10
1554 11
1555 11
1556 8
1557 5
1558 7
1559 4
1560 4
1561 4
1562 66
1563 3
1564 5
1565 6
1566 22
1567 8
1568 14
1569 6
1570 2
1571 13
1572 42
1573 5
1574 2
1575 15
1576 18
1577 24
1578 32
1579 29
1580 7
1581 27
1582 11
1583 16
1584 31
1585 7
1586 2
1587 8
1588 9
1589 5
1590 30
1591 3
1592 10
1593 5
1594 16
1595 32
1596 23
1597 3
