1 6
2 0
3 88
4 23
5 23
6 11
7 1
8 1
9 4
10 0
11 5
12 11
13 2
14 3
15 4
16 4
17 8
18 5
19 9
20 1
21 4
22 8
23 5
24 11
25 11
26 2
27 17
28 0
29 8
30 1
31 14
32 16
33 4
34 6
35 6
36 7
37 10
38 0
39 5
40 2
41 0
42 19
43 7
44 6
45 4
46 0
47 1
48 12
49 10
50 7
51 30
52 3
53 11
54 4
55 1
56 17
57 0
58 10
59 28
60 8
61 20
62 9
63 0
64 0
65 13
66 1
67 0
68 0
69 15
70 10
71 1
72 68
73 34
74 15
75 68
76 32
77 33
78 5
79 19
80 29
81 52
82 2
83 56
84 10
85 13
86 0
87 2
88 0
89 7
90 7
91 2
92 4
93 8
94 6
95 2
96 21
97 4
98 1
99 1
100 17
101 2
102 0
103 23
104 0
105 0
106 2
107 0
108 38
109 9
110 0
111 3
112 33
113 4
114 12
115 6
116 9
117 3
118 5
119 1
120 22
121 0
122 4
123 9
124 7
125 1
126 22
127 4
128 13
129 3
130 16
131 0
132 11
133 9
134 5
135 0
136 7
137 37
138 21
139 0
140 11
141 5
142 0
143 0
144 16
145 17
146 7
147 3
148 13
149 7
150 0
151 13
152 3
153 2
154 6
155 3
156 0
157 1
158 3
159 5
160 0
161 3
162 9
163 5
164 0
165 4
166 19
167 15
168 12
169 6
170 0
171 6
172 1
173 1
174 28
175 21
176 14
177 12
178 1
179 7
180 9
181 6
182 4
183 4
184 2
185 2
186 3
187 1
188 10
189 1
190 4
191 10
192 0
193 14
194 4
195 6
196 0
197 12
198 0
199 0
200 9
201 2
202 1
203 9
204 4
205 1
206 14
207 2
208 8
209 28
210 0
211 17
212 8
213 1
214 15
215 11
216 11
217 9
218 3
219 6
220 9
221 0
222 4
223 5
224 0
225 2
226 0
227 0
228 21
229 2
230 3
231 15
232 9
233 11
234 0
235 0
236 9
237 33
238 6
239 37
240 13
241 4
242 2
243 8
244 0
245 2
246 18
247 6
248 35
249 7
250 2
251 0
252 0
253 0
254 18
255 2
256 2
257 8
258 5
259 8
260 8
261 5
262 0
263 5
264 0
265 2
266 0
267 6
268 0
269 0
270 0
271 2
272 0
273 0
274 0
275 11
276 2
277 0
278 0
279 2
280 2
281 12
282 0
283 5
284 1
285 0
286 20
287 14
288 1
289 0
290 25
291 6
292 1
293 21
294 0
295 3
296 0
297 2
298 9
299 2
300 1
301 0
302 14
303 17
304 0
305 21
306 1
307 15
308 12
309 16
310 0
311 23
312 1
313 17
314 13
315 5
316 13
317 0
318 8
319 0
320 4
321 10
322 2
323 7
324 18
325 2
326 2
327 0
328 2
329 1
330 0
331 0
332 6
333 4
334 9
335 16
336 11
337 6
338 0
339 9
340 0
341 15
342 6
343 5
344 14
345 7
346 30
347 7
348 0
349 8
350 6
351 10
352 11
353 35
354 1
355 31
356 15
357 1
358 21
359 5
360 2
361 4
362 9
363 0
364 6
365 0
366 0
367 10
368 0
369 1
370 0
371 13
372 1
373 3
374 0
375 0
376 0
377 9
378 5
379 5
380 5
381 7
382 1
383 3
384 9
385 7
386 57
387 24
388 0
389 13
390 0
391 65
392 12
393 3
394 0
395 22
396 0
397 4
398 9
399 0
400 8
401 7
402 4
403 4
404 13
405 2
406 2
407 1
408 1
409 1
410 0
411 6
412 3
413 6
414 0
415 11
416 4
417 3
418 12
419 7
420 16
421 7
422 11
423 1
424 6
425 1
426 2
427 4
428 4
429 0
430 0
431 5
432 4
433 5
434 1
435 4
436 3
437 0
438 1
439 4
440 13
441 7
442 2
443 10
444 5
445 0
446 1
447 2
448 11
449 0
450 2
451 11
452 8
453 10
454 4
455 2
456 3
457 2
458 0
459 4
460 4
461 2
462 31
463 15
464 15
465 0
466 13
467 0
468 70
469 0
470 19
471 16
472 4
473 20
474 8
475 3
476 17
477 20
478 18
479 10
480 2
481 19
482 18
483 4
484 0
485 3
486 19
487 1
488 0
489 2
490 3
491 5
492 4
493 2
494 3
495 4
496 24
497 0
498 32
499 22
500 0
501 8
502 6
503 10
504 0
505 5
506 1
507 7
508 6
509 34
510 3
511 5
512 1
513 30
514 3
515 5
516 4
517 3
518 1
519 21
520 7
521 1
522 33
523 60
524 17
525 26
526 7
527 9
528 1
529 0
530 5
531 4
532 0
533 12
534 12
535 4
536 3
537 14
538 14
539 6
540 12
541 11
542 7
543 8
544 17
545 24
546 4
547 4
548 1
549 14
550 6
551 1
552 16
553 20
554 20
555 4
556 20
557 3
558 5
559 23
560 6
561 36
562 14
563 8
564 3
565 10
566 15
567 2
568 6
569 90
570 13
571 19
572 19
573 11
574 7
575 6
576 9
577 5
578 0
579 5
580 3
581 6
582 3
583 4
584 7
585 0
586 5
587 0
588 0
589 10
590 2
591 3
592 2
593 0
594 12
595 5
596 4
597 25
598 0
599 4
600 22
601 2
602 0
603 2
604 1
605 14
606 6
607 5
608 16
609 1
610 5
611 7
612 9
613 0
614 7
615 40
616 14
617 3
618 1
619 1
620 0
621 12
622 2
623 17
624 10
625 3
626 1
627 20
628 12
629 5
630 23
631 1
632 8
633 9
634 4
635 8
636 1
637 19
638 15
639 1
640 0
641 4
642 13
643 12
644 3
645 8
646 10
647 10
648 2
649 1
650 1
651 14
652 2
653 7
654 10
655 11
656 1
657 7
658 10
659 21
660 16
661 12
662 7
663 4
664 4
665 12
666 1
667 30
668 23
669 8
670 2
671 6
672 7
673 9
674 18
675 4
676 16
677 12
678 18
679 0
680 4
681 0
682 2
683 2
684 14
685 0
686 18
687 4
688 5
689 10
690 0
691 0
692 5
693 0
694 6
695 14
696 19
697 7
698 3
699 0
700 4
701 8
702 10
703 6
704 6
705 8
706 9
707 2
708 0
709 1
710 4
711 11
712 0
713 3
714 1
715 23
716 22
717 3
718 0
719 3
720 1
721 0
722 0
723 11
724 0
725 0
726 19
727 1
728 2
729 2
730 5
731 1
732 0
733 8
734 14
735 0
736 0
737 4
738 1
739 13
740 12
741 0
742 9
743 2
744 9
745 0
746 1
747 7
748 4
749 8
750 31
751 7
752 3
753 2
754 10
755 2
756 17
757 1
758 4
759 11
760 0
761 3
762 0
763 4
764 2
765 7
766 23
767 0
768 38
769 24
770 0
771 0
772 0
773 3
774 0
775 4
776 3
777 14
778 4
779 14
780 0
781 0
782 3
783 14
784 28
785 0
786 8
787 2
788 6
789 10
790 52
791 6
792 0
793 14
794 13
795 0
796 7
797 18
798 7
799 2
800 4
801 0
802 8
803 11
804 2
805 7
806 2
807 3
808 11
809 2
810 2
811 20
812 0
813 0
814 8
815 4
816 9
817 5
818 29
819 4
820 11
821 0
822 30
823 1
824 0
825 9
826 19
827 4
828 0
829 6
830 18
831 9
832 3
833 4
834 4
835 11
836 9
837 26
838 10
839 0
840 0
841 1
842 4
843 6
844 32
845 2
846 16
847 5
848 4
849 6
850 6
851 9
852 1
853 3
854 0
855 0
856 4
857 1
858 12
859 0
860 2
861 6
862 1
863 8
864 1
865 0
866 3
867 15
868 1
869 4
870 3
871 16
872 4
873 2
874 35
875 7
876 3
877 2
878 15
879 12
880 8
881 5
882 0
883 12
884 7
885 5
886 15
887 32
888 11
889 0
890 4
891 8
892 2
893 19
894 3
895 8
896 15
897 0
898 16
899 14
900 24
901 8
902 2
903 5
904 5
905 5
906 0
907 4
908 5
909 0
910 9
911 0
912 18
913 15
914 4
915 10
916 1
917 3
918 0
919 17
920 1
921 2
922 1
923 7
924 5
925 7
926 1
927 3
928 6
929 10
930 7
931 3
932 2
933 4
934 4
935 6
936 11
937 0
938 28
939 4
940 7
941 17
942 32
943 1
944 0
945 19
946 3
947 4
948 5
949 6
950 5
951 7
952 7
953 3
954 4
955 2
956 46
957 17
958 17
959 14
960 2
961 2
962 0
963 4
964 7
965 3
966 2
967 6
968 23
969 2
970 3
971 2
972 0
973 2
974 6
975 3
976 12
977 11
978 0
979 6
980 4
981 3
982 1
983 1
984 4
985 17
986 9
987 6
988 33
989 1
990 36
991 10
992 83
993 8
994 22
995 5
996 14
997 17
998 27
999 3
1000 13
1001 8
1002 28
1003 0
1004 11
1005 3
1006 45
1007 0
1008 15
1009 22
1010 2
1011 0
1012 66
1013 2
1014 36
1015 10
1016 4
1017 9
1018 0
1019 5
1020 10
1021 5
1022 10
1023 0
1024 0
1025 2
1026 4
1027 1
1028 2
1029 2
1030 3
1031 5
1032 17
1033 11
1034 17
1035 8
1036 7
1037 9
1038 11
1039 6
1040 0
1041 0
1042 6
1043 1
1044 0
1045 7
1046 16
1047 3
1048 3
1049 0
1050 0
1051 14
1052 9
1053 7
1054 11
1055 0
1056 6
1057 2
1058 8
1059 13
1060 8
1061 16
1062 0
1063 0
1064 20
1065 3
1066 9
1067 3
1068 9
1069 7
1070 1
1071 9
1072 0
1073 4
1074 11
1075 8
1076 17
1077 9
1078 0
1079 4
1080 5
1081 21
1082 11
1083 2
1084 8
1085 3
1086 0
1087 17
1088 6
1089 1
1090 23
1091 8
1092 4
1093 7
1094 28
1095 14
1096 22
1097 6
1098 11
1099 7
1100 0
1101 4
1102 23
1103 38
1104 13
1105 37
1106 5
1107 8
1108 3
1109 9
1110 0
1111 27
1112 0
1113 9
1114 0
1115 7
1116 0
1117 22
1118 0
1119 0
1120 8
1121 0
1122 0
1123 0
1124 5
1125 0
1126 44
1127 1
1128 10
1129 32
1130 34
1131 38
1132 1
1133 18
1134 3
1135 6
1136 3
1137 0
1138 3
1139 1
1140 4
1141 0
1142 20
1143 3
1144 3
1145 0
1146 17
1147 2
1148 3
1149 6
1150 23
1151 11
1152 15
1153 0
1154 21
1155 28
1156 26
1157 4
1158 0
1159 17
1160 0
1161 12
1162 0
1163 16
1164 1
1165 3
1166 20
1167 3
1168 6
1169 2
1170 14
1171 15
1172 1
1173 88
1174 22
1175 2
1176 0
1177 13
1178 12
1179 10
1180 33
1181 10
1182 0
1183 2
1184 12
1185 0
1186 0
1187 2
1188 0
1189 11
1190 21
1191 23
1192 2
1193 17
1194 5
1195 0
1196 0
1197 4
1198 0
1199 13
1200 1
1201 36
1202 9
1203 0
1204 13
1205 5
1206 0
1207 6
1208 5
1209 7
1210 5
1211 8
1212 0
1213 0
1214 15
1215 7
1216 11
1217 6
1218 4
1219 19
1220 0
1221 6
1222 41
1223 4
1224 5
1225 0
1226 0
1227 0
1228 2
1229 9
1230 2
1231 10
1232 2
1233 34
1234 3
1235 4
1236 3
1237 1
1238 14
1239 9
1240 1
1241 0
1242 25
1243 4
1244 9
1245 3
1246 4
1247 14
1248 1
1249 2
1250 4
1251 6
1252 3
1253 5
1254 5
1255 5
1256 6
1257 0
1258 2
1259 7
1260 2
1261 21
1262 1
1263 9
1264 7
1265 25
1266 7
1267 2
1268 5
1269 0
1270 0
1271 21
1272 1
1273 7
1274 5
1275 14
1276 1
1277 3
1278 23
1279 1
1280 2
1281 6
1282 0
1283 2
1284 1
1285 0
1286 14
1287 0
1288 3
1289 2
1290 0
1291 2
1292 32
1293 8
1294 7
1295 5
1296 4
1297 11
1298 11
1299 7
1300 16
1301 12
1302 9
1303 10
1304 0
1305 5
1306 0
1307 6
1308 0
1309 1
1310 14
1311 2
1312 34
1313 3
1314 4
1315 9
1316 7
1317 10
1318 5
1319 14
1320 9
1321 6
1322 1
1323 7
1324 5
1325 2
1326 16
1327 0
1328 13
1329 0
1330 7
1331 0
1332 0
1333 23
1334 15
1335 13
1336 4
1337 0
1338 9
1339 32
1340 0
1341 16
1342 8
1343 0
1344 6
1345 11
1346 2
1347 5
1348 0
1349 11
1350 12
1351 21
1352 40
1353 11
1354 0
1355 23
1356 2
1357 13
1358 5
1359 6
1360 9
1361 1
1362 2
1363 5
1364 12
1365 1
1366 6
1367 11
1368 12
1369 3
1370 6
1371 15
1372 8
1373 5
1374 2
1375 1
1376 2
1377 3
1378 0
1379 43
1380 4
1381 9
1382 6
1383 5
1384 9
1385 0
1386 3
1387 0
1388 6
1389 0
1390 10
1391 0
1392 5
1393 8
1394 5
1395 7
1396 11
1397 1
1398 2
1399 3
1400 1
1401 2
1402 4
1403 1
1404 2
1405 17
1406 8
1407 16
1408 0
1409 15
1410 12
1411 9
1412 6
1413 5
1414 0
1415 9
1416 1
1417 0
1418 7
1419 5
1420 1
1421 2
1422 11
1423 6
1424 6
1425 13
1426 1
1427 3
1428 4
1429 0
1430 16
1431 5
1432 9
1433 0
1434 4
1435 8
1436 18
1437 2
1438 3
1439 2
1440 5
1441 2
1442 0
1443 4
1444 1
1445 8
1446 1
1447 5
1448 22
1449 21
1450 10
1451 0
1452 10
1453 24
1454 14
1455 3
1456 9
1457 0
1458 5
1459 22
1460 10
1461 0
1462 0
1463 0
1464 12
1465 49
1466 12
1467 3
1468 20
1469 12
1470 6
1471 8
1472 3
1473 2
1474 15
1475 7
1476 16
1477 17
1478 3
1479 16
1480 9
1481 18
1482 14
1483 0
1484 1
1485 2
1486 17
1487 23
1488 1
1489 0
1490 16
1491 8
1492 6
1493 5
1494 1
1495 7
1496 18
1497 3
1498 2
1499 0
1500 2
1501 0
1502 0
1503 0
1504 3
1505 10
1506 0
1507 27
1508 21
1509 5
1510 2
1511 5
1512 4
1513 0
1514 0
1515 0
1516 0
1517 0
1518 3
1519 0
1520 8
1521 28
1522 33
1523 15
1524 0
1525 5
1526 2
1527 2
1528 53
1529 4
1530 0
1531 0
1532 3
1533 8
1534 0
1535 30
1536 2
1537 36
1538 0
1539 3
1540 1
1541 2
1542 0
1543 0
1544 1
1545 0
1546 2
1547 14
1548 4
1549 1
1550 4
1551 4
1552 14
1553 7
1554 26
1555 2
1556 0
1557 2
1558 0
1559 0
1560 7
1561 0
1562 26
1563 1
1564 6
1565 1
1566 2
1567 4
1568 0
1569 1
1570 2
1571 39
1572 5
1573 0
1574 3
1575 75
1576 4
1577 1
1578 41
1579 7
1580 0
1581 1
1582 0
1583 1
1584 9
1585 0
1586 3
1587 4
1588 5
1589 3
1590 3
1591 9
1592 4
1593 4
1594 4
1595 22
1596 16
1597 3
