1 0
2 0
3 11
4 11
5 28
6 22
7 0
8 2
9 49
10 0
11 0
12 2
13 2
14 3
15 12
16 8
17 18
18 9
19 0
20 0
21 1
22 1
23 0
24 13
25 0
26 2
27 1
28 8
29 0
30 2
31 2
32 2
33 1
34 5
35 4
36 4
37 4
38 0
39 4
40 5
41 2
42 0
43 0
44 5
45 14
46 0
47 0
48 3
49 3
50 4
51 8
52 0
53 3
54 6
55 0
56 5
57 2
58 4
59 5
60 2
61 17
62 1
63 0
64 0
65 0
66 3
67 1
68 0
69 5
70 1
71 0
72 21
73 4
74 4
75 12
76 6
77 8
78 5
79 8
80 10
81 30
82 1
83 13
84 7
85 9
86 36
87 20
88 0
89 3
90 2
91 8
92 13
93 2
94 7
95 7
96 8
97 8
98 8
99 6
100 2
101 2
102 1
103 40
104 0
105 2
106 4
107 7
108 1
109 14
110 3
111 0
112 19
113 4
114 6
115 4
116 12
117 43
118 20
119 8
120 9
121 4
122 11
123 16
124 41
125 1
126 57
127 12
128 25
129 1
130 3
131 5
132 1
133 3
134 5
135 3
136 3
137 6
138 10
139 3
140 4
141 7
142 0
143 2
144 47
145 2
146 0
147 13
148 7
149 0
150 0
151 5
152 1
153 0
154 0
155 3
156 1
157 0
158 5
159 2
160 0
161 0
162 3
163 1
164 2
165 4
166 3
167 0
168 5
169 3
170 5
171 4
172 5
173 0
174 4
175 1
176 1
177 4
178 3
179 2
180 7
181 3
182 1
183 8
184 7
185 1
186 3
187 0
188 6
189 4
190 0
191 1
192 7
193 1
194 8
195 3
196 0
197 0
198 2
199 0
200 0
201 2
202 0
203 7
204 0
205 7
206 4
207 1
208 8
209 3
210 2
211 2
212 0
213 0
214 3
215 0
216 10
217 1
218 11
219 4
220 3
221 0
222 1
223 0
224 2
225 1
226 0
227 0
228 1
229 0
230 3
231 7
232 7
233 6
234 0
235 1
236 0
237 3
238 4
239 10
240 1
241 1
242 0
243 1
244 2
245 7
246 5
247 8
248 5
249 1
250 7
251 4
252 1
253 0
254 3
255 1
256 0
257 1
258 11
259 5
260 2
261 3
262 0
263 13
264 4
265 3
266 0
267 3
268 0
269 0
270 0
271 4
272 0
273 0
274 0
275 0
276 0
277 2
278 1
279 2
280 0
281 1
282 2
283 4
284 4
285 0
286 4
287 4
288 12
289 1
290 12
291 2
292 1
293 14
294 0
295 5
296 1
297 0
298 15
299 0
300 2
301 0
302 12
303 1
304 2
305 4
306 0
307 20
308 12
309 2
310 0
311 3
312 3
313 13
314 10
315 11
316 20
317 0
318 18
319 0
320 1
321 7
322 0
323 5
324 22
325 2
326 0
327 0
328 19
329 0
330 3
331 7
332 20
333 8
334 12
335 3
336 2
337 3
338 4
339 12
340 11
341 31
342 9
343 16
344 9
345 2
346 88
347 5
348 0
349 0
350 6
351 21
352 2
353 2
354 0
355 4
356 6
357 0
358 5
359 6
360 1
361 0
362 0
363 0
364 0
365 2
366 0
367 6
368 0
369 0
370 0
371 10
372 0
373 1
374 7
375 8
376 3
377 40
378 18
379 18
380 5
381 10
382 0
383 6
384 11
385 35
386 13
387 34
388 23
389 11
390 9
391 26
392 16
393 1
394 8
395 14
396 3
397 16
398 26
399 0
400 6
401 15
402 14
403 13
404 12
405 8
406 9
407 2
408 0
409 0
410 1
411 3
412 0
413 2
414 23
415 10
416 11
417 6
418 6
419 25
420 23
421 11
422 2
423 3
424 0
425 14
426 3
427 7
428 8
429 0
430 0
431 8
432 2
433 25
434 0
435 3
436 3
437 0
438 6
439 17
440 15
441 10
442 6
443 3
444 2
445 3
446 3
447 1
448 8
449 5
450 6
451 10
452 2
453 6
454 5
455 31
456 3
457 3
458 1
459 22
460 0
461 1
462 14
463 12
464 9
465 0
466 16
467 6
468 3
469 0
470 31
471 4
472 2
473 8
474 8
475 4
476 8
477 1
478 8
479 0
480 1
481 18
482 7
483 3
484 5
485 5
486 6
487 0
488 0
489 0
490 0
491 14
492 3
493 8
494 11
495 5
496 11
497 0
498 31
499 5
500 9
501 1
502 3
503 2
504 0
505 15
506 13
507 2
508 11
509 17
510 2
511 10
512 0
513 14
514 4
515 30
516 0
517 6
518 34
519 8
520 5
521 3
522 2
523 4
524 9
525 1
526 2
527 4
528 4
529 3
530 68
531 0
532 4
533 12
534 1
535 9
536 3
537 17
538 3
539 9
540 22
541 3
542 6
543 12
544 15
545 6
546 0
547 12
548 4
549 5
550 5
551 3
552 1
553 9
554 5
555 6
556 8
557 5
558 8
559 7
560 16
561 19
562 24
563 8
564 0
565 0
566 3
567 14
568 9
569 7
570 6
571 26
572 10
573 22
574 11
575 6
576 3
577 1
578 1
579 9
580 15
581 14
582 1
583 6
584 26
585 1
586 2
587 0
588 1
589 0
590 1
591 15
592 23
593 0
594 13
595 9
596 13
597 5
598 2
599 0
600 3
601 2
602 1
603 1
604 2
605 17
606 1
607 11
608 5
609 8
610 7
611 8
612 7
613 0
614 8
615 70
616 2
617 19
618 1
619 1
620 0
621 3
622 2
623 3
624 19
625 0
626 3
627 12
628 2
629 6
630 3
631 9
632 9
633 9
634 7
635 1
636 0
637 6
638 12
639 3
640 0
641 10
642 6
643 10
644 1
645 12
646 4
647 3
648 0
649 0
650 2
651 22
652 8
653 1
654 0
655 2
656 1
657 0
658 6
659 1
660 0
661 1
662 20
663 5
664 14
665 3
666 8
667 2
668 21
669 4
670 4
671 3
672 7
673 1
674 0
675 3
676 4
677 5
678 19
679 5
680 6
681 2
682 13
683 17
684 10
685 0
686 9
687 17
688 4
689 10
690 0
691 0
692 25
693 3
694 14
695 2
696 8
697 18
698 7
699 8
700 0
701 4
702 3
703 9
704 21
705 4
706 3
707 0
708 3
709 0
710 6
711 14
712 0
713 20
714 0
715 5
716 4
717 4
718 0
719 1
720 2
721 0
722 10
723 9
724 0
725 2
726 11
727 4
728 2
729 4
730 5
731 1
732 0
733 3
734 10
735 0
736 4
737 5
738 0
739 11
740 0
741 1
742 14
743 0
744 7
745 5
746 0
747 2
748 17
749 14
750 30
751 16
752 7
753 16
754 6
755 20
756 6
757 1
758 7
759 1
760 0
761 41
762 0
763 41
764 10
765 6
766 5
767 0
768 3
769 0
770 0
771 0
772 0
773 6
774 2
775 11
776 0
777 30
778 2
779 7
780 3
781 0
782 0
783 3
784 1
785 0
786 11
787 4
788 14
789 6
790 1
791 3
792 0
793 7
794 0
795 2
796 15
797 16
798 6
799 17
800 0
801 3
802 6
803 8
804 2
805 1
806 1
807 0
808 0
809 0
810 0
811 0
812 0
813 0
814 1
815 9
816 1
817 3
818 1
819 9
820 15
821 2
822 1
823 6
824 0
825 10
826 1
827 7
828 1
829 4
830 1
831 6
832 5
833 4
834 0
835 2
836 5
837 5
838 1
839 1
840 0
841 1
842 1
843 13
844 3
845 3
846 10
847 4
848 21
849 6
850 12
851 7
852 0
853 2
854 0
855 15
856 19
857 8
858 2
859 0
860 0
861 6
862 0
863 1
864 0
865 5
866 0
867 6
868 0
869 0
870 1
871 3
872 5
873 0
874 22
875 3
876 1
877 0
878 12
879 1
880 0
881 3
882 5
883 0
884 0
885 3
886 6
887 14
888 2
889 3
890 0
891 6
892 7
893 16
894 10
895 28
896 1
897 0
898 5
899 15
900 4
901 3
902 3
903 4
904 1
905 1
906 0
907 7
908 4
909 0
910 1
911 3
912 2
913 8
914 5
915 11
916 3
917 18
918 0
919 6
920 1
921 6
922 4
923 40
924 12
925 36
926 1
927 2
928 7
929 14
930 9
931 10
932 6
933 4
934 9
935 14
936 7
937 0
938 12
939 20
940 12
941 5
942 5
943 6
944 2
945 12
946 5
947 5
948 10
949 23
950 14
951 0
952 15
953 0
954 34
955 1
956 23
957 7
958 29
959 6
960 26
961 8
962 26
963 2
964 15
965 2
966 7
967 15
968 6
969 6
970 14
971 0
972 4
973 5
974 13
975 0
976 7
977 10
978 2
979 0
980 1
981 6
982 1
983 1
984 5
985 6
986 16
987 4
988 22
989 3
990 1
991 35
992 22
993 3
994 4
995 5
996 10
997 8
998 0
999 0
1000 4
1001 11
1002 24
1003 13
1004 5
1005 8
1006 17
1007 1
1008 8
1009 28
1010 0
1011 1
1012 14
1013 3
1014 5
1015 2
1016 5
1017 1
1018 0
1019 13
1020 8
1021 11
1022 0
1023 0
1024 2
1025 0
1026 2
1027 3
1028 7
1029 14
1030 4
1031 1
1032 5
1033 1
1034 5
1035 13
1036 5
1037 1
1038 0
1039 1
1040 1
1041 8
1042 3
1043 1
1044 0
1045 6
1046 2
1047 4
1048 14
1049 0
1050 0
1051 18
1052 11
1053 4
1054 10
1055 2
1056 1
1057 0
1058 11
1059 8
1060 2
1061 10
1062 1
1063 0
1064 7
1065 0
1066 4
1067 9
1068 8
1069 36
1070 0
1071 4
1072 0
1073 2
1074 5
1075 18
1076 8
1077 25
1078 2
1079 5
1080 20
1081 6
1082 5
1083 10
1084 3
1085 21
1086 0
1087 4
1088 4
1089 1
1090 8
1091 11
1092 1
1093 7
1094 11
1095 0
1096 16
1097 3
1098 5
1099 7
1100 3
1101 0
1102 5
1103 3
1104 23
1105 18
1106 9
1107 6
1108 3
1109 1
1110 0
1111 0
1112 0
1113 4
1114 0
1115 0
1116 38
1117 1
1118 0
1119 0
1120 1
1121 4
1122 3
1123 2
1124 5
1125 12
1126 7
1127 0
1128 5
1129 0
1130 14
1131 5
1132 2
1133 1
1134 2
1135 8
1136 0
1137 4
1138 2
1139 1
1140 0
1141 0
1142 2
1143 0
1144 2
1145 2
1146 7
1147 11
1148 0
1149 5
1150 10
1151 4
1152 16
1153 0
1154 21
1155 7
1156 8
1157 0
1158 5
1159 3
1160 2
1161 9
1162 0
1163 13
1164 4
1165 1
1166 39
1167 14
1168 39
1169 2
1170 18
1171 3
1172 12
1173 14
1174 10
1175 64
1176 5
1177 13
1178 11
1179 14
1180 4
1181 12
1182 24
1183 1
1184 7
1185 1
1186 9
1187 0
1188 2
1189 8
1190 23
1191 6
1192 1
1193 29
1194 3
1195 0
1196 6
1197 0
1198 3
1199 5
1200 3
1201 9
1202 0
1203 2
1204 4
1205 3
1206 0
1207 3
1208 0
1209 3
1210 3
1211 1
1212 0
1213 0
1214 1
1215 2
1216 6
1217 36
1218 9
1219 4
1220 0
1221 2
1222 41
1223 3
1224 20
1225 4
1226 2
1227 2
1228 0
1229 1
1230 0
1231 7
1232 0
1233 3
1234 1
1235 2
1236 0
1237 0
1238 8
1239 7
1240 0
1241 3
1242 2
1243 1
1244 1
1245 0
1246 0
1247 15
1248 0
1249 1
1250 3
1251 2
1252 0
1253 1
1254 0
1255 5
1256 11
1257 0
1258 1
1259 3
1260 9
1261 22
1262 4
1263 2
1264 2
1265 25
1266 5
1267 5
1268 7
1269 0
1270 0
1271 0
1272 16
1273 18
1274 7
1275 10
1276 1
1277 3
1278 7
1279 1
1280 0
1281 14
1282 0
1283 7
1284 1
1285 6
1286 38
1287 2
1288 0
1289 2
1290 1
1291 5
1292 2
1293 9
1294 0
1295 10
1296 6
1297 14
1298 6
1299 1
1300 6
1301 3
1302 1
1303 7
1304 2
1305 0
1306 0
1307 1
1308 0
1309 2
1310 2
1311 8
1312 9
1313 8
1314 0
1315 1
1316 2
1317 1
1318 13
1319 2
1320 15
1321 4
1322 1
1323 5
1324 0
1325 1
1326 0
1327 1
1328 1
1329 1
1330 5
1331 0
1332 1
1333 2
1334 0
1335 12
1336 0
1337 0
1338 11
1339 14
1340 0
1341 5
1342 0
1343 4
1344 2
1345 3
1346 4
1347 0
1348 0
1349 4
1350 2
1351 2
1352 12
1353 2
1354 0
1355 5
1356 0
1357 0
1358 2
1359 18
1360 3
1361 0
1362 0
1363 2
1364 12
1365 2
1366 1
1367 12
1368 5
1369 4
1370 8
1371 4
1372 0
1373 0
1374 4
1375 2
1376 7
1377 1
1378 10
1379 5
1380 4
1381 13
1382 6
1383 7
1384 2
1385 4
1386 6
1387 4
1388 5
1389 1
1390 0
1391 0
1392 2
1393 6
1394 14
1395 4
1396 6
1397 8
1398 0
1399 1
1400 0
1401 2
1402 3
1403 2
1404 0
1405 2
1406 0
1407 3
1408 1
1409 3
1410 3
1411 1
1412 7
1413 2
1414 6
1415 8
1416 0
1417 0
1418 5
1419 0
1420 0
1421 2
1422 7
1423 3
1424 0
1425 8
1426 0
1427 0
1428 11
1429 0
1430 10
1431 4
1432 1
1433 0
1434 0
1435 2
1436 1
1437 3
1438 0
1439 2
1440 8
1441 1
1442 0
1443 2
1444 1
1445 3
1446 2
1447 9
1448 7
1449 5
1450 18
1451 2
1452 41
1453 6
1454 10
1455 0
1456 0
1457 0
1458 3
1459 6
1460 5
1461 0
1462 0
1463 0
1464 3
1465 7
1466 22
1467 15
1468 3
1469 2
1470 4
1471 0
1472 4
1473 6
1474 9
1475 24
1476 3
1477 3
1478 0
1479 7
1480 6
1481 9
1482 19
1483 3
1484 2
1485 0
1486 1
1487 7
1488 0
1489 0
1490 0
1491 14
1492 6
1493 2
1494 4
1495 9
1496 4
1497 0
1498 6
1499 2
1500 4
1501 11
1502 3
1503 19
1504 5
1505 17
1506 2
1507 15
1508 17
1509 1
1510 5
1511 7
1512 5
1513 1
1514 6
1515 4
1516 1
1517 2
1518 0
1519 0
1520 1
1521 11
1522 11
1523 38
1524 0
1525 6
1526 17
1527 25
1528 14
1529 3
1530 9
1531 5
1532 2
1533 1
1534 1
1535 25
1536 15
1537 6
1538 1
1539 0
1540 5
1541 3
1542 8
1543 2
1544 0
1545 5
1546 1
1547 5
1548 1
1549 3
1550 0
1551 3
1552 7
1553 5
1554 9
1555 9
1556 1
1557 9
1558 0
1559 0
1560 24
1561 2
1562 20
1563 3
1564 4
1565 8
1566 9
1567 0
1568 1
1569 12
1570 0
1571 67
1572 35
1573 0
1574 2
1575 14
1576 1
1577 2
1578 12
1579 14
1580 2
1581 11
1582 3
1583 5
1584 11
1585 1
1586 0
1587 0
1588 4
1589 2
1590 0
1591 1
1592 51
1593 6
1594 26
1595 6
1596 21
1597 6
