1 0
2 0
3 5
4 2
5 3
6 14
7 0
8 0
9 8
10 0
11 0
12 5
13 7
14 2
15 8
16 10
17 3
18 6
19 0
20 4
21 8
22 5
23 4
24 8
25 5
26 1
27 2
28 1
29 0
30 0
31 2
32 2
33 0
34 1
35 8
36 2
37 3
38 6
39 7
40 3
41 0
42 2
43 2
44 5
45 0
46 0
47 0
48 10
49 0
50 6
51 5
52 3
53 3
54 0
55 0
56 14
57 0
58 4
59 30
60 11
61 5
62 2
63 6
64 0
65 4
66 0
67 2
68 0
69 1
70 6
71 0
72 4
73 4
74 9
75 2
76 7
77 8
78 10
79 4
80 2
81 3
82 1
83 11
84 4
85 0
86 2
87 27
88 4
89 10
90 10
91 3
92 1
93 8
94 8
95 3
96 4
97 0
98 3
99 3
100 11
101 6
102 2
103 6
104 1
105 0
106 0
107 2
108 0
109 7
110 0
111 0
112 10
113 5
114 1
115 0
116 1
117 2
118 0
119 1
120 2
121 5
122 0
123 0
124 18
125 24
126 28
127 4
128 9
129 1
130 0
131 0
132 10
133 0
134 1
135 0
136 46
137 1
138 7
139 2
140 0
141 1
142 1
143 0
144 0
145 4
146 0
147 3
148 5
149 1
150 0
151 26
152 0
153 1
154 2
155 4
156 0
157 5
158 0
159 1
160 0
161 1
162 17
163 6
164 1
165 2
166 4
167 14
168 1
169 8
170 0
171 3
172 3
173 0
174 20
175 6
176 13
177 1
178 2
179 5
180 7
181 0
182 3
183 8
184 0
185 4
186 0
187 0
188 5
189 0
190 1
191 0
192 0
193 10
194 5
195 7
196 0
197 2
198 1
199 0
200 0
201 4
202 0
203 2
204 0
205 3
206 3
207 0
208 0
209 0
210 1
211 0
212 0
213 1
214 2
215 1
216 3
217 2
218 7
219 5
220 0
221 2
222 0
223 1
224 0
225 1
226 0
227 0
228 1
229 0
230 11
231 1
232 12
233 8
234 0
235 0
236 0
237 4
238 0
239 2
240 3
241 1
242 1
243 0
244 0
245 0
246 0
247 12
248 4
249 0
250 5
251 0
252 0
253 5
254 1
255 0
256 5
257 2
258 3
259 9
260 2
261 1
262 0
263 0
264 0
265 5
266 0
267 3
268 4
269 13
270 2
271 0
272 2
273 0
274 1
275 5
276 0
277 2
278 0
279 0
280 6
281 2
282 0
283 7
284 1
285 0
286 0
287 1
288 1
289 0
290 1
291 2
292 0
293 6
294 4
295 3
296 0
297 0
298 15
299 0
300 0
301 0
302 3
303 1
304 0
305 0
306 0
307 27
308 2
309 5
310 0
311 1
312 0
313 3
314 11
315 2
316 4
317 0
318 5
319 1
320 1
321 10
322 0
323 7
324 15
325 0
326 0
327 0
328 10
329 3
330 0
331 1
332 2
333 7
334 1
335 3
336 1
337 5
338 0
339 1
340 0
341 0
342 4
343 1
344 22
345 1
346 9
347 2
348 8
349 1
350 1
351 51
352 8
353 3
354 0
355 0
356 12
357 0
358 4
359 0
360 0
361 5
362 1
363 0
364 1
365 1
366 0
367 1
368 2
369 5
370 0
371 1
372 0
373 1
374 0
375 1
376 0
377 26
378 2
379 2
380 0
381 5
382 0
383 0
384 2
385 1
386 0
387 18
388 0
389 4
390 0
391 23
392 11
393 0
394 0
395 3
396 0
397 7
398 7
399 0
400 0
401 5
402 0
403 2
404 1
405 0
406 1
407 1
408 0
409 0
410 0
411 2
412 0
413 0
414 0
415 10
416 1
417 1
418 2
419 9
420 0
421 3
422 2
423 0
424 0
425 1
426 2
427 2
428 16
429 0
430 1
431 0
432 2
433 6
434 12
435 0
436 4
437 0
438 1
439 5
440 6
441 5
442 6
443 1
444 0
445 5
446 1
447 1
448 0
449 4
450 6
451 7
452 8
453 2
454 2
455 6
456 4
457 25
458 2
459 7
460 1
461 2
462 3
463 3
464 36
465 0
466 0
467 1
468 6
469 5
470 13
471 2
472 5
473 4
474 1
475 2
476 13
477 12
478 4
479 1
480 0
481 2
482 3
483 1
484 1
485 2
486 2
487 7
488 0
489 0
490 4
491 5
492 13
493 6
494 15
495 3
496 18
497 1
498 13
499 19
500 0
501 2
502 0
503 9
504 0
505 4
506 10
507 4
508 4
509 13
510 0
511 2
512 39
513 2
514 0
515 9
516 1
517 20
518 1
519 1
520 10
521 3
522 2
523 7
524 2
525 1
526 3
527 4
528 0
529 2
530 6
531 0
532 0
533 7
534 0
535 3
536 4
537 6
538 7
539 5
540 4
541 2
542 4
543 2
544 5
545 4
546 0
547 4
548 1
549 1
550 21
551 1
552 3
553 16
554 6
555 19
556 9
557 6
558 7
559 11
560 23
561 25
562 7
563 0
564 8
565 2
566 3
567 0
568 6
569 6
570 0
571 11
572 2
573 7
574 11
575 5
576 4
577 6
578 3
579 7
580 4
581 3
582 0
583 4
584 1
585 1
586 16
587 0
588 1
589 2
590 2
591 5
592 12
593 0
594 3
595 2
596 3
597 1
598 1
599 0
600 1
601 0
602 0
603 1
604 1
605 1
606 0
607 4
608 5
609 0
610 1
611 1
612 0
613 1
614 2
615 6
616 1
617 1
618 1
619 2
620 0
621 0
622 1
623 8
624 2
625 5
626 4
627 1
628 3
629 2
630 4
631 0
632 2
633 4
634 0
635 14
636 0
637 0
638 3
639 0
640 0
641 1
642 1
643 2
644 0
645 0
646 0
647 5
648 7
649 1
650 3
651 4
652 0
653 1
654 4
655 0
656 1
657 4
658 7
659 0
660 4
661 1
662 1
663 2
664 2
665 4
666 0
667 10
668 2
669 3
670 5
671 1
672 5
673 5
674 0
675 0
676 0
677 6
678 1
679 1
680 0
681 15
682 2
683 4
684 2
685 0
686 11
687 6
688 1
689 0
690 4
691 0
692 1
693 0
694 1
695 1
696 2
697 4
698 0
699 3
700 2
701 0
702 2
703 7
704 14
705 2
706 10
707 0
708 0
709 1
710 0
711 4
712 2
713 1
714 1
715 7
716 1
717 1
718 0
719 2
720 5
721 0
722 0
723 5
724 0
725 0
726 7
727 0
728 0
729 2
730 4
731 3
732 0
733 2
734 28
735 0
736 0
737 2
738 2
739 2
740 1
741 4
742 5
743 2
744 1
745 0
746 0
747 3
748 0
749 6
750 1
751 2
752 0
753 7
754 4
755 9
756 2
757 2
758 1
759 6
760 0
761 10
762 0
763 6
764 3
765 6
766 4
767 5
768 16
769 2
770 0
771 0
772 2
773 6
774 0
775 12
776 1
777 8
778 3
779 7
780 0
781 5
782 0
783 0
784 0
785 0
786 20
787 3
788 4
789 0
790 4
791 0
792 0
793 7
794 0
795 10
796 4
797 2
798 2
799 0
800 0
801 1
802 5
803 3
804 1
805 4
806 1
807 0
808 0
809 0
810 2
811 7
812 0
813 1
814 0
815 4
816 0
817 0
818 12
819 6
820 5
821 0
822 4
823 1
824 0
825 2
826 1
827 0
828 4
829 4
830 3
831 4
832 14
833 6
834 0
835 0
836 5
837 19
838 0
839 0
840 0
841 0
842 2
843 2
844 8
845 1
846 15
847 13
848 8
849 10
850 2
851 3
852 0
853 3
854 10
855 9
856 3
857 2
858 3
859 0
860 0
861 39
862 0
863 0
864 3
865 0
866 0
867 2
868 2
869 0
870 3
871 22
872 1
873 0
874 22
875 5
876 0
877 1
878 10
879 13
880 0
881 2
882 2
883 9
884 1
885 10
886 3
887 1
888 10
889 3
890 2
891 13
892 5
893 5
894 1
895 9
896 9
897 2
898 3
899 2
900 3
901 4
902 4
903 0
904 0
905 1
906 1
907 1
908 3
909 3
910 3
911 7
912 2
913 6
914 1
915 8
916 10
917 0
918 1
919 2
920 3
921 13
922 0
923 5
924 9
925 1
926 3
927 1
928 0
929 12
930 7
931 6
932 0
933 12
934 0
935 3
936 3
937 0
938 33
939 3
940 0
941 3
942 1
943 0
944 5
945 4
946 1
947 11
948 5
949 1
950 9
951 0
952 7
953 0
954 3
955 1
956 32
957 32
958 16
959 4
960 2
961 7
962 1
963 8
964 1
965 0
966 11
967 2
968 2
969 1
970 6
971 1
972 0
973 0
974 7
975 5
976 9
977 6
978 3
979 4
980 0
981 2
982 0
983 8
984 0
985 13
986 0
987 0
988 6
989 5
990 9
991 15
992 42
993 4
994 4
995 2
996 4
997 2
998 0
999 7
1000 6
1001 6
1002 3
1003 5
1004 4
1005 0
1006 4
1007 4
1008 4
1009 0
1010 1
1011 0
1012 9
1013 0
1014 17
1015 2
1016 9
1017 0
1018 0
1019 0
1020 0
1021 1
1022 3
1023 0
1024 3
1025 0
1026 8
1027 0
1028 2
1029 6
1030 2
1031 0
1032 6
1033 0
1034 9
1035 5
1036 3
1037 1
1038 0
1039 9
1040 2
1041 0
1042 12
1043 0
1044 5
1045 3
1046 1
1047 3
1048 2
1049 0
1050 0
1051 0
1052 11
1053 9
1054 2
1055 3
1056 1
1057 0
1058 4
1059 7
1060 0
1061 1
1062 2
1063 0
1064 2
1065 4
1066 1
1067 0
1068 0
1069 3
1070 0
1071 2
1072 2
1073 10
1074 1
1075 2
1076 9
1077 1
1078 3
1079 0
1080 2
1081 1
1082 2
1083 8
1084 2
1085 1
1086 0
1087 11
1088 2
1089 1
1090 7
1091 4
1092 1
1093 9
1094 12
1095 19
1096 3
1097 0
1098 10
1099 17
1100 1
1101 2
1102 9
1103 14
1104 5
1105 4
1106 5
1107 10
1108 8
1109 0
1110 0
1111 0
1112 1
1113 2
1114 6
1115 18
1116 1
1117 2
1118 0
1119 0
1120 1
1121 1
1122 0
1123 1
1124 1
1125 2
1126 12
1127 0
1128 5
1129 2
1130 1
1131 18
1132 6
1133 5
1134 0
1135 1
1136 2
1137 0
1138 1
1139 2
1140 2
1141 5
1142 1
1143 4
1144 1
1145 1
1146 4
1147 2
1148 4
1149 7
1150 9
1151 3
1152 19
1153 0
1154 0
1155 32
1156 19
1157 1
1158 5
1159 0
1160 4
1161 1
1162 0
1163 6
1164 3
1165 0
1166 8
1167 10
1168 3
1169 2
1170 5
1171 1
1172 0
1173 3
1174 18
1175 4
1176 3
1177 10
1178 5
1179 18
1180 8
1181 1
1182 2
1183 0
1184 0
1185 0
1186 6
1187 2
1188 0
1189 7
1190 3
1191 3
1192 8
1193 3
1194 6
1195 0
1196 0
1197 0
1198 0
1199 9
1200 5
1201 17
1202 2
1203 0
1204 4
1205 0
1206 4
1207 13
1208 5
1209 1
1210 0
1211 1
1212 0
1213 0
1214 1
1215 0
1216 1
1217 5
1218 1
1219 7
1220 3
1221 3
1222 1
1223 4
1224 1
1225 1
1226 6
1227 5
1228 5
1229 21
1230 0
1231 5
1232 1
1233 8
1234 1
1235 0
1236 3
1237 0
1238 6
1239 4
1240 0
1241 2
1242 3
1243 1
1244 0
1245 0
1246 0
1247 8
1248 0
1249 4
1250 4
1251 0
1252 0
1253 1
1254 0
1255 18
1256 2
1257 6
1258 0
1259 0
1260 5
1261 12
1262 0
1263 4
1264 8
1265 9
1266 1
1267 21
1268 2
1269 0
1270 3
1271 15
1272 0
1273 0
1274 2
1275 1
1276 0
1277 1
1278 2
1279 1
1280 4
1281 3
1282 0
1283 0
1284 0
1285 0
1286 7
1287 0
1288 7
1289 1
1290 0
1291 3
1292 0
1293 0
1294 1
1295 3
1296 1
1297 9
1298 5
1299 1
1300 1
1301 2
1302 2
1303 11
1304 0
1305 1
1306 1
1307 12
1308 6
1309 3
1310 1
1311 6
1312 10
1313 0
1314 0
1315 9
1316 0
1317 0
1318 3
1319 0
1320 12
1321 1
1322 0
1323 8
1324 3
1325 1
1326 4
1327 4
1328 5
1329 0
1330 0
1331 0
1332 0
1333 2
1334 12
1335 6
1336 10
1337 1
1338 5
1339 14
1340 0
1341 8
1342 0
1343 0
1344 11
1345 4
1346 1
1347 5
1348 0
1349 7
1350 13
1351 3
1352 13
1353 1
1354 0
1355 2
1356 9
1357 4
1358 1
1359 2
1360 12
1361 0
1362 3
1363 1
1364 3
1365 7
1366 3
1367 1
1368 5
1369 2
1370 0
1371 0
1372 0
1373 7
1374 12
1375 0
1376 3
1377 1
1378 0
1379 8
1380 2
1381 16
1382 4
1383 1
1384 20
1385 0
1386 0
1387 0
1388 10
1389 0
1390 13
1391 1
1392 0
1393 0
1394 3
1395 5
1396 6
1397 16
1398 0
1399 1
1400 18
1401 0
1402 1
1403 2
1404 1
1405 3
1406 0
1407 16
1408 2
1409 1
1410 0
1411 0
1412 4
1413 0
1414 2
1415 2
1416 0
1417 0
1418 1
1419 1
1420 19
1421 0
1422 16
1423 2
1424 0
1425 13
1426 4
1427 3
1428 8
1429 0
1430 12
1431 1
1432 7
1433 0
1434 0
1435 1
1436 2
1437 0
1438 0
1439 0
1440 8
1441 0
1442 0
1443 1
1444 2
1445 2
1446 0
1447 3
1448 11
1449 5
1450 17
1451 0
1452 0
1453 7
1454 9
1455 2
1456 1
1457 0
1458 2
1459 1
1460 1
1461 0
1462 6
1463 2
1464 12
1465 9
1466 5
1467 47
1468 67
1469 2
1470 15
1471 8
1472 16
1473 2
1474 2
1475 4
1476 7
1477 2
1478 0
1479 2
1480 4
1481 9
1482 7
1483 0
1484 8
1485 9
1486 14
1487 7
1488 3
1489 0
1490 16
1491 6
1492 7
1493 0
1494 1
1495 3
1496 7
1497 4
1498 0
1499 4
1500 9
1501 3
1502 1
1503 3
1504 9
1505 1
1506 2
1507 21
1508 12
1509 5
1510 1
1511 4
1512 2
1513 0
1514 6
1515 0
1516 5
1517 0
1518 10
1519 2
1520 20
1521 6
1522 16
1523 0
1524 3
1525 6
1526 3
1527 2
1528 3
1529 9
1530 0
1531 2
1532 2
1533 3
1534 0
1535 4
1536 1
1537 20
1538 1
1539 3
1540 5
1541 0
1542 0
1543 2
1544 2
1545 0
1546 8
1547 0
1548 10
1549 6
1550 5
1551 15
1552 29
1553 6
1554 31
1555 3
1556 0
1557 9
1558 2
1559 4
1560 3
1561 0
1562 22
1563 10
1564 0
1565 2
1566 1
1567 1
1568 1
1569 1
1570 0
1571 5
1572 14
1573 3
1574 9
1575 13
1576 0
1577 7
1578 48
1579 3
1580 0
1581 4
1582 0
1583 5
1584 0
1585 0
1586 0
1587 1
1588 3
1589 6
1590 15
1591 2
1592 12
1593 3
1594 3
1595 3
1596 38
1597 0
