1 3
2 9
3 24
4 93
5 75
6 84
7 19
8 8
9 74
10 4
11 2
12 32
13 16
14 9
15 16
16 55
17 34
18 92
19 38
20 3
21 12
22 25
23 45
24 76
25 92
26 25
27 16
28 59
29 30
30 57
31 99
32 65
33 82
34 89
35 94
36 71
37 71
38 49
39 84
40 29
41 46
42 45
43 60
44 14
45 62
46 26
47 12
48 22
49 10
50 33
51 84
52 31
53 31
54 87
55 41
56 65
57 58
58 50
59 49
60 132
61 121
62 157
63 144
64 66
65 22
66 140
67 25
68 41
69 63
70 57
71 8
72 42
73 34
74 25
75 66
76 40
77 39
78 31
79 43
80 43
81 55
82 42
83 54
84 136
85 230
86 73
87 162
88 36
89 74
90 59
91 57
92 20
93 111
94 111
95 28
96 92
97 41
98 15
99 160
100 45
101 62
102 13
103 48
104 1
105 15
106 46
107 46
108 62
109 48
110 15
111 42
112 126
113 24
114 101
115 27
116 112
117 81
118 27
119 44
120 118
121 46
122 13
123 52
124 47
125 35
126 162
127 28
128 56
129 24
130 7
131 11
132 46
133 41
134 59
135 35
136 37
137 12
138 44
139 18
140 53
141 65
142 35
143 15
144 16
145 23
146 141
147 60
148 72
149 76
150 26
151 32
152 47
153 89
154 85
155 22
156 30
157 18
158 44
159 27
160 12
161 24
162 14
163 47
164 4
165 16
166 67
167 23
168 26
169 34
170 22
171 43
172 17
173 27
174 37
175 71
176 39
177 125
178 101
179 114
180 159
181 97
182 37
183 11
184 19
185 36
186 18
187 29
188 89
189 36
190 39
191 82
192 49
193 15
194 46
195 27
196 10
197 10
198 10
199 79
200 85
201 22
202 22
203 16
204 16
205 53
206 61
207 78
208 60
209 43
210 56
211 33
212 24
213 16
214 31
215 34
216 50
217 86
218 46
219 40
220 35
221 45
222 84
223 123
224 113
225 68
226 37
227 164
228 56
229 81
230 45
231 61
232 45
233 85
234 46
235 71
236 23
237 102
238 60
239 84
240 46
241 93
242 26
243 15
244 19
245 27
246 66
247 18
248 35
249 61
250 57
251 62
252 55
253 19
254 61
255 61
256 52
257 73
258 42
259 95
260 59
261 69
262 9
263 83
264 40
265 185
266 17
267 116
268 82
269 50
270 35
271 140
272 62
273 72
274 43
275 54
276 18
277 10
278 66
279 28
280 60
281 75
282 66
283 47
284 21
285 34
286 56
287 94
288 120
289 14
290 82
291 80
292 55
293 72
294 26
295 20
296 10
297 6
298 71
299 49
300 20
301 43
302 35
303 26
304 58
305 35
306 33
307 126
308 109
309 47
310 38
311 75
312 86
313 103
314 90
315 85
316 65
317 11
318 51
319 33
320 77
321 60
322 130
323 61
324 66
325 32
326 40
327 59
328 51
329 28
330 25
331 27
332 71
333 96
334 54
335 53
336 72
337 76
338 63
339 105
340 26
341 25
342 66
343 177
344 107
345 43
346 173
347 38
348 40
349 46
350 29
351 109
352 99
353 50
354 24
355 97
356 64
357 28
358 32
359 46
360 26
361 100
362 34
363 21
364 24
365 19
366 35
367 75
368 48
369 73
370 99
371 220
372 12
373 13
374 41
375 41
376 47
377 61
378 30
379 106
380 51
381 100
382 48
383 79
384 113
385 86
386 34
387 115
388 49
389 82
390 65
391 120
392 81
393 67
394 27
395 78
396 37
397 85
398 215
399 14
400 69
401 120
402 46
403 88
404 57
405 64
406 39
407 20
408 61
409 27
410 43
411 27
412 44
413 49
414 97
415 107
416 101
417 23
418 104
419 110
420 84
421 113
422 60
423 49
424 84
425 97
426 19
427 126
428 53
429 20
430 45
431 88
432 94
433 125
434 20
435 61
436 93
437 19
438 83
439 86
440 67
441 26
442 157
443 45
444 61
445 16
446 212
447 78
448 66
449 111
450 100
451 88
452 114
453 71
454 166
455 110
456 77
457 85
458 59
459 119
460 29
461 63
462 156
463 75
464 86
465 49
466 141
467 59
468 31
469 58
470 103
471 106
472 62
473 108
474 24
475 80
476 55
477 52
478 52
479 9
480 14
481 51
482 51
483 15
484 21
485 24
486 33
487 10
488 13
489 23
490 35
491 79
492 22
493 13
494 7
495 29
496 46
497 20
498 75
499 60
500 8
501 22
502 20
503 29
504 9
505 47
506 12
507 25
508 37
509 18
510 13
511 29
512 13
513 72
514 51
515 74
516 26
517 18
518 11
519 30
520 39
521 56
522 131
523 139
524 22
525 12
526 6
527 5
528 27
529 13
530 54
531 27
532 19
533 27
534 33
535 17
536 116
537 35
538 23
539 280
540 154
541 25
542 28
543 161
544 213
545 42
546 11
547 21
548 16
549 82
550 133
551 27
552 125
553 42
554 44
555 23
556 65
557 39
558 89
559 52
560 34
561 77
562 58
563 39
564 25
565 8
566 19
567 38
568 29
569 22
570 18
571 123
572 59
573 231
574 126
575 91
576 19
577 19
578 30
579 114
580 66
581 52
582 93
583 75
584 54
585 27
586 73
587 53
588 19
589 32
590 69
591 79
592 103
593 43
594 25
595 102
596 175
597 108
598 138
599 57
600 22
601 20
602 80
603 54
604 33
605 99
606 30
607 69
608 53
609 21
610 44
611 131
612 8
613 43
614 93
615 84
616 37
617 26
618 26
619 52
620 59
621 23
622 53
623 51
624 77
625 30
626 58
627 137
628 52
629 15
630 33
631 56
632 16
633 106
634 97
635 19
636 28
637 142
638 156
639 98
640 26
641 45
642 27
643 84
644 28
645 124
646 47
647 108
648 84
649 58
650 54
651 126
652 51
653 17
654 69
655 73
656 33
657 7
658 47
659 74
660 58
661 58
662 82
663 102
664 53
665 87
666 56
667 57
668 76
669 81
670 61
671 55
672 61
673 93
674 78
675 90
676 72
677 83
678 109
679 76
680 36
681 33
682 55
683 132
684 28
685 39
686 46
687 58
688 43
689 37
690 26
691 19
692 111
693 47
694 86
695 19
696 81
697 45
698 37
699 71
700 40
701 27
702 26
703 26
704 181
705 23
706 33
707 35
708 58
709 100
710 110
711 167
712 7
713 24
714 34
715 74
716 17
717 73
718 19
719 66
720 19
721 1
722 51
723 61
724 72
725 41
726 38
727 14
728 53
729 29
730 50
731 42
732 18
733 39
734 49
735 4
736 45
737 37
738 91
739 48
740 8
741 22
742 97
743 57
744 119
745 25
746 68
747 43
748 59
749 51
750 103
751 78
752 40
753 34
754 32
755 33
756 74
757 42
758 30
759 43
760 73
761 83
762 17
763 90
764 43
765 57
766 44
767 43
768 144
769 41
770 17
771 31
772 33
773 76
774 26
775 229
776 45
777 67
778 67
779 42
780 37
781 12
782 31
783 123
784 71
785 116
786 57
787 75
788 181
789 55
790 26
791 21
792 13
793 90
794 24
795 35
796 124
797 61
798 45
799 38
800 22
801 80
802 65
803 65
804 74
805 21
806 60
807 7
808 25
809 24
810 73
811 39
812 44
813 33
814 31
815 99
816 26
817 45
818 40
819 58
820 77
821 17
822 83
823 21
824 23
825 72
826 48
827 33
828 50
829 55
830 67
831 53
832 26
833 27
834 14
835 98
836 42
837 52
838 51
839 19
840 32
841 5
842 40
843 21
844 17
845 27
846 74
847 34
848 76
849 80
850 40
851 41
852 18
853 21
854 31
855 47
856 32
857 38
858 19
859 21
860 31
861 59
862 28
863 66
864 30
865 48
866 21
867 68
868 25
869 37
870 78
871 59
872 51
873 19
874 43
875 25
876 19
877 30
878 176
879 107
880 26
881 34
882 39
883 66
884 70
885 29
886 21
887 24
888 16
889 11
890 81
891 41
892 9
893 20
894 20
895 44
896 16
897 21
898 116
899 32
900 102
901 21
902 20
903 15
904 39
905 11
906 6
907 31
908 51
909 1
910 28
911 25
912 26
913 49
914 12
915 38
916 38
917 15
918 9
919 20
920 16
921 38
922 20
923 37
924 31
925 35
926 37
927 9
928 34
929 34
930 63
931 49
932 40
933 28
934 16
935 2
936 39
937 7
938 68
939 23
940 16
941 16
942 47
943 33
944 10
945 29
946 22
947 87
948 28
949 34
950 26
951 20
952 31
953 25
954 48
955 79
956 89
957 55
958 141
959 116
960 26
961 28
962 24
963 61
964 69
965 28
966 71
967 36
968 17
969 16
970 58
971 156
972 151
973 31
974 87
975 60
976 53
977 97
978 39
979 39
980 46
981 19
982 37
983 56
984 13
985 72
986 34
987 13
988 81
989 11
990 49
991 109
992 51
993 39
994 40
995 44
996 65
997 141
998 84
999 44
1000 23
1001 74
1002 154
1003 26
1004 91
1005 91
1006 96
1007 93
1008 176
1009 107
1010 32
1011 13
1012 143
1013 12
1014 133
1015 106
1016 112
1017 30
1018 11
1019 103
1020 24
1021 83
1022 31
1023 7
1024 9
1025 14
1026 52
1027 69
1028 42
1029 46
1030 111
1031 32
1032 135
1033 39
1034 93
1035 47
1036 86
1037 38
1038 83
1039 44
1040 37
1041 14
1042 42
1043 19
1044 26
1045 62
1046 39
1047 20
1048 67
1049 4
1050 29
1051 54
1052 58
1053 35
1054 126
1055 35
1056 74
1057 2
1058 93
1059 92
1060 36
1061 49
1062 38
1063 24
1064 49
1065 35
1066 88
1067 7
1068 32
1069 81
1070 20
1071 31
1072 20
1073 66
1074 22
1075 49
1076 55
1077 29
1078 43
1079 16
1080 40
1081 28
1082 104
1083 43
1084 121
1085 14
1086 41
1087 43
1088 15
1089 19
1090 47
1091 50
1092 35
1093 40
1094 52
1095 16
1096 35
1097 41
1098 55
1099 43
1100 13
1101 17
1102 27
1103 84
1104 125
1105 140
1106 47
1107 93
1108 61
1109 10
1110 33
1111 27
1112 47
1113 22
1114 27
1115 20
1116 3
1117 34
1118 12
1119 15
1120 29
1121 20
1122 20
1123 19
1124 29
1125 46
1126 37
1127 7
1128 54
1129 16
1130 52
1131 66
1132 20
1133 31
1134 6
1135 18
1136 13
1137 14
1138 19
1139 25
1140 15
1141 25
1142 28
1143 5
1144 14
1145 11
1146 48
1147 31
1148 10
1149 47
1150 35
1151 14
1152 67
1153 24
1154 105
1155 75
1156 49
1157 22
1158 23
1159 75
1160 6
1161 51
1162 14
1163 29
1164 26
1165 22
1166 19
1167 17
1168 6
1169 6
1170 25
1171 6
1172 7
1173 4
1174 14
1175 30
1176 7
1177 64
1178 31
1179 25
1180 58
1181 16
1182 15
1183 29
1184 57
1185 35
1186 49
1187 25
1188 46
1189 68
1190 52
1191 47
1192 104
1193 131
1194 89
1195 67
1196 74
1197 119
1198 21
1199 84
1200 114
1201 149
1202 44
1203 55
1204 56
1205 87
1206 42
1207 110
1208 107
1209 22
1210 44
1211 63
1212 49
1213 37
1214 46
1215 36
1216 199
1217 131
1218 100
1219 100
1220 6
1221 70
1222 39
1223 105
1224 130
1225 94
1226 21
1227 12
1228 48
1229 45
1230 91
1231 171
1232 24
1233 148
1234 11
1235 33
1236 52
1237 38
1238 106
1239 104
1240 25
1241 72
1242 59
1243 45
1244 47
1245 45
1246 11
1247 181
1248 19
1249 32
1250 59
1251 31
1252 23
1253 28
1254 19
1255 112
1256 23
1257 82
1258 75
1259 74
1260 33
1261 111
1262 86
1263 141
1264 90
1265 96
1266 52
1267 114
1268 43
1269 63
1270 14
1271 29
1272 79
1273 47
1274 37
1275 67
1276 83
1277 39
1278 70
1279 42
1280 69
1281 125
1282 25
1283 15
1284 126
1285 104
1286 140
1287 34
1288 39
1289 37
1290 47
1291 46
1292 47
1293 196
1294 75
1295 191
1296 112
1297 243
1298 49
1299 34
1300 165
1301 20
1302 93
1303 203
1304 11
1305 22
1306 60
1307 105
1308 63
1309 61
1310 35
1311 36
1312 33
1313 22
1314 93
1315 57
1316 37
1317 45
1318 48
1319 43
1320 125
1321 65
1322 16
1323 61
1324 35
1325 70
1326 137
1327 20
1328 86
1329 25
1330 36
1331 4
1332 10
1333 43
1334 81
1335 111
1336 68
1337 36
1338 91
1339 125
1340 35
1341 27
1342 95
1343 41
1344 110
1345 26
1346 31
1347 49
1348 27
1349 138
1350 41
1351 34
1352 88
1353 102
1354 38
1355 128
1356 60
1357 41
1358 42
1359 95
1360 92
1361 7
1362 19
1363 41
1364 55
1365 91
1366 51
1367 46
1368 47
1369 137
1370 29
1371 55
1372 89
1373 93
1374 48
1375 64
1376 90
1377 55
1378 74
1379 217
1380 26
1381 42
1382 43
1383 56
1384 40
1385 10
1386 65
1387 21
1388 57
1389 23
1390 48
1391 40
1392 57
1393 29
1394 104
1395 76
1396 52
1397 46
1398 40
1399 45
1400 19
1401 47
1402 29
1403 49
1404 74
1405 74
1406 24
1407 66
1408 33
1409 89
1410 88
1411 59
1412 56
1413 10
1414 52
1415 43
1416 18
1417 29
1418 58
1419 39
1420 59
1421 21
1422 20
1423 20
1424 22
1425 52
1426 22
1427 36
1428 56
1429 64
1430 64
1431 36
1432 20
1433 18
1434 22
1435 52
1436 86
1437 39
1438 38
1439 30
1440 36
1441 19
1442 12
1443 59
1444 44
1445 42
1446 23
1447 53
1448 82
1449 64
1450 48
1451 44
1452 47
1453 104
1454 41
1455 33
1456 24
1457 14
1458 73
1459 55
1460 100
1461 50
1462 58
1463 66
1464 34
1465 42
1466 28
1467 97
1468 30
1469 69
1470 89
1471 96
1472 117
1473 41
1474 61
1475 42
1476 147
1477 43
1478 45
1479 56
1480 54
1481 37
1482 58
1483 31
1484 88
1485 75
1486 50
1487 104
1488 55
1489 48
1490 70
1491 32
1492 51
1493 10
1494 30
1495 48
1496 115
1497 59
1498 22
1499 35
1500 32
1501 29
1502 13
1503 28
1504 32
1505 63
1506 34
1507 25
1508 108
1509 55
1510 24
1511 72
1512 21
1513 37
1514 71
1515 22
1516 32
1517 23
1518 39
1519 32
1520 71
1521 55
1522 89
1523 106
1524 23
1525 102
1526 26
1527 37
1528 79
1529 58
1530 17
1531 35
1532 19
1533 13
1534 16
1535 121
1536 43
1537 57
1538 14
1539 28
1540 32
1541 7
1542 20
1543 18
1544 29
1545 29
1546 43
1547 61
1548 36
1549 74
1550 13
1551 36
1552 37
1553 30
1554 44
1555 44
1556 11
1557 22
1558 21
1559 16
1560 32
1561 26
1562 162
1563 32
1564 26
1565 45
1566 122
1567 6
1568 37
1569 14
1570 16
1571 28
1572 148
1573 14
1574 23
1575 62
1576 52
1577 70
1578 76
1579 50
1580 32
1581 46
1582 45
1583 98
1584 129
1585 41
1586 10
1587 23
1588 24
1589 31
1590 134
1591 11
1592 42
1593 22
1594 38
1595 72
1596 245
1597 32
