1 0
2 0
3 5
4 12
5 9
6 8
7 3
8 3
9 13
10 0
11 0
12 5
13 0
14 0
15 18
16 22
17 12
18 19
19 6
20 1
21 13
22 5
23 7
24 30
25 13
26 35
27 17
28 11
29 4
30 0
31 4
32 7
33 9
34 6
35 33
36 0
37 56
38 4
39 16
40 32
41 3
42 2
43 13
44 2
45 10
46 0
47 1
48 45
49 1
50 41
51 14
52 3
53 0
54 4
55 12
56 5
57 0
58 42
59 5
60 36
61 25
62 58
63 0
64 3
65 46
66 20
67 1
68 0
69 6
70 10
71 1
72 14
73 23
74 57
75 18
76 36
77 38
78 1
79 12
80 16
81 49
82 1
83 13
84 5
85 11
86 98
87 2
88 0
89 40
90 16
91 5
92 1
93 17
94 8
95 0
96 19
97 0
98 1
99 14
100 3
101 1
102 5
103 34
104 6
105 7
106 5
107 0
108 19
109 6
110 3
111 2
112 18
113 4
114 14
115 18
116 7
117 9
118 20
119 6
120 16
121 11
122 2
123 15
124 32
125 16
126 10
127 3
128 57
129 5
130 5
131 17
132 31
133 28
134 31
135 6
136 12
137 16
138 27
139 26
140 23
141 30
142 7
143 9
144 41
145 5
146 15
147 12
148 45
149 6
150 0
151 5
152 8
153 1
154 15
155 11
156 0
157 0
158 20
159 5
160 1
161 6
162 6
163 15
164 3
165 17
166 13
167 5
168 3
169 25
170 4
171 0
172 3
173 3
174 13
175 18
176 1
177 17
178 6
179 17
180 17
181 31
182 8
183 1
184 10
185 14
186 33
187 2
188 26
189 7
190 5
191 7
192 3
193 15
194 1
195 15
196 0
197 0
198 18
199 2
200 2
201 0
202 1
203 1
204 0
205 4
206 21
207 13
208 11
209 22
210 6
211 5
212 1
213 0
214 11
215 3
216 0
217 19
218 23
219 13
220 22
221 5
222 9
223 5
224 4
225 28
226 0
227 1
228 0
229 2
230 8
231 13
232 7
233 39
234 2
235 8
236 3
237 26
238 7
239 23
240 5
241 7
242 3
243 19
244 2
245 0
246 9
247 13
248 18
249 29
250 5
251 2
252 1
253 1
254 30
255 11
256 11
257 32
258 49
259 6
260 6
261 19
262 3
263 21
264 6
265 22
266 0
267 15
268 2
269 0
270 3
271 39
272 33
273 5
274 1
275 30
276 0
277 1
278 2
279 3
280 42
281 4
282 0
283 21
284 1
285 6
286 25
287 25
288 18
289 7
290 6
291 105
292 1
293 61
294 12
295 7
296 2
297 2
298 13
299 2
300 10
301 5
302 8
303 31
304 5
305 3
306 16
307 26
308 49
309 2
310 21
311 11
312 11
313 16
314 53
315 14
316 19
317 3
318 28
319 5
320 9
321 19
322 0
323 19
324 49
325 24
326 3
327 10
328 33
329 3
330 3
331 0
332 18
333 12
334 4
335 40
336 3
337 33
338 5
339 19
340 4
341 23
342 40
343 14
344 39
345 14
346 63
347 18
348 1
349 4
350 21
351 156
352 11
353 13
354 0
355 4
356 14
357 3
358 5
359 120
360 9
361 19
362 2
363 3
364 40
365 7
366 0
367 43
368 1
369 5
370 14
371 55
372 8
373 0
374 3
375 9
376 16
377 16
378 11
379 18
380 8
381 8
382 0
383 4
384 15
385 17
386 41
387 17
388 6
389 23
390 0
391 8
392 26
393 5
394 20
395 36
396 7
397 27
398 21
399 0
400 25
401 29
402 17
403 0
404 51
405 14
406 5
407 1
408 1
409 2
410 6
411 16
412 7
413 20
414 11
415 29
416 20
417 27
418 18
419 12
420 30
421 5
422 15
423 2
424 0
425 28
426 2
427 20
428 9
429 3
430 4
431 16
432 12
433 9
434 10
435 0
436 10
437 6
438 3
439 12
440 28
441 4
442 1
443 20
444 6
445 0
446 13
447 1
448 30
449 6
450 7
451 7
452 9
453 25
454 19
455 27
456 18
457 11
458 8
459 21
460 7
461 2
462 24
463 5
464 17
465 3
466 10
467 4
468 11
469 0
470 11
471 13
472 20
473 18
474 0
475 13
476 11
477 2
478 0
479 1
480 1
481 15
482 5
483 0
484 0
485 9
486 2
487 5
488 0
489 2
490 9
491 4
492 9
493 23
494 3
495 5
496 2
497 1
498 6
499 2
500 9
501 1
502 0
503 3
504 0
505 55
506 1
507 4
508 5
509 10
510 1
511 3
512 0
513 10
514 9
515 12
516 4
517 0
518 1
519 7
520 3
521 12
522 5
523 6
524 4
525 4
526 3
527 0
528 2
529 2
530 10
531 2
532 52
533 7
534 2
535 2
536 3
537 9
538 1
539 18
540 11
541 10
542 8
543 2
544 25
545 1
546 0
547 12
548 3
549 14
550 17
551 4
552 6
553 15
554 21
555 11
556 18
557 10
558 27
559 40
560 27
561 40
562 50
563 4
564 1
565 0
566 4
567 3
568 10
569 6
570 2
571 7
572 16
573 62
574 26
575 2
576 6
577 0
578 7
579 37
580 2
581 8
582 3
583 19
584 41
585 11
586 1
587 0
588 1
589 14
590 4
591 26
592 13
593 7
594 7
595 26
596 39
597 34
598 12
599 14
600 9
601 1
602 5
603 3
604 9
605 21
606 0
607 27
608 0
609 0
610 16
611 51
612 1
613 0
614 14
615 16
616 2
617 10
618 5
619 7
620 0
621 5
622 5
623 11
624 1
625 4
626 40
627 61
628 6
629 9
630 19
631 13
632 2
633 5
634 46
635 27
636 0
637 28
638 8
639 2
640 0
641 13
642 10
643 21
644 14
645 13
646 15
647 1
648 8
649 17
650 2
651 8
652 5
653 2
654 5
655 1
656 10
657 0
658 48
659 6
660 3
661 17
662 24
663 4
664 3
665 6
666 0
667 13
668 26
669 13
670 6
671 10
672 6
673 20
674 37
675 3
676 6
677 12
678 3
679 5
680 13
681 6
682 22
683 14
684 17
685 2
686 98
687 17
688 10
689 9
690 7
691 6
692 29
693 11
694 11
695 1
696 11
697 27
698 47
699 15
700 0
701 5
702 2
703 24
704 35
705 8
706 14
707 5
708 2
709 4
710 16
711 16
712 3
713 13
714 3
715 56
716 26
717 21
718 0
719 21
720 13
721 0
722 0
723 5
724 1
725 3
726 12
727 4
728 7
729 12
730 32
731 1
732 0
733 19
734 25
735 5
736 3
737 13
738 8
739 8
740 3
741 2
742 27
743 3
744 37
745 8
746 12
747 21
748 9
749 19
750 26
751 12
752 0
753 2
754 16
755 4
756 4
757 2
758 6
759 0
760 11
761 22
762 5
763 35
764 12
765 13
766 47
767 0
768 50
769 6
770 0
771 0
772 2
773 6
774 12
775 35
776 0
777 3
778 10
779 50
780 10
781 0
782 0
783 3
784 10
785 10
786 18
787 11
788 17
789 10
790 4
791 3
792 1
793 20
794 4
795 18
796 19
797 24
798 14
799 2
800 4
801 0
802 10
803 43
804 7
805 3
806 6
807 0
808 1
809 13
810 0
811 12
812 13
813 0
814 22
815 26
816 4
817 19
818 16
819 7
820 40
821 0
822 15
823 5
824 8
825 22
826 42
827 19
828 0
829 0
830 25
831 14
832 13
833 2
834 0
835 41
836 35
837 17
838 13
839 0
840 3
841 4
842 16
843 1
844 18
845 3
846 8
847 14
848 14
849 34
850 22
851 9
852 0
853 13
854 2
855 4
856 28
857 5
858 1
859 6
860 7
861 25
862 0
863 13
864 2
865 12
866 0
867 13
868 4
869 30
870 19
871 13
872 33
873 2
874 18
875 0
876 1
877 7
878 33
879 2
880 0
881 5
882 0
883 2
884 8
885 1
886 4
887 7
888 2
889 0
890 5
891 3
892 0
893 9
894 11
895 1
896 18
897 2
898 25
899 3
900 33
901 5
902 3
903 1
904 1
905 5
906 0
907 14
908 6
909 10
910 0
911 12
912 42
913 9
914 0
915 15
916 13
917 6
918 1
919 30
920 6
921 5
922 15
923 9
924 10
925 13
926 1
927 7
928 6
929 4
930 1
931 5
932 0
933 8
934 11
935 3
936 3
937 0
938 16
939 2
940 0
941 0
942 9
943 7
944 1
945 0
946 11
947 6
948 3
949 14
950 0
951 0
952 9
953 0
954 2
955 3
956 45
957 13
958 19
959 30
960 1
961 2
962 1
963 0
964 3
965 0
966 8
967 19
968 7
969 1
970 10
971 23
972 3
973 0
974 20
975 0
976 26
977 26
978 2
979 3
980 3
981 3
982 3
983 7
984 1
985 22
986 8
987 0
988 36
989 0
990 27
991 14
992 51
993 3
994 16
995 16
996 16
997 14
998 24
999 1
1000 3
1001 11
1002 19
1003 2
1004 27
1005 0
1006 28
1007 0
1008 23
1009 9
1010 0
1011 4
1012 26
1013 0
1014 19
1015 12
1016 5
1017 13
1018 3
1019 16
1020 4
1021 17
1022 2
1023 0
1024 0
1025 2
1026 0
1027 1
1028 4
1029 5
1030 7
1031 11
1032 14
1033 4
1034 19
1035 3
1036 6
1037 34
1038 25
1039 9
1040 7
1041 1
1042 10
1043 4
1044 10
1045 8
1046 6
1047 2
1048 24
1049 0
1050 1
1051 13
1052 17
1053 6
1054 11
1055 0
1056 0
1057 0
1058 38
1059 15
1060 0
1061 2
1062 5
1063 0
1064 14
1065 0
1066 14
1067 1
1068 1
1069 8
1070 0
1071 20
1072 1
1073 11
1074 9
1075 9
1076 4
1077 7
1078 11
1079 26
1080 68
1081 9
1082 60
1083 22
1084 33
1085 0
1086 2
1087 10
1088 7
1089 6
1090 9
1091 35
1092 1
1093 12
1094 2
1095 1
1096 20
1097 10
1098 33
1099 5
1100 0
1101 1
1102 4
1103 12
1104 15
1105 13
1106 41
1107 18
1108 16
1109 2
1110 4
1111 12
1112 4
1113 1
1114 4
1115 10
1116 5
1117 3
1118 0
1119 0
1120 13
1121 0
1122 3
1123 0
1124 1
1125 2
1126 11
1127 1
1128 22
1129 1
1130 6
1131 40
1132 0
1133 7
1134 0
1135 4
1136 0
1137 4
1138 6
1139 3
1140 0
1141 2
1142 3
1143 0
1144 5
1145 0
1146 12
1147 30
1148 6
1149 4
1150 17
1151 3
1152 9
1153 0
1154 10
1155 8
1156 15
1157 0
1158 24
1159 12
1160 1
1161 10
1162 0
1163 7
1164 1
1165 5
1166 23
1167 16
1168 10
1169 0
1170 22
1171 8
1172 2
1173 6
1174 4
1175 5
1176 1
1177 30
1178 12
1179 4
1180 5
1181 7
1182 11
1183 9
1184 29
1185 14
1186 23
1187 28
1188 1
1189 32
1190 14
1191 11
1192 42
1193 38
1194 5
1195 4
1196 7
1197 42
1198 2
1199 11
1200 43
1201 25
1202 1
1203 29
1204 34
1205 14
1206 0
1207 26
1208 58
1209 6
1210 0
1211 5
1212 2
1213 0
1214 3
1215 0
1216 22
1217 51
1218 6
1219 30
1220 1
1221 2
1222 14
1223 18
1224 25
1225 7
1226 2
1227 5
1228 9
1229 18
1230 10
1231 25
1232 0
1233 39
1234 3
1235 19
1236 2
1237 23
1238 44
1239 36
1240 7
1241 2
1242 5
1243 16
1244 9
1245 4
1246 15
1247 17
1248 12
1249 5
1250 10
1251 5
1252 8
1253 6
1254 12
1255 13
1256 6
1257 9
1258 3
1259 1
1260 14
1261 34
1262 5
1263 15
1264 13
1265 56
1266 9
1267 16
1268 6
1269 0
1270 2
1271 2
1272 18
1273 31
1274 10
1275 12
1276 4
1277 26
1278 22
1279 0
1280 7
1281 30
1282 0
1283 4
1284 4
1285 5
1286 26
1287 16
1288 11
1289 19
1290 3
1291 7
1292 4
1293 17
1294 10
1295 31
1296 12
1297 116
1298 14
1299 18
1300 79
1301 0
1302 10
1303 18
1304 0
1305 19
1306 7
1307 28
1308 9
1309 8
1310 5
1311 10
1312 13
1313 2
1314 26
1315 2
1316 10
1317 4
1318 7
1319 17
1320 16
1321 4
1322 6
1323 9
1324 1
1325 7
1326 13
1327 1
1328 8
1329 13
1330 29
1331 0
1332 1
1333 24
1334 15
1335 12
1336 10
1337 3
1338 8
1339 84
1340 3
1341 2
1342 8
1343 4
1344 21
1345 5
1346 16
1347 59
1348 1
1349 22
1350 10
1351 20
1352 13
1353 18
1354 0
1355 33
1356 3
1357 26
1358 4
1359 13
1360 9
1361 5
1362 0
1363 23
1364 13
1365 2
1366 2
1367 8
1368 42
1369 22
1370 12
1371 21
1372 9
1373 3
1374 6
1375 5
1376 12
1377 4
1378 12
1379 34
1380 31
1381 34
1382 3
1383 36
1384 14
1385 3
1386 24
1387 1
1388 22
1389 0
1390 8
1391 0
1392 3
1393 6
1394 20
1395 25
1396 22
1397 23
1398 1
1399 1
1400 5
1401 9
1402 1
1403 15
1404 18
1405 53
1406 4
1407 10
1408 1
1409 29
1410 10
1411 1
1412 10
1413 0
1414 18
1415 30
1416 3
1417 0
1418 4
1419 2
1420 1
1421 7
1422 5
1423 8
1424 13
1425 64
1426 3
1427 8
1428 8
1429 3
1430 26
1431 7
1432 12
1433 0
1434 12
1435 37
1436 20
1437 17
1438 15
1439 0
1440 22
1441 0
1442 0
1443 10
1444 1
1445 4
1446 1
1447 10
1448 31
1449 42
1450 23
1451 6
1452 1
1453 8
1454 8
1455 13
1456 2
1457 5
1458 1
1459 10
1460 16
1461 0
1462 9
1463 5
1464 2
1465 33
1466 10
1467 43
1468 7
1469 27
1470 9
1471 14
1472 26
1473 4
1474 13
1475 11
1476 43
1477 5
1478 0
1479 20
1480 5
1481 17
1482 11
1483 9
1484 14
1485 2
1486 6
1487 32
1488 1
1489 4
1490 14
1491 7
1492 13
1493 0
1494 7
1495 6
1496 41
1497 4
1498 10
1499 1
1500 2
1501 0
1502 1
1503 0
1504 14
1505 6
1506 0
1507 27
1508 61
1509 0
1510 1
1511 12
1512 8
1513 4
1514 4
1515 0
1516 2
1517 2
1518 10
1519 0
1520 2
1521 11
1522 10
1523 7
1524 0
1525 36
1526 0
1527 0
1528 15
1529 0
1530 0
1531 0
1532 6
1533 1
1534 0
1535 24
1536 12
1537 20
1538 10
1539 1
1540 0
1541 0
1542 7
1543 0
1544 2
1545 0
1546 6
1547 9
1548 2
1549 3
1550 6
1551 8
1552 9
1553 4
1554 29
1555 16
1556 8
1557 8
1558 1
1559 1
1560 6
1561 0
1562 5
1563 1
1564 4
1565 1
1566 10
1567 1
1568 2
1569 3
1570 0
1571 68
1572 21
1573 1
1574 14
1575 12
1576 25
1577 11
1578 8
1579 35
1580 2
1581 29
1582 0
1583 4
1584 30
1585 9
1586 1
1587 1
1588 3
1589 27
1590 8
1591 3
1592 35
1593 17
1594 11
1595 18
1596 28
1597 4
