1 1
2 5
3 33
4 17
5 21
6 12
7 0
8 0
9 9
10 0
11 0
12 5
13 3
14 3
15 10
16 10
17 28
18 21
19 0
20 0
21 24
22 5
23 4
24 15
25 63
26 15
27 10
28 3
29 9
30 0
31 5
32 26
33 2
34 8
35 43
36 17
37 24
38 21
39 18
40 3
41 0
42 7
43 20
44 8
45 16
46 0
47 6
48 16
49 30
50 6
51 11
52 0
53 36
54 3
55 2
56 25
57 4
58 33
59 16
60 42
61 44
62 47
63 15
64 0
65 34
66 14
67 2
68 2
69 5
70 7
71 1
72 35
73 13
74 72
75 69
76 1
77 2
78 0
79 9
80 7
81 42
82 1
83 7
84 9
85 8
86 12
87 5
88 16
89 7
90 19
91 3
92 24
93 14
94 17
95 7
96 14
97 19
98 0
99 6
100 10
101 15
102 4
103 8
104 2
105 0
106 5
107 8
108 32
109 4
110 1
111 3
112 56
113 3
114 8
115 4
116 11
117 3
118 8
119 3
120 53
121 0
122 4
123 9
124 11
125 3
126 4
127 0
128 2
129 0
130 3
131 5
132 4
133 6
134 7
135 29
136 3
137 0
138 7
139 4
140 3
141 11
142 1
143 8
144 9
145 27
146 12
147 20
148 1
149 2
150 5
151 7
152 2
153 2
154 5
155 3
156 0
157 2
158 13
159 63
160 10
161 0
162 4
163 24
164 0
165 17
166 39
167 9
168 18
169 3
170 0
171 10
172 3
173 5
174 7
175 17
176 10
177 20
178 1
179 21
180 23
181 20
182 14
183 13
184 5
185 10
186 4
187 2
188 31
189 1
190 0
191 12
192 7
193 10
194 5
195 10
196 9
197 10
198 1
199 4
200 12
201 5
202 2
203 1
204 6
205 3
206 20
207 10
208 9
209 21
210 6
211 1
212 2
213 2
214 6
215 0
216 11
217 21
218 13
219 23
220 9
221 4
222 12
223 1
224 0
225 37
226 0
227 1
228 14
229 3
230 6
231 10
232 21
233 12
234 0
235 5
236 14
237 10
238 13
239 30
240 8
241 8
242 1
243 8
244 6
245 0
246 17
247 59
248 7
249 4
250 6
251 6
252 6
253 7
254 14
255 15
256 10
257 19
258 0
259 3
260 4
261 13
262 0
263 17
264 3
265 17
266 7
267 18
268 0
269 4
270 0
271 5
272 0
273 0
274 0
275 23
276 7
277 0
278 3
279 9
280 5
281 4
282 2
283 4
284 19
285 2
286 6
287 5
288 0
289 2
290 6
291 56
292 5
293 14
294 1
295 6
296 8
297 0
298 15
299 10
300 1
301 0
302 4
303 5
304 4
305 2
306 0
307 21
308 36
309 7
310 5
311 5
312 9
313 17
314 35
315 14
316 19
317 2
318 5
319 9
320 10
321 16
322 12
323 30
324 16
325 6
326 5
327 2
328 23
329 5
330 16
331 10
332 6
333 24
334 48
335 14
336 2
337 18
338 0
339 9
340 5
341 16
342 43
343 6
344 24
345 1
346 6
347 6
348 1
349 4
350 0
351 24
352 3
353 20
354 1
355 71
356 6
357 3
358 18
359 20
360 0
361 17
362 4
363 2
364 15
365 2
366 4
367 3
368 0
369 1
370 1
371 22
372 0
373 4
374 5
375 0
376 8
377 3
378 5
379 10
380 10
381 10
382 3
383 1
384 3
385 13
386 10
387 28
388 2
389 11
390 0
391 48
392 9
393 9
394 2
395 15
396 0
397 9
398 10
399 0
400 9
401 12
402 33
403 3
404 14
405 7
406 5
407 27
408 2
409 1
410 0
411 9
412 2
413 10
414 6
415 6
416 15
417 1
418 3
419 11
420 4
421 18
422 12
423 4
424 13
425 2
426 6
427 8
428 1
429 6
430 6
431 2
432 1
433 2
434 0
435 0
436 7
437 2
438 0
439 2
440 20
441 3
442 3
443 5
444 2
445 0
446 14
447 3
448 4
449 6
450 8
451 8
452 6
453 8
454 6
455 11
456 13
457 3
458 2
459 4
460 1
461 14
462 8
463 7
464 4
465 4
466 18
467 4
468 0
469 0
470 14
471 7
472 17
473 8
474 2
475 7
476 18
477 11
478 2
479 1
480 3
481 3
482 23
483 0
484 4
485 3
486 3
487 5
488 2
489 8
490 8
491 20
492 13
493 6
494 3
495 11
496 22
497 18
498 10
499 1
500 2
501 1
502 3
503 7
504 0
505 7
506 5
507 2
508 9
509 14
510 1
511 9
512 0
513 11
514 11
515 10
516 6
517 10
518 17
519 9
520 5
521 0
522 7
523 10
524 3
525 16
526 15
527 0
528 0
529 0
530 12
531 2
532 55
533 0
534 13
535 5
536 5
537 6
538 9
539 18
540 10
541 31
542 16
543 5
544 52
545 2
546 6
547 4
548 1
549 22
550 5
551 4
552 11
553 8
554 7
555 6
556 18
557 5
558 7
559 8
560 2
561 22
562 26
563 9
564 9
565 5
566 0
567 18
568 3
569 40
570 0
571 27
572 14
573 73
574 14
575 12
576 7
577 0
578 14
579 27
580 12
581 11
582 10
583 0
584 9
585 0
586 0
587 3
588 0
589 13
590 25
591 5
592 10
593 35
594 2
595 16
596 5
597 10
598 17
599 0
600 11
601 4
602 3
603 8
604 2
605 25
606 0
607 12
608 8
609 2
610 4
611 55
612 0
613 1
614 10
615 6
616 9
617 32
618 0
619 5
620 0
621 27
622 8
623 12
624 5
625 13
626 11
627 16
628 8
629 2
630 17
631 1
632 5
633 14
634 9
635 7
636 4
637 12
638 11
639 0
640 0
641 6
642 8
643 18
644 4
645 4
646 4
647 14
648 1
649 2
650 10
651 17
652 5
653 7
654 33
655 4
656 2
657 5
658 5
659 8
660 7
661 9
662 12
663 2
664 5
665 6
666 0
667 17
668 25
669 4
670 6
671 7
672 22
673 13
674 17
675 2
676 18
677 8
678 8
679 7
680 2
681 1
682 2
683 6
684 11
685 1
686 6
687 18
688 11
689 9
690 5
691 0
692 16
693 0
694 7
695 2
696 22
697 15
698 0
699 3
700 4
701 12
702 5
703 10
704 10
705 1
706 3
707 0
708 15
709 1
710 5
711 21
712 4
713 27
714 7
715 12
716 8
717 7
718 5
719 12
720 0
721 3
722 5
723 9
724 2
725 4
726 16
727 4
728 3
729 7
730 24
731 0
732 14
733 5
734 29
735 9
736 22
737 1
738 10
739 5
740 6
741 1
742 4
743 3
744 31
745 0
746 7
747 6
748 1
749 27
750 14
751 12
752 22
753 6
754 22
755 3
756 5
757 17
758 5
759 0
760 3
761 10
762 2
763 18
764 6
765 4
766 7
767 4
768 14
769 0
770 0
771 0
772 0
773 19
774 11
775 35
776 4
777 6
778 15
779 14
780 0
781 0
782 0
783 0
784 2
785 1
786 7
787 2
788 30
789 7
790 3
791 18
792 0
793 20
794 0
795 1
796 10
797 10
798 12
799 3
800 3
801 0
802 16
803 3
804 6
805 1
806 2
807 0
808 3
809 3
810 1
811 3
812 4
813 2
814 9
815 12
816 3
817 33
818 3
819 1
820 10
821 2
822 11
823 2
824 2
825 14
826 10
827 4
828 22
829 3
830 20
831 12
832 3
833 0
834 0
835 6
836 5
837 8
838 16
839 0
840 0
841 0
842 11
843 7
844 16
845 3
846 6
847 20
848 18
849 6
850 3
851 14
852 1
853 2
854 16
855 8
856 6
857 9
858 0
859 5
860 2
861 2
862 0
863 6
864 6
865 1
866 4
867 25
868 2
869 15
870 12
871 10
872 10
873 9
874 9
875 3
876 5
877 1
878 18
879 6
880 1
881 2
882 6
883 2
884 6
885 0
886 7
887 5
888 6
889 0
890 5
891 6
892 0
893 0
894 1
895 0
896 4
897 1
898 9
899 6
900 22
901 1
902 15
903 3
904 8
905 1
906 6
907 12
908 5
909 3
910 10
911 4
912 19
913 1
914 2
915 9
916 23
917 6
918 2
919 2
920 4
921 1
922 3
923 7
924 3
925 5
926 1
927 1
928 7
929 2
930 8
931 9
932 4
933 3
934 12
935 23
936 7
937 0
938 8
939 4
940 3
941 5
942 8
943 3
944 0
945 0
946 2
947 5
948 28
949 5
950 0
951 3
952 2
953 0
954 1
955 0
956 32
957 8
958 16
959 13
960 2
961 9
962 2
963 7
964 7
965 10
966 13
967 3
968 7
969 5
970 21
971 7
972 11
973 6
974 21
975 5
976 6
977 19
978 8
979 1
980 0
981 22
982 2
983 0
984 0
985 42
986 11
987 3
988 48
989 0
990 15
991 26
992 32
993 0
994 48
995 6
996 18
997 11
998 5
999 0
1000 1
1001 17
1002 36
1003 5
1004 16
1005 2
1006 18
1007 7
1008 42
1009 17
1010 5
1011 8
1012 3
1013 5
1014 41
1015 17
1016 5
1017 18
1018 2
1019 8
1020 6
1021 15
1022 2
1023 5
1024 6
1025 4
1026 0
1027 4
1028 1
1029 13
1030 0
1031 20
1032 31
1033 12
1034 10
1035 0
1036 15
1037 8
1038 2
1039 12
1040 5
1041 1
1042 21
1043 10
1044 5
1045 19
1046 6
1047 0
1048 8
1049 0
1050 0
1051 7
1052 26
1053 4
1054 12
1055 22
1056 7
1057 0
1058 31
1059 6
1060 0
1061 10
1062 0
1063 0
1064 18
1065 0
1066 4
1067 1
1068 0
1069 6
1070 0
1071 11
1072 0
1073 2
1074 6
1075 6
1076 18
1077 3
1078 5
1079 3
1080 20
1081 10
1082 33
1083 23
1084 14
1085 5
1086 0
1087 18
1088 3
1089 0
1090 3
1091 16
1092 0
1093 8
1094 4
1095 1
1096 1
1097 11
1098 10
1099 19
1100 7
1101 1
1102 0
1103 6
1104 5
1105 24
1106 16
1107 12
1108 25
1109 51
1110 11
1111 21
1112 5
1113 8
1114 0
1115 1
1116 0
1117 31
1118 0
1119 0
1120 10
1121 6
1122 0
1123 0
1124 1
1125 1
1126 15
1127 0
1128 2
1129 0
1130 45
1131 15
1132 0
1133 10
1134 3
1135 2
1136 5
1137 7
1138 1
1139 6
1140 6
1141 0
1142 4
1143 0
1144 18
1145 0
1146 5
1147 8
1148 9
1149 5
1150 15
1151 1
1152 17
1153 4
1154 15
1155 8
1156 8
1157 0
1158 3
1159 17
1160 3
1161 11
1162 0
1163 34
1164 6
1165 5
1166 6
1167 5
1168 22
1169 1
1170 12
1171 0
1172 5
1173 10
1174 42
1175 4
1176 9
1177 13
1178 26
1179 1
1180 3
1181 4
1182 4
1183 3
1184 7
1185 0
1186 22
1187 29
1188 0
1189 28
1190 18
1191 29
1192 27
1193 15
1194 5
1195 2
1196 5
1197 0
1198 10
1199 51
1200 3
1201 14
1202 0
1203 2
1204 1
1205 3
1206 1
1207 14
1208 31
1209 7
1210 2
1211 10
1212 0
1213 0
1214 7
1215 1
1216 24
1217 25
1218 7
1219 13
1220 0
1221 3
1222 8
1223 17
1224 21
1225 8
1226 2
1227 10
1228 4
1229 0
1230 18
1231 18
1232 9
1233 21
1234 13
1235 0
1236 9
1237 5
1238 31
1239 19
1240 0
1241 3
1242 13
1243 0
1244 9
1245 2
1246 26
1247 35
1248 16
1249 9
1250 28
1251 1
1252 9
1253 3
1254 4
1255 0
1256 4
1257 4
1258 2
1259 5
1260 2
1261 15
1262 9
1263 13
1264 13
1265 52
1266 24
1267 17
1268 7
1269 5
1270 6
1271 0
1272 4
1273 3
1274 3
1275 12
1276 8
1277 11
1278 33
1279 0
1280 9
1281 2
1282 0
1283 15
1284 0
1285 0
1286 12
1287 0
1288 9
1289 7
1290 19
1291 10
1292 5
1293 9
1294 4
1295 8
1296 2
1297 36
1298 5
1299 2
1300 5
1301 1
1302 2
1303 41
1304 2
1305 12
1306 1
1307 15
1308 0
1309 12
1310 2
1311 8
1312 3
1313 0
1314 13
1315 0
1316 1
1317 0
1318 1
1319 5
1320 13
1321 6
1322 1
1323 9
1324 0
1325 6
1326 18
1327 7
1328 7
1329 0
1330 9
1331 0
1332 2
1333 6
1334 16
1335 11
1336 1
1337 12
1338 20
1339 6
1340 0
1341 1
1342 3
1343 15
1344 10
1345 4
1346 0
1347 3
1348 0
1349 12
1350 9
1351 19
1352 9
1353 2
1354 0
1355 8
1356 4
1357 15
1358 12
1359 18
1360 2
1361 2
1362 3
1363 7
1364 3
1365 3
1366 6
1367 10
1368 16
1369 8
1370 7
1371 19
1372 3
1373 22
1374 1
1375 9
1376 9
1377 0
1378 3
1379 11
1380 40
1381 8
1382 5
1383 4
1384 25
1385 0
1386 13
1387 6
1388 7
1389 0
1390 14
1391 0
1392 1
1393 0
1394 10
1395 6
1396 26
1397 9
1398 0
1399 3
1400 3
1401 3
1402 17
1403 3
1404 11
1405 43
1406 3
1407 8
1408 3
1409 39
1410 18
1411 5
1412 5
1413 39
1414 0
1415 11
1416 34
1417 0
1418 14
1419 0
1420 0
1421 2
1422 26
1423 11
1424 8
1425 77
1426 0
1427 1
1428 2
1429 15
1430 1
1431 4
1432 12
1433 0
1434 6
1435 23
1436 4
1437 4
1438 0
1439 0
1440 14
1441 3
1442 4
1443 9
1444 0
1445 4
1446 4
1447 21
1448 33
1449 24
1450 4
1451 7
1452 2
1453 9
1454 3
1455 12
1456 7
1457 0
1458 12
1459 11
1460 24
1461 1
1462 9
1463 3
1464 3
1465 27
1466 13
1467 20
1468 19
1469 14
1470 12
1471 15
1472 28
1473 7
1474 21
1475 23
1476 23
1477 12
1478 10
1479 23
1480 4
1481 18
1482 7
1483 1
1484 10
1485 15
1486 10
1487 23
1488 9
1489 3
1490 25
1491 3
1492 14
1493 0
1494 30
1495 36
1496 2
1497 0
1498 0
1499 0
1500 0
1501 5
1502 0
1503 15
1504 7
1505 3
1506 1
1507 7
1508 41
1509 0
1510 6
1511 18
1512 15
1513 2
1514 11
1515 0
1516 6
1517 2
1518 14
1519 0
1520 3
1521 9
1522 17
1523 13
1524 1
1525 6
1526 1
1527 2
1528 19
1529 9
1530 5
1531 4
1532 12
1533 3
1534 0
1535 52
1536 34
1537 12
1538 1
1539 7
1540 0
1541 6
1542 1
1543 2
1544 0
1545 12
1546 2
1547 2
1548 2
1549 2
1550 0
1551 9
1552 27
1553 1
1554 24
1555 14
1556 7
1557 7
1558 3
1559 2
1560 5
1561 19
1562 40
1563 4
1564 3
1565 8
1566 12
1567 1
1568 1
1569 16
1570 0
1571 10
1572 11
1573 4
1574 12
1575 7
1576 8
1577 26
1578 23
1579 1
1580 1
1581 5
1582 0
1583 11
1584 44
1585 15
1586 4
1587 2
1588 30
1589 2
1590 10
1591 2
1592 24
1593 5
1594 5
1595 6
1596 74
1597 5
