1 1
2 0
3 6
4 12
5 13
6 20
7 0
8 0
9 11
10 0
11 0
12 0
13 1
14 2
15 0
16 11
17 10
18 17
19 6
20 2
21 4
22 1
23 2
24 25
25 17
26 6
27 1
28 4
29 8
30 7
31 30
32 22
33 3
34 3
35 15
36 7
37 25
38 14
39 3
40 5
41 0
42 0
43 3
44 3
45 28
46 2
47 0
48 7
49 1
50 26
51 11
52 0
53 9
54 1
55 0
56 14
57 3
58 21
59 6
60 33
61 15
62 21
63 0
64 1
65 23
66 20
67 2
68 3
69 1
70 3
71 1
72 28
73 14
74 16
75 28
76 7
77 3
78 19
79 13
80 3
81 15
82 0
83 6
84 9
85 7
86 4
87 3
88 0
89 27
90 13
91 4
92 6
93 38
94 5
95 4
96 14
97 7
98 1
99 11
100 0
101 23
102 14
103 6
104 1
105 5
106 7
107 0
108 3
109 4
110 0
111 0
112 13
113 1
114 16
115 7
116 9
117 5
118 8
119 7
120 23
121 5
122 1
123 9
124 42
125 12
126 24
127 6
128 9
129 2
130 2
131 8
132 8
133 53
134 10
135 6
136 2
137 3
138 9
139 9
140 11
141 16
142 0
143 2
144 3
145 15
146 9
147 11
148 8
149 17
150 0
151 14
152 0
153 7
154 3
155 2
156 5
157 14
158 15
159 9
160 0
161 2
162 5
163 7
164 6
165 3
166 35
167 9
168 4
169 14
170 0
171 4
172 11
173 1
174 9
175 15
176 0
177 35
178 9
179 27
180 17
181 21
182 1
183 5
184 3
185 20
186 7
187 2
188 43
189 1
190 4
191 15
192 7
193 11
194 8
195 7
196 1
197 4
198 7
199 3
200 13
201 5
202 0
203 4
204 11
205 1
206 14
207 12
208 33
209 24
210 5
211 3
212 0
213 10
214 30
215 0
216 1
217 25
218 17
219 17
220 19
221 2
222 37
223 3
224 5
225 16
226 3
227 2
228 0
229 0
230 7
231 15
232 9
233 7
234 2
235 3
236 14
237 11
238 3
239 10
240 6
241 23
242 3
243 5
244 1
245 0
246 4
247 4
248 9
249 0
250 1
251 5
252 2
253 10
254 7
255 2
256 8
257 5
258 4
259 7
260 13
261 7
262 3
263 3
264 2
265 12
266 3
267 9
268 1
269 7
270 0
271 26
272 1
273 7
274 4
275 14
276 5
277 9
278 1
279 4
280 8
281 7
282 12
283 26
284 1
285 4
286 4
287 16
288 1
289 0
290 24
291 24
292 1
293 19
294 6
295 3
296 2
297 0
298 17
299 8
300 4
301 0
302 31
303 7
304 3
305 27
306 5
307 21
308 35
309 6
310 2
311 17
312 9
313 14
314 85
315 17
316 30
317 3
318 16
319 0
320 22
321 19
322 5
323 18
324 3
325 2
326 7
327 5
328 21
329 2
330 0
331 3
332 10
333 8
334 10
335 36
336 5
337 5
338 14
339 6
340 1
341 6
342 17
343 16
344 22
345 8
346 11
347 8
348 6
349 3
350 3
351 32
352 23
353 4
354 7
355 92
356 7
357 3
358 23
359 45
360 0
361 12
362 5
363 2
364 2
365 7
366 4
367 21
368 2
369 1
370 0
371 48
372 5
373 1
374 37
375 2
376 1
377 19
378 2
379 12
380 4
381 1
382 0
383 4
384 6
385 15
386 9
387 7
388 4
389 29
390 5
391 16
392 6
393 19
394 4
395 18
396 11
397 6
398 20
399 0
400 12
401 8
402 7
403 0
404 9
405 19
406 7
407 0
408 13
409 2
410 14
411 2
412 5
413 2
414 4
415 28
416 37
417 1
418 13
419 18
420 8
421 5
422 9
423 6
424 10
425 8
426 14
427 16
428 25
429 3
430 1
431 15
432 1
433 6
434 0
435 13
436 2
437 0
438 2
439 24
440 23
441 11
442 4
443 18
444 4
445 2
446 3
447 9
448 6
449 1
450 8
451 4
452 7
453 8
454 26
455 13
456 8
457 36
458 7
459 4
460 3
461 4
462 13
463 23
464 20
465 11
466 9
467 7
468 2
469 0
470 6
471 17
472 11
473 25
474 10
475 16
476 8
477 7
478 2
479 0
480 0
481 3
482 11
483 0
484 0
485 3
486 3
487 2
488 1
489 0
490 2
491 2
492 0
493 0
494 1
495 3
496 9
497 0
498 3
499 4
500 0
501 6
502 2
503 1
504 1
505 13
506 5
507 0
508 3
509 5
510 2
511 3
512 0
513 35
514 2
515 11
516 1
517 5
518 5
519 0
520 1
521 4
522 5
523 7
524 4
525 2
526 1
527 1
528 1
529 0
530 14
531 3
532 1
533 0
534 1
535 0
536 5
537 4
538 2
539 5
540 10
541 8
542 3
543 2
544 15
545 4
546 5
547 0
548 1
549 16
550 3
551 0
552 5
553 11
554 9
555 4
556 22
557 7
558 7
559 13
560 5
561 6
562 22
563 4
564 16
565 4
566 1
567 1
568 10
569 15
570 0
571 35
572 0
573 65
574 30
575 22
576 3
577 0
578 3
579 5
580 2
581 7
582 8
583 9
584 20
585 1
586 7
587 0
588 1
589 2
590 3
591 5
592 7
593 7
594 0
595 7
596 16
597 7
598 14
599 11
600 10
601 0
602 0
603 3
604 11
605 25
606 4
607 18
608 9
609 15
610 4
611 30
612 0
613 0
614 12
615 7
616 7
617 11
618 0
619 6
620 0
621 20
622 8
623 14
624 18
625 0
626 13
627 13
628 3
629 6
630 5
631 6
632 6
633 15
634 6
635 10
636 0
637 2
638 15
639 0
640 0
641 5
642 6
643 17
644 0
645 29
646 2
647 7
648 9
649 7
650 3
651 46
652 7
653 4
654 40
655 10
656 3
657 2
658 4
659 3
660 30
661 11
662 9
663 8
664 0
665 10
666 9
667 30
668 7
669 8
670 6
671 10
672 8
673 6
674 5
675 0
676 13
677 17
678 9
679 1
680 7
681 44
682 5
683 2
684 41
685 0
686 11
687 4
688 8
689 9
690 0
691 6
692 18
693 12
694 15
695 7
696 51
697 15
698 3
699 7
700 3
701 12
702 16
703 27
704 23
705 2
706 12
707 1
708 0
709 8
710 1
711 12
712 4
713 4
714 1
715 8
716 6
717 1
718 0
719 18
720 16
721 3
722 1
723 10
724 0
725 0
726 4
727 7
728 5
729 12
730 13
731 2
732 0
733 34
734 40
735 2
736 0
737 15
738 2
739 5
740 1
741 4
742 4
743 6
744 33
745 0
746 4
747 9
748 9
749 4
750 11
751 6
752 2
753 6
754 8
755 15
756 5
757 4
758 10
759 4
760 0
761 17
762 5
763 14
764 11
765 13
766 9
767 0
768 12
769 0
770 0
771 0
772 2
773 2
774 0
775 16
776 3
777 3
778 6
779 18
780 5
781 1
782 2
783 4
784 4
785 1
786 6
787 4
788 10
789 1
790 1
791 9
792 26
793 7
794 3
795 1
796 20
797 3
798 4
799 4
800 0
801 0
802 22
803 9
804 10
805 12
806 4
807 0
808 2
809 8
810 2
811 32
812 5
813 1
814 4
815 5
816 0
817 3
818 12
819 0
820 12
821 0
822 20
823 4
824 5
825 8
826 3
827 4
828 5
829 15
830 8
831 17
832 3
833 3
834 0
835 12
836 8
837 15
838 2
839 2
840 5
841 0
842 2
843 7
844 9
845 0
846 8
847 5
848 8
849 5
850 4
851 33
852 0
853 0
854 9
855 3
856 17
857 8
858 6
859 3
860 1
861 9
862 1
863 2
864 18
865 4
866 1
867 21
868 1
869 7
870 9
871 15
872 3
873 0
874 7
875 6
876 2
877 0
878 35
879 8
880 3
881 5
882 0
883 0
884 2
885 1
886 0
887 5
888 1
889 0
890 1
891 1
892 2
893 5
894 2
895 9
896 2
897 1
898 5
899 2
900 3
901 1
902 4
903 1
904 0
905 3
906 0
907 1
908 13
909 0
910 0
911 0
912 0
913 7
914 3
915 4
916 2
917 3
918 0
919 4
920 1
921 1
922 1
923 0
924 18
925 6
926 3
927 5
928 1
929 2
930 2
931 6
932 0
933 10
934 1
935 2
936 2
937 0
938 8
939 11
940 0
941 0
942 2
943 1
944 1
945 1
946 7
947 1
948 4
949 18
950 2
951 0
952 3
953 0
954 3
955 0
956 6
957 13
958 6
959 4
960 0
961 10
962 0
963 2
964 9
965 7
966 7
967 0
968 10
969 1
970 12
971 4
972 14
973 0
974 48
975 2
976 19
977 7
978 1
979 4
980 3
981 3
982 3
983 4
984 3
985 19
986 21
987 3
988 2
989 7
990 6
991 15
992 62
993 2
994 12
995 10
996 35
997 27
998 6
999 2
1000 2
1001 9
1002 17
1003 1
1004 9
1005 0
1006 28
1007 12
1008 33
1009 24
1010 1
1011 0
1012 50
1013 2
1014 54
1015 24
1016 12
1017 3
1018 7
1019 5
1020 1
1021 16
1022 1
1023 2
1024 0
1025 0
1026 5
1027 8
1028 2
1029 1
1030 6
1031 18
1032 4
1033 1
1034 7
1035 1
1036 3
1037 0
1038 2
1039 6
1040 4
1041 1
1042 12
1043 6
1044 3
1045 14
1046 14
1047 4
1048 6
1049 0
1050 0
1051 15
1052 11
1053 0
1054 11
1055 0
1056 17
1057 0
1058 14
1059 3
1060 0
1061 6
1062 0
1063 0
1064 23
1065 3
1066 8
1067 0
1068 7
1069 15
1070 0
1071 10
1072 2
1073 0
1074 1
1075 3
1076 12
1077 21
1078 12
1079 2
1080 20
1081 2
1082 8
1083 9
1084 4
1085 0
1086 5
1087 10
1088 0
1089 0
1090 5
1091 2
1092 4
1093 4
1094 10
1095 0
1096 4
1097 7
1098 27
1099 1
1100 0
1101 0
1102 2
1103 13
1104 24
1105 24
1106 22
1107 24
1108 10
1109 7
1110 0
1111 8
1112 0
1113 0
1114 5
1115 21
1116 2
1117 10
1118 0
1119 0
1120 4
1121 0
1122 15
1123 1
1124 21
1125 2
1126 19
1127 7
1128 2
1129 5
1130 41
1131 39
1132 1
1133 1
1134 3
1135 2
1136 6
1137 0
1138 2
1139 2
1140 0
1141 0
1142 2
1143 0
1144 0
1145 0
1146 6
1147 3
1148 1
1149 6
1150 14
1151 4
1152 13
1153 0
1154 14
1155 8
1156 8
1157 6
1158 5
1159 6
1160 0
1161 3
1162 0
1163 4
1164 3
1165 10
1166 5
1167 2
1168 1
1169 0
1170 3
1171 7
1172 5
1173 0
1174 4
1175 1
1176 0
1177 21
1178 3
1179 3
1180 4
1181 1
1182 14
1183 1
1184 3
1185 6
1186 10
1187 4
1188 0
1189 10
1190 6
1191 5
1192 23
1193 28
1194 3
1195 1
1196 2
1197 4
1198 1
1199 11
1200 8
1201 19
1202 1
1203 4
1204 10
1205 1
1206 0
1207 6
1208 12
1209 6
1210 3
1211 7
1212 8
1213 0
1214 0
1215 6
1216 20
1217 21
1218 1
1219 13
1220 0
1221 2
1222 8
1223 3
1224 9
1225 2
1226 0
1227 12
1228 2
1229 4
1230 3
1231 10
1232 1
1233 25
1234 15
1235 1
1236 1
1237 4
1238 17
1239 8
1240 23
1241 0
1242 4
1243 5
1244 2
1245 2
1246 2
1247 20
1248 7
1249 10
1250 9
1251 9
1252 1
1253 3
1254 1
1255 4
1256 6
1257 6
1258 15
1259 18
1260 15
1261 17
1262 7
1263 10
1264 4
1265 7
1266 12
1267 9
1268 4
1269 1
1270 3
1271 4
1272 8
1273 6
1274 5
1275 4
1276 3
1277 2
1278 6
1279 3
1280 1
1281 13
1282 7
1283 1
1284 4
1285 4
1286 13
1287 2
1288 0
1289 13
1290 0
1291 2
1292 2
1293 18
1294 1
1295 12
1296 8
1297 34
1298 6
1299 0
1300 47
1301 0
1302 2
1303 32
1304 0
1305 1
1306 5
1307 24
1308 2
1309 2
1310 5
1311 7
1312 0
1313 0
1314 13
1315 4
1316 5
1317 1
1318 7
1319 4
1320 16
1321 14
1322 0
1323 0
1324 0
1325 0
1326 18
1327 0
1328 3
1329 0
1330 15
1331 0
1332 0
1333 9
1334 18
1335 18
1336 0
1337 1
1338 9
1339 20
1340 0
1341 6
1342 3
1343 6
1344 13
1345 12
1346 0
1347 5
1348 0
1349 5
1350 12
1351 3
1352 5
1353 10
1354 0
1355 3
1356 1
1357 0
1358 2
1359 52
1360 2
1361 5
1362 0
1363 5
1364 2
1365 2
1366 9
1367 3
1368 7
1369 24
1370 7
1371 7
1372 3
1373 6
1374 10
1375 8
1376 13
1377 0
1378 7
1379 14
1380 9
1381 24
1382 8
1383 4
1384 2
1385 2
1386 12
1387 4
1388 21
1389 0
1390 7
1391 2
1392 2
1393 1
1394 6
1395 15
1396 9
1397 5
1398 7
1399 4
1400 1
1401 3
1402 24
1403 15
1404 19
1405 2
1406 1
1407 18
1408 2
1409 40
1410 4
1411 1
1412 12
1413 0
1414 3
1415 29
1416 0
1417 12
1418 3
1419 0
1420 2
1421 18
1422 1
1423 4
1424 0
1425 14
1426 1
1427 1
1428 5
1429 0
1430 8
1431 4
1432 8
1433 8
1434 0
1435 75
1436 14
1437 3
1438 0
1439 2
1440 36
1441 1
1442 0
1443 18
1444 2
1445 4
1446 8
1447 3
1448 1
1449 13
1450 6
1451 11
1452 9
1453 9
1454 6
1455 7
1456 5
1457 5
1458 7
1459 8
1460 11
1461 3
1462 5
1463 0
1464 3
1465 8
1466 48
1467 20
1468 6
1469 10
1470 14
1471 23
1472 9
1473 8
1474 1
1475 21
1476 7
1477 12
1478 4
1479 9
1480 3
1481 5
1482 49
1483 0
1484 10
1485 7
1486 8
1487 12
1488 0
1489 2
1490 14
1491 8
1492 4
1493 0
1494 5
1495 1
1496 2
1497 4
1498 0
1499 0
1500 4
1501 2
1502 0
1503 5
1504 6
1505 1
1506 1
1507 13
1508 16
1509 1
1510 0
1511 8
1512 1
1513 0
1514 3
1515 0
1516 0
1517 2
1518 0
1519 1
1520 9
1521 12
1522 70
1523 13
1524 8
1525 20
1526 1
1527 2
1528 2
1529 1
1530 1
1531 7
1532 1
1533 3
1534 3
1535 14
1536 9
1537 27
1538 0
1539 6
1540 1
1541 1
1542 0
1543 5
1544 0
1545 2
1546 0
1547 0
1548 0
1549 8
1550 22
1551 1
1552 7
1553 2
1554 8
1555 2
1556 2
1557 19
1558 2
1559 1
1560 10
1561 4
1562 11
1563 30
1564 6
1565 6
1566 7
1567 0
1568 0
1569 6
1570 0
1571 20
1572 16
1573 4
1574 2
1575 38
1576 20
1577 4
1578 5
1579 9
1580 3
1581 1
1582 4
1583 7
1584 5
1585 1
1586 0
1587 2
1588 2
1589 2
1590 5
1591 1
1592 10
1593 4
1594 14
1595 16
1596 21
1597 6
