1 1
2 0
3 16
4 2
5 4
6 3
7 0
8 0
9 13
10 4
11 1
12 2
13 0
14 4
15 5
16 3
17 4
18 5
19 0
20 0
21 0
22 0
23 7
24 15
25 10
26 6
27 4
28 3
29 6
30 2
31 2
32 7
33 0
34 15
35 9
36 9
37 16
38 1
39 11
40 13
41 7
42 3
43 8
44 0
45 10
46 0
47 1
48 24
49 0
50 7
51 3
52 0
53 1
54 2
55 3
56 2
57 1
58 4
59 15
60 15
61 2
62 8
63 3
64 0
65 30
66 2
67 0
68 0
69 7
70 48
71 0
72 1
73 61
74 15
75 20
76 0
77 6
78 11
79 7
80 21
81 34
82 5
83 11
84 10
85 2
86 2
87 3
88 1
89 9
90 28
91 3
92 6
93 10
94 12
95 2
96 13
97 5
98 1
99 2
100 5
101 30
102 0
103 13
104 3
105 0
106 14
107 5
108 3
109 1
110 2
111 2
112 20
113 5
114 68
115 0
116 6
117 13
118 8
119 2
120 8
121 1
122 2
123 3
124 18
125 5
126 12
127 5
128 7
129 7
130 0
131 5
132 1
133 8
134 0
135 0
136 1
137 0
138 7
139 6
140 4
141 2
142 2
143 0
144 1
145 43
146 0
147 3
148 9
149 3
150 3
151 13
152 1
153 3
154 4
155 0
156 0
157 0
158 3
159 0
160 0
161 1
162 11
163 2
164 0
165 8
166 7
167 3
168 1
169 4
170 1
171 1
172 2
173 1
174 2
175 9
176 1
177 13
178 3
179 9
180 13
181 5
182 0
183 13
184 0
185 13
186 14
187 3
188 15
189 1
190 0
191 8
192 0
193 6
194 10
195 10
196 2
197 0
198 2
199 3
200 4
201 5
202 2
203 6
204 2
205 2
206 2
207 0
208 9
209 6
210 0
211 6
212 2
213 0
214 15
215 4
216 1
217 11
218 5
219 1
220 9
221 0
222 0
223 1
224 0
225 10
226 1
227 2
228 2
229 1
230 5
231 6
232 8
233 10
234 0
235 1
236 0
237 8
238 4
239 8
240 5
241 28
242 3
243 12
244 0
245 2
246 3
247 20
248 20
249 3
250 11
251 1
252 0
253 3
254 0
255 0
256 8
257 2
258 8
259 5
260 6
261 0
262 0
263 15
264 0
265 2
266 0
267 14
268 0
269 0
270 0
271 17
272 10
273 1
274 0
275 1
276 0
277 2
278 0
279 0
280 0
281 2
282 0
283 1
284 0
285 6
286 0
287 0
288 0
289 0
290 5
291 11
292 3
293 1
294 5
295 7
296 0
297 2
298 1
299 1
300 10
301 0
302 14
303 4
304 4
305 0
306 3
307 8
308 16
309 15
310 1
311 2
312 1
313 11
314 35
315 20
316 7
317 0
318 11
319 0
320 1
321 3
322 3
323 10
324 4
325 2
326 3
327 4
328 9
329 0
330 1
331 1
332 10
333 5
334 1
335 24
336 5
337 3
338 1
339 20
340 1
341 16
342 56
343 8
344 10
345 0
346 16
347 9
348 3
349 2
350 1
351 12
352 4
353 16
354 19
355 26
356 9
357 0
358 21
359 25
360 0
361 0
362 3
363 0
364 6
365 0
366 0
367 4
368 0
369 0
370 6
371 14
372 9
373 2
374 1
375 0
376 0
377 7
378 13
379 10
380 5
381 4
382 0
383 1
384 0
385 8
386 2
387 35
388 1
389 4
390 5
391 7
392 4
393 0
394 3
395 6
396 0
397 1
398 6
399 0
400 1
401 8
402 1
403 10
404 1
405 1
406 5
407 1
408 0
409 0
410 0
411 7
412 0
413 12
414 2
415 3
416 3
417 0
418 20
419 5
420 4
421 4
422 18
423 2
424 0
425 9
426 0
427 3
428 2
429 0
430 0
431 11
432 2
433 41
434 0
435 1
436 1
437 0
438 3
439 2
440 4
441 5
442 15
443 2
444 0
445 0
446 0
447 1
448 15
449 0
450 3
451 11
452 2
453 1
454 2
455 0
456 1
457 3
458 1
459 4
460 6
461 5
462 33
463 8
464 8
465 1
466 8
467 0
468 5
469 0
470 12
471 4
472 0
473 6
474 0
475 1
476 5
477 2
478 3
479 0
480 1
481 3
482 2
483 0
484 3
485 2
486 1
487 4
488 8
489 0
490 0
491 3
492 1
493 3
494 2
495 5
496 3
497 2
498 4
499 5
500 0
501 1
502 1
503 0
504 0
505 11
506 14
507 5
508 3
509 6
510 0
511 2
512 0
513 14
514 7
515 7
516 7
517 0
518 3
519 1
520 0
521 42
522 26
523 2
524 0
525 0
526 0
527 0
528 1
529 5
530 31
531 1
532 4
533 17
534 0
535 9
536 2
537 2
538 8
539 12
540 22
541 4
542 7
543 10
544 32
545 2
546 0
547 4
548 1
549 6
550 8
551 2
552 14
553 10
554 3
555 5
556 14
557 9
558 9
559 16
560 36
561 18
562 9
563 3
564 1
565 9
566 4
567 9
568 10
569 22
570 5
571 11
572 3
573 27
574 9
575 3
576 6
577 0
578 3
579 3
580 4
581 11
582 2
583 7
584 1
585 0
586 3
587 1
588 0
589 6
590 6
591 3
592 10
593 15
594 4
595 15
596 3
597 27
598 1
599 0
600 9
601 0
602 1
603 0
604 2
605 10
606 3
607 1
608 2
609 2
610 24
611 9
612 0
613 0
614 1
615 11
616 8
617 1
618 0
619 11
620 0
621 3
622 8
623 2
624 1
625 1
626 2
627 4
628 12
629 2
630 5
631 0
632 0
633 1
634 8
635 6
636 0
637 4
638 9
639 0
640 0
641 12
642 4
643 26
644 0
645 12
646 3
647 3
648 2
649 0
650 0
651 12
652 4
653 0
654 1
655 4
656 7
657 1
658 1
659 4
660 23
661 5
662 0
663 0
664 0
665 1
666 2
667 7
668 6
669 16
670 0
671 2
672 3
673 4
674 10
675 1
676 0
677 10
678 4
679 1
680 1
681 20
682 0
683 0
684 12
685 0
686 14
687 9
688 5
689 8
690 0
691 0
692 7
693 4
694 1
695 1
696 16
697 8
698 3
699 6
700 0
701 0
702 1
703 5
704 28
705 8
706 7
707 1
708 1
709 0
710 2
711 15
712 3
713 6
714 0
715 7
716 6
717 0
718 0
719 0
720 0
721 2
722 0
723 11
724 3
725 0
726 1
727 2
728 4
729 8
730 12
731 1
732 0
733 2
734 10
735 2
736 1
737 2
738 2
739 3
740 1
741 0
742 5
743 0
744 53
745 0
746 2
747 6
748 3
749 1
750 2
751 5
752 1
753 1
754 7
755 1
756 13
757 1
758 7
759 0
760 1
761 1
762 2
763 7
764 3
765 1
766 3
767 1
768 46
769 0
770 0
771 0
772 0
773 8
774 0
775 7
776 0
777 9
778 13
779 7
780 26
781 0
782 0
783 7
784 0
785 0
786 12
787 1
788 7
789 3
790 10
791 4
792 0
793 16
794 0
795 14
796 19
797 4
798 14
799 0
800 0
801 3
802 3
803 2
804 1
805 11
806 0
807 0
808 5
809 7
810 0
811 4
812 0
813 0
814 1
815 15
816 2
817 6
818 1
819 5
820 8
821 0
822 8
823 0
824 2
825 2
826 2
827 6
828 0
829 4
830 1
831 1
832 3
833 1
834 0
835 5
836 9
837 2
838 11
839 0
840 0
841 0
842 1
843 11
844 8
845 1
846 7
847 31
848 10
849 2
850 10
851 5
852 0
853 2
854 7
855 7
856 7
857 0
858 3
859 0
860 0
861 3
862 1
863 11
864 3
865 0
866 0
867 3
868 5
869 17
870 6
871 1
872 4
873 0
874 5
875 1
876 3
877 0
878 28
879 7
880 0
881 4
882 2
883 2
884 2
885 2
886 1
887 10
888 0
889 0
890 3
891 0
892 0
893 6
894 7
895 2
896 9
897 2
898 19
899 0
900 5
901 1
902 1
903 4
904 0
905 6
906 0
907 3
908 14
909 0
910 1
911 0
912 1
913 1
914 0
915 6
916 4
917 6
918 0
919 48
920 0
921 1
922 5
923 20
924 7
925 5
926 18
927 1
928 3
929 7
930 2
931 3
932 0
933 5
934 4
935 1
936 3
937 0
938 18
939 12
940 0
941 3
942 11
943 4
944 3
945 3
946 0
947 0
948 6
949 16
950 2
951 3
952 1
953 0
954 9
955 4
956 45
957 4
958 10
959 9
960 5
961 4
962 0
963 1
964 3
965 2
966 2
967 6
968 0
969 0
970 10
971 3
972 1
973 2
974 7
975 2
976 16
977 10
978 7
979 1
980 0
981 0
982 4
983 2
984 2
985 10
986 0
987 0
988 11
989 1
990 4
991 5
992 17
993 2
994 19
995 2
996 38
997 14
998 1
999 2
1000 2
1001 11
1002 24
1003 0
1004 1
1005 5
1006 5
1007 1
1008 32
1009 28
1010 1
1011 1
1012 8
1013 0
1014 7
1015 2
1016 3
1017 5
1018 0
1019 1
1020 0
1021 4
1022 0
1023 1
1024 0
1025 4
1026 6
1027 0
1028 0
1029 5
1030 2
1031 3
1032 5
1033 5
1034 4
1035 0
1036 7
1037 2
1038 6
1039 5
1040 3
1041 0
1042 4
1043 3
1044 7
1045 2
1046 3
1047 0
1048 10
1049 0
1050 0
1051 1
1052 4
1053 5
1054 0
1055 0
1056 1
1057 0
1058 15
1059 3
1060 8
1061 3
1062 0
1063 6
1064 6
1065 2
1066 2
1067 4
1068 12
1069 0
1070 0
1071 3
1072 0
1073 2
1074 1
1075 1
1076 10
1077 5
1078 39
1079 0
1080 9
1081 9
1082 8
1083 21
1084 3
1085 0
1086 6
1087 0
1088 7
1089 0
1090 1
1091 8
1092 1
1093 9
1094 24
1095 7
1096 11
1097 6
1098 4
1099 15
1100 0
1101 10
1102 3
1103 2
1104 11
1105 20
1106 17
1107 7
1108 13
1109 0
1110 0
1111 5
1112 0
1113 0
1114 1
1115 0
1116 0
1117 0
1118 7
1119 0
1120 4
1121 10
1122 5
1123 0
1124 8
1125 4
1126 17
1127 10
1128 13
1129 3
1130 47
1131 17
1132 5
1133 8
1134 6
1135 1
1136 2
1137 2
1138 2
1139 3
1140 4
1141 11
1142 13
1143 1
1144 1
1145 0
1146 3
1147 1
1148 1
1149 4
1150 4
1151 3
1152 7
1153 0
1154 5
1155 9
1156 20
1157 2
1158 3
1159 6
1160 0
1161 4
1162 0
1163 5
1164 10
1165 1
1166 8
1167 9
1168 4
1169 6
1170 16
1171 0
1172 5
1173 5
1174 17
1175 9
1176 1
1177 16
1178 6
1179 11
1180 13
1181 3
1182 9
1183 1
1184 1
1185 0
1186 0
1187 1
1188 0
1189 1
1190 15
1191 5
1192 3
1193 13
1194 0
1195 0
1196 0
1197 0
1198 0
1199 16
1200 6
1201 9
1202 0
1203 0
1204 3
1205 2
1206 0
1207 0
1208 19
1209 1
1210 4
1211 19
1212 0
1213 3
1214 1
1215 1
1216 5
1217 10
1218 2
1219 11
1220 0
1221 1
1222 5
1223 5
1224 2
1225 0
1226 0
1227 10
1228 3
1229 3
1230 5
1231 7
1232 2
1233 10
1234 0
1235 0
1236 8
1237 4
1238 1
1239 3
1240 0
1241 0
1242 5
1243 5
1244 9
1245 1
1246 1
1247 7
1248 8
1249 2
1250 1
1251 5
1252 7
1253 3
1254 0
1255 2
1256 2
1257 4
1258 3
1259 0
1260 3
1261 24
1262 4
1263 6
1264 3
1265 10
1266 2
1267 7
1268 2
1269 0
1270 0
1271 11
1272 0
1273 0
1274 15
1275 8
1276 7
1277 6
1278 2
1279 0
1280 0
1281 15
1282 3
1283 3
1284 8
1285 1
1286 13
1287 5
1288 3
1289 3
1290 0
1291 0
1292 10
1293 8
1294 2
1295 6
1296 3
1297 17
1298 7
1299 3
1300 11
1301 0
1302 6
1303 21
1304 0
1305 0
1306 0
1307 13
1308 1
1309 4
1310 0
1311 0
1312 1
1313 0
1314 4
1315 0
1316 3
1317 1
1318 2
1319 4
1320 5
1321 4
1322 2
1323 2
1324 4
1325 6
1326 11
1327 1
1328 1
1329 0
1330 3
1331 0
1332 0
1333 10
1334 2
1335 11
1336 0
1337 0
1338 0
1339 4
1340 0
1341 4
1342 3
1343 0
1344 2
1345 0
1346 1
1347 2
1348 1
1349 7
1350 14
1351 4
1352 10
1353 6
1354 0
1355 5
1356 2
1357 2
1358 1
1359 6
1360 7
1361 2
1362 2
1363 0
1364 1
1365 5
1366 2
1367 2
1368 12
1369 8
1370 15
1371 4
1372 1
1373 2
1374 1
1375 8
1376 2
1377 2
1378 0
1379 14
1380 4
1381 9
1382 5
1383 3
1384 26
1385 0
1386 14
1387 2
1388 10
1389 6
1390 0
1391 0
1392 0
1393 4
1394 6
1395 6
1396 2
1397 2
1398 3
1399 2
1400 3
1401 0
1402 2
1403 3
1404 6
1405 8
1406 0
1407 4
1408 0
1409 8
1410 13
1411 1
1412 22
1413 3
1414 0
1415 5
1416 0
1417 4
1418 3
1419 0
1420 0
1421 4
1422 14
1423 1
1424 0
1425 29
1426 0
1427 6
1428 3
1429 0
1430 5
1431 1
1432 22
1433 0
1434 1
1435 2
1436 5
1437 1
1438 7
1439 0
1440 8
1441 0
1442 0
1443 3
1444 0
1445 5
1446 4
1447 7
1448 5
1449 8
1450 11
1451 16
1452 6
1453 17
1454 2
1455 25
1456 0
1457 3
1458 4
1459 5
1460 7
1461 2
1462 0
1463 0
1464 0
1465 18
1466 7
1467 15
1468 5
1469 5
1470 19
1471 2
1472 4
1473 0
1474 4
1475 5
1476 5
1477 8
1478 3
1479 3
1480 5
1481 7
1482 23
1483 2
1484 6
1485 2
1486 4
1487 11
1488 3
1489 0
1490 6
1491 8
1492 6
1493 0
1494 0
1495 12
1496 10
1497 1
1498 0
1499 0
1500 1
1501 1
1502 0
1503 15
1504 6
1505 0
1506 12
1507 10
1508 6
1509 0
1510 5
1511 10
1512 8
1513 0
1514 3
1515 0
1516 1
1517 1
1518 10
1519 0
1520 2
1521 10
1522 9
1523 5
1524 1
1525 5
1526 3
1527 18
1528 5
1529 0
1530 0
1531 3
1532 12
1533 11
1534 0
1535 32
1536 15
1537 21
1538 0
1539 3
1540 4
1541 0
1542 0
1543 3
1544 0
1545 3
1546 0
1547 1
1548 12
1549 2
1550 1
1551 1
1552 19
1553 0
1554 4
1555 5
1556 0
1557 0
1558 0
1559 1
1560 9
1561 0
1562 13
1563 0
1564 8
1565 7
1566 2
1567 2
1568 3
1569 1
1570 1
1571 3
1572 8
1573 2
1574 1
1575 6
1576 4
1577 59
1578 14
1579 1
1580 0
1581 1
1582 1
1583 11
1584 1
1585 5
1586 2
1587 2
1588 0
1589 0
1590 2
1591 6
1592 37
1593 7
1594 5
1595 4
1596 20
1597 4
