1 0
2 0
3 2
4 13
5 3
6 11
7 0
8 0
9 27
10 0
11 0
12 14
13 0
14 3
15 0
16 18
17 6
18 21
19 2
20 0
21 2
22 3
23 3
24 8
25 9
26 5
27 2
28 0
29 0
30 0
31 4
32 15
33 2
34 6
35 3
36 1
37 8
38 0
39 2
40 2
41 0
42 4
43 9
44 7
45 1
46 0
47 2
48 1
49 0
50 4
51 5
52 0
53 0
54 0
55 0
56 1
57 1
58 3
59 17
60 9
61 8
62 10
63 4
64 0
65 4
66 1
67 0
68 3
69 0
70 0
71 0
72 8
73 17
74 7
75 22
76 8
77 7
78 16
79 8
80 8
81 14
82 3
83 4
84 24
85 17
86 30
87 5
88 2
89 8
90 10
91 13
92 21
93 41
94 32
95 16
96 8
97 1
98 5
99 31
100 6
101 18
102 4
103 40
104 5
105 4
106 15
107 2
108 4
109 17
110 1
111 0
112 7
113 6
114 4
115 0
116 15
117 7
118 15
119 9
120 11
121 3
122 0
123 11
124 33
125 9
126 35
127 4
128 19
129 3
130 4
131 5
132 10
133 1
134 4
135 6
136 0
137 2
138 1
139 4
140 4
141 17
142 2
143 2
144 3
145 2
146 7
147 27
148 21
149 1
150 7
151 7
152 18
153 0
154 4
155 0
156 2
157 9
158 9
159 0
160 3
161 4
162 0
163 2
164 0
165 7
166 2
167 1
168 3
169 3
170 1
171 0
172 3
173 1
174 6
175 13
176 2
177 14
178 16
179 16
180 9
181 6
182 0
183 3
184 1
185 0
186 5
187 0
188 13
189 3
190 4
191 4
192 7
193 1
194 1
195 5
196 0
197 3
198 0
199 3
200 0
201 1
202 6
203 5
204 8
205 2
206 7
207 2
208 6
209 5
210 8
211 0
212 9
213 4
214 10
215 0
216 5
217 10
218 5
219 6
220 18
221 0
222 14
223 2
224 1
225 5
226 0
227 1
228 17
229 5
230 1
231 9
232 6
233 6
234 7
235 5
236 0
237 38
238 1
239 9
240 8
241 47
242 0
243 0
244 0
245 2
246 0
247 14
248 2
249 2
250 1
251 0
252 1
253 10
254 17
255 1
256 3
257 2
258 18
259 0
260 4
261 6
262 3
263 1
264 0
265 6
266 3
267 9
268 3
269 1
270 3
271 9
272 0
273 0
274 2
275 7
276 1
277 4
278 1
279 0
280 3
281 0
282 5
283 17
284 16
285 3
286 2
287 13
288 6
289 0
290 1
291 3
292 2
293 8
294 3
295 3
296 4
297 0
298 6
299 0
300 3
301 0
302 4
303 7
304 4
305 10
306 0
307 6
308 3
309 1
310 0
311 10
312 1
313 1
314 23
315 4
316 11
317 0
318 15
319 3
320 38
321 1
322 2
323 33
324 2
325 2
326 6
327 9
328 5
329 0
330 3
331 4
332 2
333 4
334 4
335 8
336 3
337 8
338 4
339 0
340 0
341 17
342 13
343 3
344 32
345 6
346 5
347 12
348 0
349 0
350 1
351 30
352 8
353 2
354 7
355 68
356 6
357 0
358 3
359 8
360 0
361 3
362 3
363 1
364 9
365 0
366 0
367 1
368 2
369 6
370 0
371 14
372 0
373 0
374 4
375 1
376 1
377 6
378 2
379 13
380 7
381 2
382 3
383 2
384 6
385 5
386 8
387 8
388 4
389 20
390 1
391 8
392 1
393 6
394 6
395 17
396 1
397 2
398 20
399 0
400 8
401 3
402 18
403 2
404 8
405 0
406 0
407 1
408 0
409 1
410 0
411 8
412 0
413 2
414 0
415 4
416 17
417 3
418 2
419 17
420 11
421 14
422 9
423 0
424 0
425 3
426 0
427 0
428 11
429 1
430 6
431 3
432 2
433 16
434 0
435 3
436 0
437 2
438 10
439 9
440 20
441 2
442 5
443 2
444 9
445 0
446 3
447 4
448 4
449 11
450 0
451 3
452 3
453 23
454 27
455 2
456 10
457 5
458 3
459 2
460 4
461 2
462 2
463 5
464 15
465 0
466 6
467 0
468 3
469 0
470 2
471 2
472 1
473 23
474 1
475 32
476 11
477 2
478 11
479 0
480 1
481 13
482 7
483 0
484 5
485 7
486 0
487 6
488 0
489 0
490 10
491 15
492 0
493 2
494 7
495 7
496 4
497 0
498 19
499 4
500 3
501 38
502 0
503 0
504 0
505 11
506 97
507 3
508 12
509 51
510 13
511 1
512 0
513 27
514 2
515 5
516 0
517 1
518 0
519 7
520 1
521 1
522 6
523 3
524 6
525 10
526 4
527 37
528 2
529 2
530 6
531 0
532 4
533 9
534 3
535 4
536 9
537 19
538 4
539 45
540 10
541 12
542 9
543 4
544 19
545 6
546 4
547 8
548 0
549 8
550 21
551 1
552 5
553 13
554 3
555 1
556 63
557 3
558 22
559 32
560 20
561 5
562 24
563 3
564 7
565 7
566 2
567 19
568 15
569 24
570 0
571 15
572 41
573 42
574 42
575 32
576 10
577 7
578 5
579 33
580 9
581 39
582 3
583 1
584 5
585 3
586 1
587 2
588 0
589 4
590 12
591 11
592 5
593 0
594 2
595 26
596 3
597 12
598 3
599 4
600 11
601 1
602 1
603 1
604 2
605 12
606 2
607 0
608 18
609 0
610 5
611 7
612 1
613 9
614 12
615 22
616 7
617 1
618 3
619 2
620 0
621 2
622 6
623 3
624 2
625 0
626 8
627 4
628 1
629 41
630 0
631 1
632 0
633 2
634 8
635 3
636 1
637 19
638 7
639 0
640 0
641 15
642 5
643 4
644 0
645 9
646 1
647 4
648 15
649 0
650 0
651 10
652 3
653 2
654 9
655 3
656 0
657 0
658 1
659 2
660 13
661 1
662 7
663 3
664 15
665 25
666 13
667 7
668 50
669 1
670 3
671 2
672 11
673 10
674 0
675 8
676 4
677 2
678 0
679 0
680 0
681 1
682 13
683 3
684 0
685 4
686 3
687 9
688 4
689 7
690 0
691 1
692 8
693 8
694 2
695 3
696 8
697 5
698 3
699 22
700 3
701 5
702 2
703 11
704 18
705 8
706 12
707 8
708 3
709 7
710 8
711 9
712 0
713 0
714 0
715 36
716 9
717 0
718 0
719 0
720 2
721 1
722 11
723 3
724 0
725 0
726 1
727 0
728 0
729 5
730 8
731 0
732 1
733 14
734 0
735 0
736 11
737 3
738 2
739 8
740 0
741 4
742 3
743 7
744 8
745 8
746 3
747 30
748 0
749 14
750 29
751 11
752 2
753 9
754 2
755 4
756 10
757 3
758 13
759 2
760 8
761 18
762 8
763 10
764 12
765 6
766 2
767 2
768 20
769 1
770 2
771 0
772 6
773 6
774 2
775 4
776 0
777 3
778 3
779 7
780 2
781 2
782 0
783 5
784 17
785 0
786 8
787 2
788 4
789 5
790 1
791 12
792 0
793 5
794 1
795 2
796 11
797 13
798 5
799 4
800 4
801 11
802 3
803 9
804 4
805 6
806 10
807 0
808 0
809 2
810 0
811 8
812 1
813 2
814 7
815 1
816 0
817 5
818 26
819 1
820 12
821 0
822 20
823 2
824 1
825 5
826 28
827 12
828 2
829 2
830 22
831 19
832 1
833 18
834 0
835 8
836 6
837 5
838 12
839 0
840 4
841 0
842 12
843 1
844 8
845 3
846 2
847 2
848 8
849 8
850 0
851 4
852 0
853 2
854 6
855 2
856 3
857 7
858 13
859 5
860 0
861 2
862 0
863 9
864 6
865 9
866 0
867 7
868 10
869 4
870 1
871 14
872 3
873 1
874 19
875 7
876 0
877 8
878 14
879 22
880 0
881 0
882 0
883 0
884 17
885 0
886 2
887 7
888 4
889 1
890 0
891 9
892 0
893 4
894 10
895 4
896 8
897 0
898 16
899 19
900 12
901 4
902 4
903 1
904 0
905 6
906 9
907 9
908 14
909 2
910 1
911 1
912 3
913 1
914 6
915 28
916 9
917 25
918 0
919 13
920 0
921 8
922 1
923 3
924 44
925 4
926 11
927 1
928 6
929 9
930 11
931 12
932 0
933 6
934 7
935 2
936 32
937 2
938 19
939 0
940 2
941 69
942 6
943 8
944 8
945 2
946 0
947 11
948 7
949 6
950 12
951 0
952 1
953 0
954 3
955 0
956 159
957 28
958 49
959 10
960 42
961 2
962 22
963 4
964 2
965 2
966 2
967 12
968 0
969 6
970 3
971 3
972 1
973 1
974 18
975 0
976 3
977 20
978 4
979 0
980 0
981 2
982 1
983 5
984 3
985 14
986 4
987 0
988 11
989 0
990 2
991 4
992 3
993 7
994 7
995 6
996 5
997 9
998 14
999 0
1000 6
1001 0
1002 17
1003 5
1004 32
1005 14
1006 9
1007 2
1008 6
1009 9
1010 2
1011 1
1012 5
1013 0
1014 15
1015 1
1016 13
1017 2
1018 0
1019 1
1020 2
1021 9
1022 8
1023 0
1024 0
1025 1
1026 8
1027 2
1028 2
1029 4
1030 7
1031 3
1032 22
1033 6
1034 1
1035 1
1036 8
1037 3
1038 0
1039 2
1040 3
1041 11
1042 5
1043 0
1044 2
1045 15
1046 3
1047 2
1048 10
1049 0
1050 7
1051 5
1052 10
1053 10
1054 0
1055 0
1056 0
1057 0
1058 6
1059 0
1060 4
1061 0
1062 1
1063 0
1064 2
1065 0
1066 21
1067 0
1068 8
1069 16
1070 0
1071 7
1072 0
1073 9
1074 0
1075 4
1076 2
1077 12
1078 0
1079 0
1080 10
1081 3
1082 9
1083 19
1084 5
1085 1
1086 0
1087 7
1088 2
1089 2
1090 11
1091 12
1092 2
1093 2
1094 5
1095 1
1096 3
1097 0
1098 28
1099 4
1100 0
1101 4
1102 5
1103 2
1104 2
1105 20
1106 3
1107 4
1108 7
1109 7
1110 0
1111 23
1112 0
1113 0
1114 1
1115 3
1116 6
1117 9
1118 5
1119 0
1120 3
1121 3
1122 9
1123 0
1124 9
1125 12
1126 8
1127 2
1128 3
1129 5
1130 22
1131 19
1132 4
1133 12
1134 3
1135 2
1136 0
1137 0
1138 0
1139 5
1140 2
1141 13
1142 17
1143 0
1144 2
1145 1
1146 13
1147 8
1148 0
1149 5
1150 6
1151 2
1152 11
1153 0
1154 3
1155 9
1156 21
1157 5
1158 2
1159 13
1160 0
1161 14
1162 2
1163 19
1164 3
1165 3
1166 5
1167 7
1168 1
1169 0
1170 2
1171 0
1172 0
1173 6
1174 2
1175 3
1176 9
1177 53
1178 8
1179 7
1180 3
1181 3
1182 0
1183 2
1184 4
1185 3
1186 5
1187 9
1188 3
1189 2
1190 3
1191 19
1192 10
1193 7
1194 2
1195 0
1196 0
1197 2
1198 1
1199 2
1200 3
1201 87
1202 4
1203 1
1204 15
1205 7
1206 14
1207 1
1208 9
1209 8
1210 0
1211 2
1212 1
1213 0
1214 9
1215 1
1216 1
1217 11
1218 3
1219 11
1220 3
1221 0
1222 4
1223 20
1224 4
1225 7
1226 2
1227 5
1228 8
1229 3
1230 0
1231 3
1232 5
1233 6
1234 0
1235 6
1236 3
1237 8
1238 4
1239 6
1240 9
1241 9
1242 8
1243 5
1244 22
1245 0
1246 2
1247 21
1248 1
1249 0
1250 6
1251 15
1252 0
1253 19
1254 0
1255 6
1256 0
1257 5
1258 1
1259 0
1260 8
1261 39
1262 4
1263 0
1264 1
1265 11
1266 1
1267 0
1268 1
1269 0
1270 1
1271 3
1272 1
1273 1
1274 4
1275 8
1276 3
1277 6
1278 13
1279 0
1280 1
1281 4
1282 0
1283 0
1284 2
1285 0
1286 23
1287 2
1288 5
1289 2
1290 1
1291 0
1292 4
1293 4
1294 0
1295 5
1296 1
1297 7
1298 1
1299 2
1300 6
1301 2
1302 2
1303 7
1304 0
1305 1
1306 0
1307 8
1308 2
1309 3
1310 2
1311 4
1312 4
1313 1
1314 2
1315 13
1316 2
1317 22
1318 5
1319 9
1320 11
1321 5
1322 0
1323 0
1324 0
1325 4
1326 4
1327 0
1328 1
1329 0
1330 2
1331 0
1332 0
1333 7
1334 3
1335 5
1336 0
1337 0
1338 2
1339 4
1340 0
1341 2
1342 7
1343 1
1344 1
1345 0
1346 5
1347 0
1348 3
1349 7
1350 0
1351 0
1352 2
1353 1
1354 0
1355 9
1356 3
1357 0
1358 0
1359 5
1360 3
1361 4
1362 5
1363 18
1364 0
1365 0
1366 0
1367 1
1368 4
1369 19
1370 7
1371 5
1372 6
1373 1
1374 33
1375 2
1376 9
1377 2
1378 0
1379 15
1380 0
1381 8
1382 3
1383 20
1384 7
1385 0
1386 1
1387 2
1388 6
1389 0
1390 5
1391 2
1392 0
1393 0
1394 4
1395 18
1396 2
1397 7
1398 0
1399 1
1400 1
1401 7
1402 7
1403 13
1404 2
1405 2
1406 0
1407 0
1408 0
1409 16
1410 16
1411 1
1412 11
1413 4
1414 4
1415 3
1416 2
1417 3
1418 0
1419 1
1420 0
1421 2
1422 7
1423 2
1424 5
1425 10
1426 3
1427 1
1428 0
1429 1
1430 9
1431 4
1432 16
1433 0
1434 0
1435 10
1436 11
1437 1
1438 5
1439 0
1440 0
1441 0
1442 4
1443 8
1444 1
1445 1
1446 2
1447 1
1448 7
1449 18
1450 2
1451 0
1452 0
1453 18
1454 2
1455 8
1456 13
1457 0
1458 12
1459 1
1460 7
1461 4
1462 0
1463 0
1464 4
1465 10
1466 10
1467 3
1468 3
1469 8
1470 8
1471 2
1472 15
1473 15
1474 2
1475 4
1476 10
1477 0
1478 0
1479 1
1480 11
1481 0
1482 26
1483 3
1484 0
1485 49
1486 5
1487 4
1488 0
1489 0
1490 6
1491 3
1492 3
1493 0
1494 1
1495 10
1496 2
1497 4
1498 1
1499 4
1500 7
1501 0
1502 0
1503 1
1504 10
1505 0
1506 8
1507 6
1508 14
1509 0
1510 2
1511 7
1512 22
1513 0
1514 19
1515 0
1516 0
1517 3
1518 6
1519 6
1520 9
1521 22
1522 7
1523 21
1524 0
1525 8
1526 0
1527 10
1528 6
1529 6
1530 4
1531 0
1532 3
1533 2
1534 0
1535 5
1536 5
1537 14
1538 1
1539 0
1540 2
1541 3
1542 3
1543 2
1544 2
1545 0
1546 0
1547 2
1548 2
1549 1
1550 0
1551 4
1552 2
1553 11
1554 7
1555 7
1556 2
1557 3
1558 0
1559 0
1560 17
1561 0
1562 12
1563 5
1564 10
1565 3
1566 4
1567 0
1568 2
1569 3
1570 3
1571 2
1572 26
1573 1
1574 13
1575 2
1576 2
1577 2
1578 11
1579 7
1580 0
1581 8
1582 0
1583 19
1584 10
1585 4
1586 0
1587 0
1588 8
1589 4
1590 12
1591 0
1592 12
1593 16
1594 17
1595 14
1596 64
1597 0
