1 1
2 0
3 10
4 10
5 23
6 9
7 5
8 1
9 11
10 0
11 2
12 5
13 1
14 5
15 4
16 5
17 7
18 30
19 35
20 0
21 5
22 45
23 85
24 153
25 44
26 14
27 7
28 16
29 36
30 1
31 95
32 19
33 3
34 14
35 51
36 29
37 77
38 22
39 69
40 67
41 32
42 22
43 30
44 12
45 64
46 4
47 0
48 25
49 8
50 86
51 54
52 12
53 2
54 15
55 2
56 60
57 5
58 66
59 61
60 90
61 132
62 74
63 15
64 34
65 71
66 71
67 10
68 4
69 34
70 71
71 3
72 107
73 30
74 71
75 29
76 43
77 26
78 19
79 18
80 12
81 56
82 2
83 20
84 16
85 5
86 12
87 11
88 1
89 25
90 55
91 15
92 12
93 5
94 9
95 13
96 39
97 2
98 1
99 3
100 11
101 4
102 8
103 62
104 4
105 4
106 4
107 0
108 43
109 6
110 1
111 0
112 53
113 4
114 50
115 42
116 15
117 26
118 40
119 26
120 48
121 16
122 4
123 44
124 34
125 7
126 8
127 0
128 16
129 9
130 7
131 42
132 29
133 72
134 38
135 6
136 33
137 10
138 31
139 24
140 60
141 41
142 10
143 1
144 55
145 62
146 9
147 65
148 15
149 29
150 3
151 63
152 7
153 18
154 31
155 19
156 3
157 8
158 102
159 17
160 11
161 25
162 208
163 16
164 3
165 27
166 69
167 24
168 1
169 18
170 9
171 6
172 14
173 2
174 25
175 72
176 15
177 40
178 21
179 83
180 67
181 30
182 13
183 15
184 20
185 40
186 35
187 8
188 179
189 7
190 4
191 20
192 30
193 45
194 1
195 12
196 20
197 4
198 22
199 17
200 50
201 0
202 2
203 7
204 0
205 1
206 57
207 12
208 162
209 67
210 11
211 28
212 2
213 15
214 63
215 9
216 6
217 100
218 33
219 95
220 93
221 9
222 62
223 0
224 29
225 75
226 8
227 3
228 15
229 16
230 20
231 86
232 42
233 73
234 5
235 22
236 36
237 30
238 14
239 48
240 26
241 27
242 0
243 139
244 0
245 21
246 79
247 24
248 15
249 60
250 27
251 13
252 7
253 45
254 90
255 16
256 48
257 25
258 226
259 25
260 73
261 28
262 4
263 57
264 1
265 29
266 1
267 76
268 16
269 0
270 10
271 70
272 37
273 48
274 0
275 87
276 11
277 5
278 9
279 1
280 35
281 60
282 13
283 29
284 22
285 14
286 12
287 48
288 12
289 13
290 39
291 12
292 8
293 101
294 7
295 6
296 9
297 6
298 24
299 8
300 7
301 1
302 13
303 55
304 3
305 17
306 11
307 123
308 120
309 61
310 6
311 50
312 77
313 98
314 255
315 72
316 96
317 2
318 32
319 9
320 45
321 28
322 9
323 49
324 6
325 7
326 2
327 27
328 31
329 28
330 5
331 2
332 73
333 50
334 16
335 19
336 3
337 30
338 12
339 18
340 1
341 38
342 63
343 34
344 45
345 32
346 79
347 30
348 3
349 0
350 7
351 18
352 14
353 33
354 8
355 56
356 63
357 5
358 24
359 33
360 9
361 36
362 35
363 4
364 12
365 3
366 8
367 49
368 14
369 13
370 6
371 32
372 1
373 4
374 16
375 25
376 16
377 84
378 52
379 33
380 24
381 88
382 8
383 8
384 39
385 21
386 54
387 20
388 17
389 29
390 1
391 70
392 24
393 7
394 64
395 27
396 12
397 79
398 35
399 0
400 130
401 11
402 13
403 6
404 6
405 36
406 14
407 5
408 8
409 11
410 10
411 32
412 5
413 34
414 37
415 43
416 31
417 7
418 21
419 26
420 17
421 33
422 25
423 4
424 5
425 37
426 2
427 15
428 32
429 6
430 17
431 5
432 23
433 19
434 2
435 4
436 20
437 74
438 8
439 16
440 71
441 37
442 10
443 40
444 8
445 0
446 20
447 41
448 40
449 6
450 18
451 10
452 37
453 28
454 35
455 34
456 44
457 59
458 11
459 26
460 11
461 5
462 13
463 87
464 19
465 7
466 34
467 38
468 1
469 7
470 69
471 57
472 42
473 34
474 13
475 31
476 14
477 14
478 8
479 4
480 2
481 29
482 16
483 0
484 7
485 2
486 14
487 1
488 2
489 3
490 0
491 27
492 13
493 8
494 7
495 14
496 7
497 0
498 30
499 9
500 2
501 21
502 8
503 7
504 10
505 13
506 3
507 3
508 13
509 7
510 1
511 1
512 0
513 63
514 2
515 80
516 1
517 2
518 2
519 9
520 10
521 0
522 6
523 8
524 9
525 3
526 3
527 1
528 8
529 1
530 14
531 11
532 5
533 8
534 0
535 0
536 4
537 6
538 12
539 9
540 12
541 12
542 1
543 4
544 51
545 2
546 1
547 30
548 18
549 47
550 6
551 6
552 6
553 17
554 20
555 11
556 32
557 55
558 56
559 71
560 32
561 10
562 25
563 4
564 14
565 0
566 8
567 5
568 28
569 12
570 3
571 22
572 9
573 70
574 18
575 3
576 6
577 3
578 9
579 15
580 7
581 13
582 7
583 29
584 51
585 13
586 19
587 8
588 2
589 10
590 29
591 33
592 49
593 6
594 32
595 54
596 101
597 51
598 60
599 8
600 23
601 3
602 6
603 34
604 44
605 99
606 4
607 36
608 14
609 15
610 109
611 86
612 25
613 2
614 80
615 58
616 37
617 60
618 4
619 61
620 3
621 48
622 27
623 94
624 25
625 1
626 39
627 157
628 48
629 27
630 92
631 69
632 42
633 36
634 61
635 46
636 30
637 74
638 62
639 11
640 0
641 31
642 53
643 104
644 11
645 78
646 9
647 52
648 69
649 11
650 6
651 42
652 14
653 22
654 40
655 61
656 14
657 34
658 55
659 15
660 72
661 41
662 18
663 8
664 5
665 20
666 37
667 21
668 24
669 93
670 44
671 25
672 19
673 33
674 36
675 6
676 31
677 39
678 28
679 43
680 87
681 13
682 65
683 15
684 107
685 1
686 67
687 37
688 11
689 78
690 7
691 0
692 41
693 8
694 61
695 27
696 20
697 45
698 35
699 8
700 4
701 27
702 7
703 86
704 79
705 2
706 13
707 1
708 6
709 8
710 87
711 137
712 2
713 7
714 7
715 26
716 27
717 6
718 0
719 31
720 17
721 9
722 13
723 18
724 0
725 8
726 58
727 28
728 7
729 18
730 42
731 24
732 18
733 11
734 37
735 1
736 8
737 18
738 46
739 40
740 3
741 7
742 61
743 7
744 29
745 3
746 11
747 24
748 15
749 20
750 42
751 29
752 15
753 1
754 65
755 14
756 40
757 19
758 68
759 36
760 5
761 64
762 3
763 11
764 17
765 16
766 40
767 4
768 172
769 1
770 0
771 3
772 3
773 23
774 17
775 91
776 9
777 29
778 34
779 92
780 33
781 1
782 4
783 44
784 32
785 18
786 26
787 4
788 138
789 36
790 5
791 29
792 4
793 37
794 3
795 17
796 60
797 26
798 33
799 3
800 4
801 2
802 46
803 24
804 24
805 21
806 18
807 12
808 11
809 29
810 16
811 60
812 25
813 0
814 71
815 83
816 9
817 42
818 16
819 37
820 70
821 10
822 50
823 10
824 13
825 122
826 8
827 24
828 2
829 46
830 71
831 35
832 13
833 9
834 8
835 24
836 39
837 18
838 27
839 8
840 2
841 14
842 19
843 22
844 14
845 4
846 84
847 56
848 43
849 17
850 38
851 26
852 3
853 1
854 2
855 18
856 32
857 16
858 9
859 6
860 0
861 33
862 4
863 16
864 6
865 16
866 13
867 88
868 3
869 10
870 27
871 32
872 49
873 21
874 67
875 8
876 2
877 10
878 69
879 32
880 8
881 9
882 0
883 3
884 16
885 6
886 6
887 35
888 7
889 3
890 57
891 6
892 0
893 13
894 21
895 4
896 14
897 0
898 3
899 2
900 10
901 5
902 3
903 3
904 0
905 5
906 0
907 8
908 5
909 1
910 1
911 0
912 2
913 9
914 7
915 4
916 10
917 11
918 0
919 24
920 6
921 4
922 3
923 8
924 15
925 34
926 5
927 9
928 9
929 20
930 14
931 13
932 0
933 3
934 3
935 0
936 9
937 0
938 40
939 0
940 4
941 20
942 16
943 7
944 12
945 4
946 10
947 1
948 2
949 6
950 2
951 0
952 2
953 5
954 8
955 5
956 126
957 54
958 12
959 52
960 33
961 5
962 8
963 1
964 12
965 17
966 6
967 9
968 11
969 0
970 90
971 18
972 22
973 5
974 86
975 37
976 34
977 41
978 1
979 13
980 3
981 17
982 0
983 7
984 30
985 52
986 43
987 6
988 87
989 14
990 53
991 55
992 40
993 14
994 45
995 56
996 91
997 38
998 31
999 22
1000 13
1001 16
1002 69
1003 1
1004 33
1005 7
1006 43
1007 4
1008 34
1009 16
1010 3
1011 1
1012 31
1013 5
1014 30
1015 50
1016 27
1017 31
1018 6
1019 22
1020 6
1021 45
1022 1
1023 2
1024 0
1025 8
1026 24
1027 23
1028 0
1029 52
1030 25
1031 11
1032 33
1033 31
1034 38
1035 24
1036 13
1037 63
1038 15
1039 16
1040 19
1041 0
1042 16
1043 6
1044 10
1045 42
1046 35
1047 26
1048 55
1049 1
1050 0
1051 71
1052 43
1053 16
1054 29
1055 3
1056 7
1057 0
1058 41
1059 32
1060 0
1061 21
1062 5
1063 5
1064 219
1065 2
1066 39
1067 1
1068 5
1069 11
1070 5
1071 27
1072 0
1073 20
1074 18
1075 6
1076 34
1077 18
1078 20
1079 0
1080 26
1081 27
1082 57
1083 13
1084 89
1085 7
1086 9
1087 35
1088 3
1089 0
1090 8
1091 47
1092 2
1093 21
1094 11
1095 12
1096 14
1097 31
1098 17
1099 40
1100 0
1101 4
1102 4
1103 91
1104 30
1105 62
1106 18
1107 26
1108 41
1109 19
1110 0
1111 23
1112 11
1113 11
1114 12
1115 14
1116 5
1117 26
1118 2
1119 0
1120 3
1121 1
1122 5
1123 3
1124 10
1125 2
1126 33
1127 3
1128 23
1129 0
1130 37
1131 55
1132 4
1133 37
1134 3
1135 3
1136 2
1137 3
1138 7
1139 4
1140 0
1141 0
1142 3
1143 0
1144 2
1145 0
1146 9
1147 12
1148 12
1149 4
1150 29
1151 6
1152 51
1153 14
1154 28
1155 42
1156 19
1157 1
1158 11
1159 31
1160 5
1161 16
1162 3
1163 8
1164 3
1165 2
1166 5
1167 0
1168 3
1169 3
1170 3
1171 5
1172 8
1173 2
1174 15
1175 3
1176 3
1177 41
1178 16
1179 3
1180 15
1181 4
1182 0
1183 15
1184 61
1185 40
1186 10
1187 39
1188 11
1189 81
1190 111
1191 38
1192 67
1193 78
1194 0
1195 7
1196 38
1197 70
1198 3
1199 26
1200 37
1201 87
1202 36
1203 49
1204 72
1205 22
1206 4
1207 23
1208 65
1209 6
1210 1
1211 34
1212 2
1213 2
1214 62
1215 24
1216 52
1217 100
1218 23
1219 131
1220 1
1221 28
1222 60
1223 36
1224 62
1225 13
1226 32
1227 23
1228 9
1229 10
1230 49
1231 64
1232 8
1233 57
1234 31
1235 14
1236 0
1237 5
1238 64
1239 69
1240 6
1241 9
1242 3
1243 21
1244 13
1245 5
1246 1
1247 102
1248 7
1249 6
1250 24
1251 17
1252 5
1253 15
1254 1
1255 30
1256 27
1257 20
1258 12
1259 9
1260 31
1261 26
1262 28
1263 69
1264 124
1265 96
1266 32
1267 61
1268 47
1269 2
1270 8
1271 46
1272 11
1273 32
1274 31
1275 57
1276 51
1277 23
1278 21
1279 3
1280 22
1281 51
1282 2
1283 48
1284 24
1285 4
1286 64
1287 31
1288 10
1289 16
1290 5
1291 7
1292 10
1293 44
1294 4
1295 94
1296 21
1297 88
1298 27
1299 0
1300 73
1301 2
1302 21
1303 43
1304 0
1305 9
1306 0
1307 44
1308 10
1309 46
1310 15
1311 13
1312 4
1313 2
1314 17
1315 18
1316 26
1317 2
1318 25
1319 2
1320 39
1321 36
1322 11
1323 13
1324 14
1325 26
1326 16
1327 2
1328 43
1329 3
1330 16
1331 0
1332 3
1333 29
1334 14
1335 48
1336 15
1337 20
1338 42
1339 11
1340 7
1341 18
1342 77
1343 2
1344 24
1345 2
1346 8
1347 40
1348 0
1349 42
1350 50
1351 40
1352 31
1353 23
1354 1
1355 10
1356 17
1357 35
1358 3
1359 43
1360 23
1361 2
1362 12
1363 40
1364 17
1365 6
1366 25
1367 4
1368 12
1369 17
1370 59
1371 58
1372 29
1373 7
1374 14
1375 35
1376 75
1377 3
1378 18
1379 55
1380 33
1381 59
1382 80
1383 5
1384 21
1385 14
1386 43
1387 32
1388 58
1389 6
1390 42
1391 4
1392 0
1393 1
1394 60
1395 27
1396 42
1397 32
1398 3
1399 9
1400 73
1401 39
1402 22
1403 6
1404 26
1405 81
1406 4
1407 18
1408 3
1409 45
1410 16
1411 0
1412 28
1413 6
1414 20
1415 12
1416 0
1417 0
1418 16
1419 11
1420 3
1421 6
1422 15
1423 23
1424 4
1425 3
1426 2
1427 1
1428 3
1429 7
1430 47
1431 32
1432 9
1433 3
1434 24
1435 69
1436 36
1437 15
1438 6
1439 11
1440 9
1441 21
1442 4
1443 25
1444 4
1445 19
1446 25
1447 20
1448 30
1449 56
1450 19
1451 16
1452 26
1453 23
1454 15
1455 95
1456 11
1457 7
1458 17
1459 25
1460 38
1461 0
1462 8
1463 15
1464 8
1465 17
1466 60
1467 19
1468 52
1469 24
1470 40
1471 45
1472 34
1473 19
1474 10
1475 22
1476 80
1477 31
1478 4
1479 55
1480 14
1481 32
1482 16
1483 3
1484 25
1485 10
1486 108
1487 141
1488 18
1489 0
1490 70
1491 6
1492 7
1493 2
1494 7
1495 32
1496 3
1497 0
1498 3
1499 0
1500 4
1501 8
1502 0
1503 0
1504 11
1505 7
1506 9
1507 25
1508 114
1509 2
1510 4
1511 30
1512 9
1513 3
1514 2
1515 0
1516 20
1517 0
1518 4
1519 4
1520 9
1521 11
1522 21
1523 33
1524 1
1525 58
1526 3
1527 0
1528 33
1529 3
1530 0
1531 2
1532 4
1533 0
1534 0
1535 46
1536 14
1537 35
1538 0
1539 3
1540 3
1541 0
1542 0
1543 5
1544 11
1545 1
1546 2
1547 16
1548 1
1549 3
1550 4
1551 5
1552 20
1553 3
1554 30
1555 19
1556 3
1557 24
1558 0
1559 3
1560 2
1561 5
1562 44
1563 1
1564 2
1565 5
1566 25
1567 0
1568 4
1569 6
1570 2
1571 11
1572 8
1573 5
1574 10
1575 30
1576 30
1577 40
1578 15
1579 30
1580 1
1581 1
1582 0
1583 14
1584 88
1585 2
1586 5
1587 8
1588 11
1589 9
1590 17
1591 0
1592 28
1593 16
1594 4
1595 35
1596 83
1597 3
