1 3
2 5
3 26
4 63
5 55
6 103
7 6
8 7
9 61
10 1
11 3
12 12
13 8
14 22
15 34
16 57
17 56
18 76
19 62
20 9
21 39
22 44
23 43
24 174
25 121
26 55
27 48
28 34
29 69
30 23
31 106
32 119
33 22
34 104
35 155
36 88
37 120
38 38
39 87
40 117
41 77
42 64
43 86
44 47
45 77
46 43
47 7
48 86
49 23
50 106
51 146
52 38
53 34
54 57
55 26
56 140
57 25
58 105
59 85
60 176
61 198
62 175
63 37
64 28
65 74
66 84
67 33
68 43
69 71
70 78
71 11
72 95
73 23
74 29
75 104
76 34
77 38
78 21
79 56
80 75
81 93
82 18
83 59
84 75
85 44
86 37
87 58
88 18
89 35
90 68
91 31
92 36
93 44
94 55
95 19
96 103
97 25
98 15
99 16
100 27
101 42
102 14
103 78
104 3
105 18
106 25
107 9
108 141
109 22
110 8
111 5
112 168
113 23
114 126
115 32
116 96
117 44
118 71
119 27
120 148
121 42
122 20
123 39
124 82
125 34
126 66
127 3
128 47
129 42
130 42
131 43
132 57
133 79
134 91
135 83
136 77
137 32
138 100
139 28
140 81
141 151
142 57
143 12
144 73
145 90
146 91
147 162
148 181
149 65
150 40
151 90
152 26
153 53
154 74
155 23
156 22
157 19
158 135
159 76
160 14
161 35
162 35
163 82
164 9
165 74
166 116
167 65
168 27
169 93
170 35
171 73
172 32
173 22
174 53
175 182
176 48
177 158
178 87
179 236
180 258
181 82
182 53
183 95
184 28
185 82
186 51
187 19
188 131
189 43
190 33
191 117
192 71
193 64
194 44
195 86
196 28
197 22
198 42
199 76
200 71
201 29
202 41
203 32
204 18
205 39
206 88
207 47
208 197
209 124
210 43
211 54
212 43
213 31
214 112
215 40
216 32
217 112
218 87
219 130
220 105
221 36
222 141
223 72
224 84
225 121
226 12
227 39
228 65
229 42
230 88
231 154
232 169
233 145
234 44
235 74
236 83
237 191
238 70
239 147
240 115
241 82
242 34
243 84
244 32
245 43
246 181
247 4
248 18
249 36
250 61
251 40
252 16
253 38
254 186
255 47
256 63
257 130
258 214
259 119
260 143
261 113
262 12
263 145
264 30
265 180
266 8
267 167
268 74
269 20
270 21
271 273
272 37
273 88
274 20
275 108
276 17
277 23
278 42
279 18
280 36
281 79
282 52
283 68
284 71
285 45
286 58
287 133
288 54
289 8
290 121
291 65
292 55
293 221
294 33
295 36
296 29
297 11
298 132
299 41
300 41
301 19
302 58
303 76
304 24
305 41
306 27
307 203
308 217
309 107
310 34
311 103
312 42
313 213
314 173
315 121
316 165
317 17
318 123
319 38
320 108
321 109
322 50
323 174
324 88
325 11
326 22
327 81
328 176
329 53
330 12
331 29
332 126
333 104
334 53
335 72
336 42
337 88
338 73
339 103
340 36
341 81
342 87
343 207
344 156
345 89
346 183
347 50
348 28
349 27
350 33
351 154
352 109
353 51
354 14
355 155
356 83
357 37
358 94
359 72
360 24
361 106
362 47
363 12
364 26
365 23
366 30
367 93
368 18
369 57
370 43
371 142
372 22
373 18
374 36
375 29
376 14
377 138
378 65
379 69
380 70
381 94
382 19
383 29
384 95
385 59
386 57
387 117
388 26
389 95
390 35
391 141
392 98
393 25
394 12
395 110
396 35
397 139
398 88
399 20
400 107
401 161
402 70
403 65
404 42
405 64
406 63
407 21
408 54
409 29
410 35
411 61
412 31
413 94
414 54
415 90
416 119
417 12
418 95
419 95
420 104
421 128
422 105
423 17
424 30
425 85
426 18
427 79
428 87
429 8
430 43
431 80
432 108
433 105
434 12
435 25
436 83
437 29
438 50
439 90
440 143
441 71
442 56
443 70
444 39
445 14
446 62
447 51
448 106
449 45
450 42
451 88
452 69
453 104
454 86
455 105
456 90
457 79
458 53
459 94
460 50
461 54
462 103
463 80
464 73
465 36
466 158
467 55
468 36
469 21
470 119
471 146
472 75
473 108
474 33
475 61
476 117
477 97
478 45
479 11
480 15
481 53
482 49
483 8
484 13
485 41
486 31
487 17
488 13
489 19
490 17
491 87
492 32
493 39
494 35
495 30
496 53
497 20
498 126
499 41
500 16
501 38
502 46
503 49
504 19
505 48
506 34
507 45
508 46
509 48
510 26
511 28
512 20
513 77
514 43
515 126
516 17
517 15
518 14
519 45
520 37
521 52
522 52
523 143
524 27
525 11
526 12
527 19
528 18
529 13
530 53
531 30
532 46
533 39
534 24
535 18
536 91
537 58
538 37
539 128
540 80
541 28
542 35
543 52
544 110
545 40
546 23
547 37
548 13
549 92
550 97
551 35
552 65
553 30
554 34
555 14
556 83
557 62
558 42
559 70
560 35
561 47
562 76
563 44
564 22
565 2
566 3
567 4
568 28
569 5
570 0
571 48
572 36
573 117
574 64
575 27
576 13
577 14
578 27
579 52
580 28
581 41
582 43
583 93
584 52
585 30
586 75
587 32
588 16
589 44
590 29
591 98
592 128
593 28
594 79
595 137
596 201
597 105
598 50
599 35
600 77
601 15
602 30
603 58
604 71
605 125
606 46
607 102
608 97
609 23
610 58
611 164
612 21
613 9
614 94
615 194
616 68
617 98
618 36
619 62
620 9
621 71
622 52
623 110
624 67
625 12
626 61
627 102
628 124
629 58
630 174
631 62
632 77
633 130
634 118
635 42
636 17
637 117
638 152
639 29
640 5
641 70
642 81
643 113
644 11
645 103
646 25
647 102
648 82
649 63
650 52
651 131
652 46
653 32
654 86
655 81
656 65
657 12
658 107
659 65
660 113
661 82
662 96
663 54
664 28
665 82
666 52
667 80
668 109
669 143
670 61
671 65
672 61
673 105
674 99
675 39
676 69
677 100
678 62
679 84
680 81
681 57
682 84
683 48
684 141
685 25
686 233
687 96
688 55
689 180
690 20
691 13
692 123
693 57
694 138
695 64
696 173
697 149
698 62
699 88
700 29
701 38
702 42
703 124
704 226
705 32
706 78
707 49
708 49
709 89
710 75
711 252
712 11
713 47
714 19
715 146
716 80
717 63
718 11
719 61
720 52
721 9
722 39
723 147
724 46
725 42
726 62
727 28
728 26
729 67
730 82
731 38
732 39
733 94
734 166
735 12
736 34
737 109
738 70
739 102
740 29
741 19
742 106
743 54
744 174
745 24
746 47
747 70
748 109
749 63
750 133
751 105
752 61
753 38
754 173
755 60
756 81
757 75
758 79
759 63
760 40
761 160
762 52
763 167
764 69
765 120
766 69
767 33
768 239
769 21
770 10
771 23
772 25
773 72
774 31
775 255
776 29
777 141
778 122
779 155
780 43
781 15
782 26
783 42
784 90
785 56
786 129
787 36
788 204
789 105
790 78
791 81
792 25
793 130
794 14
795 38
796 118
797 96
798 82
799 26
800 19
801 53
802 150
803 80
804 104
805 34
806 37
807 12
808 21
809 72
810 34
811 88
812 57
813 20
814 85
815 137
816 25
817 101
818 68
819 92
820 135
821 22
822 151
823 41
824 40
825 122
826 51
827 73
828 39
829 103
830 106
831 70
832 83
833 44
834 21
835 133
836 61
837 136
838 79
839 28
840 13
841 22
842 41
843 88
844 94
845 31
846 109
847 95
848 127
849 79
850 120
851 86
852 14
853 23
854 25
855 68
856 99
857 69
858 26
859 18
860 18
861 121
862 24
863 94
864 25
865 94
866 11
867 172
868 44
869 47
870 114
871 84
872 75
873 28
874 99
875 14
876 21
877 40
878 151
879 105
880 25
881 82
882 23
883 26
884 34
885 46
886 31
887 63
888 23
889 14
890 71
891 18
892 8
893 46
894 25
895 18
896 39
897 16
898 84
899 30
900 69
901 33
902 19
903 22
904 20
905 15
906 26
907 30
908 58
909 4
910 16
911 16
912 34
913 31
914 12
915 44
916 34
917 35
918 10
919 29
920 27
921 34
922 31
923 39
924 53
925 52
926 38
927 4
928 27
929 27
930 54
931 54
932 15
933 20
934 29
935 13
936 48
937 5
938 121
939 14
940 14
941 20
942 42
943 50
944 13
945 23
946 15
947 34
948 26
949 40
950 14
951 15
952 46
953 13
954 38
955 33
956 160
957 102
958 111
959 123
960 31
961 35
962 18
963 40
964 57
965 25
966 56
967 40
968 17
969 7
970 56
971 73
972 68
973 44
974 148
975 34
976 74
977 132
978 20
979 16
980 3
981 29
982 12
983 28
984 25
985 119
986 44
987 24
988 191
989 6
990 61
991 153
992 93
993 29
994 69
995 64
996 85
997 110
998 102
999 57
1000 31
1001 80
1002 139
1003 18
1004 78
1005 41
1006 112
1007 30
1008 165
1009 98
1010 21
1011 14
1012 126
1013 11
1014 118
1015 96
1016 93
1017 85
1018 5
1019 92
1020 28
1021 81
1022 18
1023 12
1024 22
1025 7
1026 42
1027 40
1028 21
1029 73
1030 74
1031 38
1032 125
1033 67
1034 124
1035 50
1036 70
1037 37
1038 37
1039 58
1040 31
1041 4
1042 68
1043 23
1044 31
1045 53
1046 65
1047 36
1048 149
1049 7
1050 18
1051 84
1052 65
1053 56
1054 107
1055 9
1056 44
1057 2
1058 115
1059 112
1060 24
1061 83
1062 22
1063 11
1064 107
1065 22
1066 66
1067 6
1068 68
1069 106
1070 16
1071 85
1072 15
1073 56
1074 49
1075 60
1076 130
1077 28
1078 41
1079 15
1080 80
1081 66
1082 157
1083 81
1084 95
1085 5
1086 30
1087 118
1088 37
1089 12
1090 125
1091 66
1092 25
1093 61
1094 71
1095 18
1096 106
1097 82
1098 82
1099 110
1100 6
1101 19
1102 29
1103 112
1104 175
1105 171
1106 125
1107 83
1108 88
1109 45
1110 36
1111 55
1112 56
1113 30
1114 23
1115 36
1116 13
1117 41
1118 21
1119 10
1120 22
1121 23
1122 21
1123 21
1124 25
1125 39
1126 124
1127 16
1128 48
1129 19
1130 68
1131 157
1132 7
1133 50
1134 19
1135 31
1136 2
1137 10
1138 18
1139 27
1140 17
1141 23
1142 25
1143 9
1144 14
1145 7
1146 61
1147 53
1148 22
1149 46
1150 70
1151 30
1152 90
1153 17
1154 81
1155 57
1156 91
1157 15
1158 24
1159 123
1160 4
1161 48
1162 11
1163 52
1164 23
1165 26
1166 63
1167 22
1168 13
1169 8
1170 42
1171 10
1172 6
1173 10
1174 9
1175 14
1176 9
1177 119
1178 27
1179 20
1180 29
1181 27
1182 22
1183 32
1184 88
1185 13
1186 40
1187 37
1188 17
1189 69
1190 70
1191 37
1192 121
1193 112
1194 42
1195 33
1196 60
1197 62
1198 3
1199 51
1200 102
1201 197
1202 34
1203 29
1204 63
1205 34
1206 9
1207 31
1208 104
1209 33
1210 13
1211 10
1212 6
1213 7
1214 53
1215 54
1216 182
1217 98
1218 54
1219 159
1220 2
1221 43
1222 49
1223 74
1224 112
1225 42
1226 15
1227 6
1228 38
1229 21
1230 58
1231 176
1232 35
1233 125
1234 24
1235 11
1236 59
1237 41
1238 150
1239 147
1240 12
1241 38
1242 40
1243 27
1244 27
1245 21
1246 10
1247 261
1248 27
1249 42
1250 21
1251 38
1252 4
1253 27
1254 18
1255 60
1256 44
1257 63
1258 32
1259 37
1260 56
1261 144
1262 102
1263 86
1264 71
1265 142
1266 64
1267 111
1268 65
1269 18
1270 34
1271 75
1272 68
1273 135
1274 77
1275 82
1276 62
1277 59
1278 118
1279 23
1280 78
1281 148
1282 25
1283 107
1284 89
1285 45
1286 222
1287 24
1288 82
1289 87
1290 44
1291 73
1292 103
1293 189
1294 48
1295 175
1296 85
1297 275
1298 71
1299 44
1300 205
1301 37
1302 73
1303 213
1304 25
1305 27
1306 35
1307 180
1308 47
1309 87
1310 63
1311 83
1312 39
1313 52
1314 120
1315 72
1316 32
1317 22
1318 83
1319 38
1320 191
1321 79
1322 45
1323 108
1324 17
1325 67
1326 161
1327 22
1328 127
1329 17
1330 82
1331 10
1332 13
1333 121
1334 99
1335 140
1336 44
1337 71
1338 78
1339 141
1340 31
1341 47
1342 92
1343 44
1344 159
1345 46
1346 45
1347 82
1348 14
1349 176
1350 132
1351 88
1352 110
1353 143
1354 14
1355 58
1356 62
1357 127
1358 49
1359 171
1360 72
1361 33
1362 42
1363 91
1364 84
1365 46
1366 67
1367 59
1368 124
1369 123
1370 115
1371 78
1372 87
1373 41
1374 89
1375 61
1376 84
1377 28
1378 62
1379 174
1380 94
1381 98
1382 100
1383 94
1384 61
1385 43
1386 140
1387 26
1388 106
1389 33
1390 64
1391 15
1392 23
1393 23
1394 175
1395 111
1396 95
1397 42
1398 15
1399 32
1400 53
1401 74
1402 46
1403 34
1404 89
1405 114
1406 22
1407 82
1408 26
1409 133
1410 129
1411 11
1412 103
1413 21
1414 61
1415 68
1416 11
1417 24
1418 32
1419 20
1420 28
1421 30
1422 57
1423 81
1424 27
1425 62
1426 13
1427 57
1428 35
1429 60
1430 107
1431 49
1432 41
1433 9
1434 30
1435 90
1436 129
1437 32
1438 24
1439 19
1440 45
1441 31
1442 25
1443 125
1444 30
1445 39
1446 50
1447 105
1448 98
1449 114
1450 99
1451 34
1452 106
1453 103
1454 88
1455 57
1456 25
1457 12
1458 39
1459 89
1460 111
1461 10
1462 34
1463 29
1464 61
1465 146
1466 116
1467 138
1468 146
1469 82
1470 120
1471 129
1472 136
1473 64
1474 98
1475 89
1476 160
1477 70
1478 34
1479 116
1480 43
1481 83
1482 82
1483 30
1484 101
1485 61
1486 122
1487 151
1488 27
1489 17
1490 162
1491 8
1492 42
1493 2
1494 48
1495 36
1496 39
1497 34
1498 37
1499 6
1500 20
1501 29
1502 14
1503 23
1504 29
1505 28
1506 28
1507 63
1508 153
1509 28
1510 31
1511 83
1512 30
1513 29
1514 77
1515 22
1516 45
1517 12
1518 36
1519 16
1520 51
1521 50
1522 129
1523 105
1524 19
1525 51
1526 22
1527 30
1528 67
1529 49
1530 29
1531 9
1532 13
1533 27
1534 9
1535 103
1536 51
1537 68
1538 5
1539 25
1540 19
1541 4
1542 15
1543 11
1544 13
1545 27
1546 28
1547 51
1548 28
1549 24
1550 18
1551 33
1552 27
1553 13
1554 80
1555 38
1556 20
1557 26
1558 16
1559 16
1560 13
1561 23
1562 204
1563 25
1564 27
1565 34
1566 88
1567 4
1568 33
1569 23
1570 10
1571 55
1572 117
1573 6
1574 18
1575 35
1576 31
1577 105
1578 27
1579 60
1580 25
1581 22
1582 14
1583 23
1584 42
1585 18
1586 9
1587 49
1588 37
1589 25
1590 75
1591 12
1592 54
1593 39
1594 66
1595 86
1596 172
1597 24
