1 0
2 0
3 14
4 9
5 5
6 11
7 0
8 3
9 7
10 0
11 0
12 9
13 1
14 4
15 5
16 28
17 10
18 18
19 0
20 4
21 0
22 0
23 21
24 43
25 4
26 0
27 8
28 0
29 8
30 1
31 9
32 3
33 0
34 9
35 51
36 11
37 5
38 0
39 1
40 1
41 5
42 4
43 5
44 1
45 19
46 0
47 1
48 6
49 2
50 32
51 13
52 1
53 1
54 0
55 0
56 7
57 0
58 5
59 13
60 11
61 12
62 19
63 5
64 3
65 23
66 15
67 0
68 9
69 2
70 3
71 0
72 12
73 12
74 16
75 6
76 6
77 12
78 2
79 44
80 7
81 4
82 1
83 8
84 3
85 9
86 18
87 4
88 1
89 5
90 32
91 2
92 0
93 8
94 14
95 20
96 26
97 1
98 17
99 4
100 1
101 2
102 2
103 65
104 0
105 5
106 0
107 1
108 1
109 5
110 1
111 4
112 15
113 10
114 2
115 0
116 3
117 1
118 5
119 5
120 32
121 2
122 4
123 1
124 7
125 7
126 11
127 1
128 6
129 5
130 62
131 6
132 12
133 10
134 3
135 6
136 16
137 6
138 11
139 1
140 3
141 6
142 2
143 3
144 1
145 3
146 1
147 6
148 3
149 7
150 0
151 6
152 11
153 0
154 1
155 0
156 0
157 3
158 1
159 3
160 0
161 7
162 101
163 14
164 3
165 10
166 10
167 1
168 0
169 6
170 2
171 3
172 0
173 3
174 4
175 16
176 1
177 5
178 2
179 10
180 16
181 4
182 8
183 15
184 11
185 1
186 3
187 0
188 6
189 1
190 3
191 5
192 19
193 1
194 0
195 2
196 0
197 0
198 0
199 0
200 3
201 0
202 2
203 6
204 1
205 2
206 51
207 0
208 13
209 2
210 0
211 1
212 1
213 0
214 15
215 8
216 0
217 27
218 3
219 13
220 6
221 1
222 12
223 3
224 2
225 7
226 2
227 3
228 14
229 6
230 18
231 5
232 4
233 8
234 0
235 0
236 4
237 5
238 6
239 4
240 2
241 3
242 0
243 5
244 0
245 2
246 3
247 3
248 8
249 0
250 1
251 1
252 1
253 16
254 3
255 0
256 15
257 4
258 2
259 3
260 15
261 5
262 0
263 1
264 1
265 6
266 1
267 10
268 12
269 4
270 0
271 2
272 4
273 2
274 0
275 7
276 0
277 10
278 1
279 0
280 20
281 8
282 0
283 19
284 1
285 1
286 11
287 1
288 0
289 0
290 7
291 6
292 1
293 13
294 1
295 1
296 0
297 0
298 14
299 0
300 0
301 2
302 8
303 1
304 2
305 2
306 0
307 60
308 22
309 18
310 0
311 28
312 2
313 17
314 21
315 27
316 18
317 0
318 14
319 4
320 6
321 7
322 5
323 10
324 7
325 23
326 0
327 20
328 23
329 0
330 0
331 5
332 1
333 6
334 0
335 4
336 1
337 8
338 2
339 19
340 9
341 1
342 15
343 6
344 19
345 3
346 22
347 3
348 6
349 1
350 3
351 39
352 3
353 6
354 0
355 12
356 7
357 0
358 8
359 1
360 3
361 6
362 4
363 0
364 1
365 6
366 2
367 14
368 1
369 1
370 2
371 11
372 0
373 0
374 1
375 0
376 1
377 2
378 22
379 1
380 2
381 0
382 2
383 3
384 5
385 4
386 11
387 12
388 19
389 14
390 3
391 15
392 2
393 21
394 3
395 5
396 1
397 14
398 3
399 0
400 26
401 8
402 10
403 11
404 2
405 0
406 33
407 0
408 12
409 2
410 0
411 1
412 0
413 2
414 3
415 3
416 10
417 0
418 16
419 3
420 7
421 5
422 12
423 3
424 7
425 8
426 2
427 17
428 7
429 0
430 4
431 4
432 16
433 13
434 0
435 1
436 5
437 0
438 2
439 1
440 5
441 11
442 5
443 3
444 8
445 6
446 22
447 2
448 9
449 3
450 11
451 5
452 11
453 20
454 2
455 5
456 2
457 29
458 2
459 1
460 1
461 2
462 2
463 7
464 7
465 5
466 24
467 0
468 0
469 0
470 2
471 25
472 6
473 2
474 0
475 5
476 3
477 0
478 2
479 1
480 11
481 7
482 20
483 2
484 4
485 3
486 24
487 0
488 0
489 0
490 19
491 8
492 6
493 0
494 3
495 4
496 3
497 2
498 16
499 5
500 1
501 1
502 1
503 4
504 2
505 0
506 1
507 2
508 4
509 4
510 6
511 3
512 0
513 4
514 0
515 3
516 1
517 15
518 0
519 4
520 1
521 3
522 10
523 17
524 0
525 0
526 0
527 0
528 8
529 5
530 5
531 1
532 0
533 6
534 0
535 1
536 0
537 11
538 13
539 4
540 17
541 5
542 3
543 5
544 18
545 4
546 0
547 4
548 2
549 4
550 14
551 1
552 1
553 19
554 17
555 0
556 11
557 2
558 11
559 101
560 9
561 13
562 2
563 4
564 2
565 9
566 1
567 19
568 2
569 2
570 3
571 11
572 10
573 20
574 24
575 0
576 7
577 0
578 1
579 0
580 1
581 2
582 0
583 8
584 1
585 47
586 0
587 0
588 4
589 0
590 7
591 6
592 10
593 1
594 1
595 4
596 11
597 12
598 4
599 24
600 2
601 0
602 5
603 11
604 4
605 23
606 4
607 11
608 44
609 0
610 6
611 10
612 3
613 3
614 48
615 23
616 10
617 1
618 1
619 12
620 9
621 7
622 0
623 2
624 10
625 0
626 2
627 11
628 22
629 8
630 2
631 3
632 2
633 4
634 4
635 0
636 0
637 5
638 5
639 0
640 0
641 14
642 3
643 15
644 0
645 11
646 6
647 10
648 12
649 4
650 0
651 11
652 0
653 1
654 5
655 5
656 3
657 8
658 1
659 3
660 5
661 5
662 5
663 2
664 1
665 4
666 4
667 22
668 3
669 27
670 1
671 9
672 2
673 10
674 9
675 2
676 19
677 8
678 16
679 1
680 18
681 2
682 6
683 11
684 14
685 0
686 8
687 3
688 4
689 8
690 0
691 7
692 4
693 1
694 5
695 7
696 10
697 46
698 7
699 3
700 0
701 2
702 18
703 5
704 16
705 3
706 6
707 5
708 2
709 1
710 2
711 55
712 1
713 12
714 12
715 23
716 5
717 5
718 3
719 2
720 16
721 0
722 1
723 3
724 0
725 0
726 6
727 12
728 0
729 8
730 12
731 0
732 0
733 5
734 11
735 0
736 2
737 2
738 4
739 2
740 4
741 0
742 9
743 0
744 5
745 0
746 4
747 5
748 8
749 12
750 3
751 11
752 2
753 3
754 10
755 2
756 2
757 1
758 15
759 3
760 0
761 4
762 1
763 16
764 12
765 5
766 4
767 1
768 14
769 8
770 0
771 4
772 2
773 1
774 2
775 12
776 0
777 6
778 1
779 1
780 2
781 0
782 7
783 8
784 21
785 0
786 8
787 1
788 3
789 10
790 2
791 5
792 0
793 11
794 9
795 1
796 16
797 15
798 17
799 3
800 4
801 3
802 9
803 0
804 2
805 0
806 0
807 0
808 3
809 0
810 5
811 22
812 2
813 0
814 10
815 12
816 0
817 2
818 22
819 8
820 13
821 1
822 21
823 3
824 4
825 8
826 4
827 9
828 1
829 4
830 3
831 14
832 1
833 4
834 7
835 13
836 6
837 31
838 2
839 5
840 0
841 0
842 10
843 9
844 10
845 1
846 7
847 14
848 12
849 20
850 13
851 12
852 5
853 1
854 0
855 1
856 24
857 1
858 1
859 2
860 0
861 6
862 1
863 2
864 0
865 7
866 0
867 6
868 4
869 2
870 2
871 4
872 9
873 0
874 7
875 1
876 0
877 0
878 15
879 11
880 3
881 2
882 3
883 0
884 1
885 0
886 1
887 6
888 0
889 0
890 1
891 2
892 0
893 8
894 6
895 15
896 7
897 0
898 3
899 2
900 4
901 5
902 1
903 0
904 2
905 0
906 0
907 1
908 0
909 0
910 0
911 0
912 1
913 2
914 5
915 5
916 1
917 0
918 0
919 10
920 10
921 14
922 0
923 12
924 4
925 13
926 1
927 4
928 10
929 6
930 7
931 11
932 5
933 6
934 6
935 0
936 24
937 1
938 22
939 0
940 2
941 2
942 18
943 2
944 2
945 0
946 1
947 3
948 3
949 2
950 0
951 0
952 7
953 6
954 12
955 2
956 24
957 10
958 13
959 6
960 27
961 2
962 0
963 2
964 10
965 1
966 1
967 0
968 3
969 0
970 34
971 1
972 4
973 7
974 12
975 2
976 8
977 13
978 5
979 0
980 0
981 11
982 2
983 0
984 0
985 11
986 7
987 2
988 17
989 0
990 12
991 25
992 21
993 2
994 8
995 2
996 0
997 8
998 15
999 1
1000 0
1001 4
1002 9
1003 0
1004 3
1005 0
1006 7
1007 6
1008 6
1009 25
1010 9
1011 0
1012 16
1013 4
1014 27
1015 3
1016 23
1017 10
1018 0
1019 1
1020 3
1021 2
1022 1
1023 2
1024 0
1025 0
1026 0
1027 1
1028 0
1029 6
1030 16
1031 1
1032 10
1033 0
1034 5
1035 11
1036 3
1037 2
1038 3
1039 21
1040 0
1041 0
1042 0
1043 0
1044 3
1045 89
1046 6
1047 2
1048 1
1049 0
1050 0
1051 3
1052 1
1053 10
1054 1
1055 0
1056 3
1057 0
1058 15
1059 13
1060 0
1061 10
1062 0
1063 0
1064 11
1065 1
1066 1
1067 0
1068 3
1069 10
1070 1
1071 6
1072 0
1073 13
1074 3
1075 0
1076 6
1077 7
1078 43
1079 1
1080 8
1081 4
1082 29
1083 4
1084 26
1085 6
1086 0
1087 11
1088 5
1089 5
1090 36
1091 27
1092 2
1093 1
1094 20
1095 2
1096 17
1097 0
1098 11
1099 29
1100 0
1101 2
1102 4
1103 31
1104 23
1105 24
1106 15
1107 8
1108 6
1109 12
1110 4
1111 3
1112 0
1113 2
1114 6
1115 0
1116 0
1117 2
1118 1
1119 0
1120 0
1121 3
1122 0
1123 0
1124 2
1125 1
1126 9
1127 1
1128 16
1129 4
1130 9
1131 24
1132 0
1133 2
1134 10
1135 5
1136 0
1137 7
1138 3
1139 0
1140 14
1141 2
1142 7
1143 0
1144 10
1145 5
1146 26
1147 2
1148 16
1149 1
1150 45
1151 17
1152 21
1153 0
1154 1
1155 1
1156 16
1157 1
1158 2
1159 5
1160 3
1161 17
1162 5
1163 9
1164 4
1165 1
1166 6
1167 2
1168 2
1169 4
1170 24
1171 1
1172 1
1173 1
1174 19
1175 2
1176 0
1177 18
1178 6
1179 60
1180 2
1181 5
1182 5
1183 4
1184 16
1185 0
1186 0
1187 10
1188 0
1189 2
1190 4
1191 16
1192 7
1193 8
1194 2
1195 2
1196 0
1197 5
1198 1
1199 25
1200 5
1201 5
1202 0
1203 2
1204 8
1205 1
1206 5
1207 5
1208 7
1209 0
1210 12
1211 5
1212 2
1213 0
1214 0
1215 0
1216 2
1217 11
1218 3
1219 13
1220 0
1221 2
1222 17
1223 7
1224 7
1225 0
1226 0
1227 1
1228 2
1229 9
1230 4
1231 16
1232 0
1233 13
1234 0
1235 4
1236 1
1237 3
1238 19
1239 7
1240 0
1241 7
1242 11
1243 0
1244 0
1245 0
1246 0
1247 12
1248 0
1249 0
1250 8
1251 2
1252 2
1253 0
1254 0
1255 1
1256 2
1257 1
1258 6
1259 4
1260 2
1261 16
1262 3
1263 9
1264 5
1265 45
1266 17
1267 4
1268 7
1269 5
1270 0
1271 3
1272 6
1273 20
1274 1
1275 19
1276 1
1277 3
1278 2
1279 2
1280 2
1281 6
1282 0
1283 2
1284 0
1285 0
1286 17
1287 0
1288 5
1289 3
1290 6
1291 8
1292 32
1293 4
1294 4
1295 42
1296 2
1297 10
1298 7
1299 0
1300 1
1301 0
1302 8
1303 24
1304 2
1305 8
1306 5
1307 2
1308 6
1309 0
1310 2
1311 4
1312 8
1313 0
1314 8
1315 3
1316 11
1317 3
1318 15
1319 2
1320 9
1321 1
1322 9
1323 16
1324 6
1325 0
1326 16
1327 1
1328 0
1329 0
1330 4
1331 0
1332 0
1333 15
1334 15
1335 13
1336 2
1337 3
1338 10
1339 10
1340 0
1341 2
1342 2
1343 6
1344 20
1345 1
1346 7
1347 1
1348 4
1349 11
1350 13
1351 6
1352 1
1353 6
1354 0
1355 6
1356 1
1357 2
1358 1
1359 21
1360 7
1361 2
1362 0
1363 1
1364 6
1365 0
1366 2
1367 12
1368 7
1369 11
1370 9
1371 32
1372 2
1373 0
1374 3
1375 0
1376 2
1377 0
1378 4
1379 14
1380 2
1381 6
1382 1
1383 1
1384 11
1385 0
1386 9
1387 0
1388 2
1389 0
1390 2
1391 2
1392 0
1393 0
1394 8
1395 2
1396 2
1397 2
1398 5
1399 0
1400 2
1401 3
1402 5
1403 1
1404 8
1405 4
1406 0
1407 10
1408 0
1409 16
1410 2
1411 0
1412 7
1413 1
1414 2
1415 7
1416 0
1417 2
1418 1
1419 10
1420 0
1421 4
1422 7
1423 8
1424 2
1425 7
1426 4
1427 3
1428 0
1429 5
1430 23
1431 3
1432 4
1433 0
1434 0
1435 32
1436 20
1437 3
1438 18
1439 0
1440 3
1441 0
1442 0
1443 18
1444 1
1445 9
1446 9
1447 2
1448 16
1449 6
1450 1
1451 10
1452 2
1453 6
1454 1
1455 1
1456 0
1457 0
1458 5
1459 4
1460 1
1461 0
1462 10
1463 2
1464 0
1465 8
1466 9
1467 3
1468 6
1469 1
1470 10
1471 9
1472 35
1473 1
1474 0
1475 11
1476 13
1477 5
1478 2
1479 5
1480 1
1481 24
1482 16
1483 1
1484 2
1485 14
1486 3
1487 8
1488 2
1489 1
1490 8
1491 1
1492 3
1493 0
1494 1
1495 25
1496 8
1497 7
1498 0
1499 0
1500 10
1501 1
1502 1
1503 0
1504 1
1505 1
1506 1
1507 6
1508 13
1509 2
1510 1
1511 1
1512 4
1513 2
1514 9
1515 0
1516 0
1517 3
1518 2
1519 0
1520 5
1521 19
1522 4
1523 13
1524 0
1525 11
1526 4
1527 1
1528 6
1529 3
1530 0
1531 0
1532 6
1533 0
1534 0
1535 18
1536 19
1537 21
1538 0
1539 2
1540 0
1541 5
1542 0
1543 0
1544 0
1545 29
1546 16
1547 17
1548 0
1549 4
1550 0
1551 1
1552 1
1553 0
1554 1
1555 5
1556 0
1557 2
1558 3
1559 0
1560 14
1561 2
1562 15
1563 3
1564 3
1565 0
1566 1
1567 0
1568 2
1569 0
1570 2
1571 2
1572 12
1573 0
1574 1
1575 10
1576 0
1577 0
1578 13
1579 7
1580 3
1581 2
1582 0
1583 10
1584 1
1585 2
1586 4
1587 2
1588 0
1589 10
1590 4
1591 4
1592 23
1593 8
1594 6
1595 7
1596 34
1597 0
