1 0
2 0
3 10
4 5
5 17
6 13
7 0
8 1
9 8
10 0
11 1
12 2
13 2
14 3
15 7
16 13
17 5
18 4
19 0
20 2
21 22
22 1
23 27
24 71
25 100
26 12
27 17
28 7
29 4
30 3
31 17
32 17
33 9
34 21
35 37
36 7
37 35
38 5
39 48
40 9
41 4
42 6
43 31
44 9
45 11
46 1
47 2
48 59
49 1
50 7
51 11
52 0
53 3
54 4
55 0
56 5
57 1
58 22
59 51
60 18
61 29
62 22
63 4
64 0
65 30
66 7
67 0
68 2
69 3
70 8
71 2
72 32
73 8
74 5
75 19
76 8
77 27
78 0
79 14
80 22
81 19
82 9
83 12
84 19
85 9
86 1
87 1
88 23
89 8
90 8
91 8
92 12
93 10
94 13
95 8
96 21
97 0
98 5
99 6
100 4
101 3
102 4
103 44
104 0
105 0
106 6
107 10
108 7
109 4
110 1
111 0
112 23
113 8
114 18
115 6
116 8
117 4
118 5
119 3
120 31
121 5
122 2
123 6
124 8
125 0
126 5
127 0
128 14
129 3
130 14
131 18
132 8
133 12
134 25
135 7
136 30
137 53
138 29
139 16
140 7
141 29
142 0
143 8
144 33
145 16
146 3
147 27
148 12
149 0
150 1
151 30
152 7
153 3
154 11
155 0
156 4
157 0
158 16
159 21
160 2
161 5
162 23
163 18
164 1
165 19
166 13
167 17
168 7
169 21
170 1
171 3
172 10
173 0
174 5
175 36
176 11
177 16
178 4
179 36
180 33
181 8
182 11
183 13
184 1
185 39
186 11
187 0
188 50
189 0
190 1
191 12
192 2
193 18
194 5
195 27
196 0
197 6
198 7
199 1
200 11
201 2
202 7
203 8
204 2
205 0
206 28
207 11
208 17
209 15
210 11
211 8
212 46
213 2
214 19
215 6
216 4
217 8
218 22
219 23
220 26
221 5
222 11
223 0
224 0
225 8
226 0
227 1
228 0
229 0
230 4
231 12
232 24
233 31
234 0
235 1
236 11
237 16
238 9
239 12
240 2
241 9
242 1
243 19
244 6
245 3
246 7
247 9
248 7
249 5
250 18
251 6
252 2
253 10
254 40
255 0
256 22
257 4
258 43
259 10
260 26
261 7
262 0
263 19
264 0
265 7
266 0
267 12
268 1
269 4
270 0
271 30
272 0
273 0
274 0
275 13
276 3
277 4
278 3
279 3
280 3
281 7
282 1
283 31
284 14
285 10
286 7
287 9
288 6
289 0
290 22
291 5
292 7
293 27
294 0
295 9
296 16
297 1
298 14
299 0
300 0
301 0
302 36
303 37
304 3
305 11
306 0
307 23
308 52
309 19
310 2
311 11
312 0
313 25
314 21
315 29
316 38
317 0
318 7
319 4
320 23
321 9
322 6
323 6
324 6
325 1
326 3
327 4
328 19
329 0
330 0
331 3
332 7
333 38
334 7
335 33
336 6
337 6
338 6
339 11
340 2
341 23
342 12
343 17
344 60
345 25
346 20
347 14
348 0
349 5
350 8
351 12
352 9
353 9
354 0
355 30
356 10
357 2
358 11
359 6
360 0
361 5
362 9
363 0
364 4
365 0
366 0
367 11
368 1
369 3
370 0
371 18
372 1
373 3
374 0
375 5
376 0
377 8
378 6
379 4
380 6
381 1
382 0
383 1
384 4
385 23
386 31
387 15
388 2
389 28
390 1
391 18
392 33
393 3
394 1
395 5
396 21
397 7
398 25
399 0
400 9
401 21
402 17
403 1
404 22
405 0
406 5
407 7
408 0
409 1
410 3
411 9
412 0
413 14
414 4
415 2
416 23
417 2
418 16
419 6
420 13
421 6
422 10
423 1
424 2
425 4
426 1
427 15
428 19
429 0
430 8
431 9
432 26
433 23
434 0
435 4
436 7
437 1
438 2
439 8
440 16
441 4
442 4
443 20
444 2
445 0
446 5
447 6
448 14
449 4
450 8
451 6
452 8
453 8
454 24
455 12
456 7
457 18
458 7
459 16
460 3
461 13
462 12
463 13
464 8
465 0
466 20
467 2
468 9
469 0
470 21
471 9
472 25
473 10
474 14
475 13
476 6
477 2
478 16
479 1
480 1
481 1
482 27
483 0
484 0
485 1
486 5
487 0
488 4
489 5
490 5
491 5
492 4
493 0
494 27
495 3
496 6
497 5
498 21
499 22
500 0
501 6
502 6
503 5
504 1
505 1
506 13
507 3
508 2
509 6
510 2
511 4
512 2
513 16
514 8
515 60
516 0
517 2
518 9
519 14
520 4
521 3
522 0
523 1
524 5
525 4
526 1
527 16
528 1
529 6
530 11
531 3
532 1
533 33
534 0
535 4
536 3
537 5
538 16
539 5
540 2
541 14
542 0
543 5
544 9
545 0
546 0
547 4
548 0
549 8
550 2
551 3
552 3
553 9
554 9
555 17
556 18
557 20
558 10
559 30
560 17
561 66
562 14
563 7
564 5
565 0
566 2
567 20
568 23
569 7
570 5
571 10
572 3
573 9
574 29
575 7
576 0
577 0
578 1
579 16
580 6
581 1
582 9
583 16
584 94
585 17
586 4
587 3
588 0
589 5
590 3
591 23
592 36
593 4
594 28
595 9
596 13
597 56
598 5
599 9
600 31
601 6
602 2
603 5
604 5
605 34
606 23
607 21
608 14
609 4
610 18
611 33
612 0
613 2
614 39
615 23
616 88
617 24
618 6
619 4
620 0
621 29
622 22
623 7
624 10
625 0
626 4
627 28
628 14
629 18
630 41
631 8
632 2
633 0
634 29
635 6
636 0
637 7
638 17
639 4
640 0
641 18
642 16
643 32
644 2
645 20
646 5
647 25
648 4
649 3
650 2
651 59
652 11
653 3
654 16
655 7
656 27
657 0
658 44
659 18
660 14
661 21
662 18
663 4
664 4
665 6
666 4
667 25
668 10
669 27
670 5
671 7
672 5
673 29
674 23
675 1
676 5
677 13
678 29
679 14
680 10
681 3
682 9
683 0
684 22
685 5
686 16
687 16
688 5
689 27
690 4
691 0
692 6
693 9
694 13
695 2
696 13
697 17
698 13
699 1
700 6
701 5
702 28
703 12
704 42
705 0
706 15
707 1
708 6
709 0
710 9
711 41
712 11
713 10
714 3
715 14
716 8
717 1
718 0
719 2
720 3
721 0
722 16
723 24
724 2
725 8
726 57
727 7
728 0
729 7
730 14
731 5
732 2
733 15
734 25
735 5
736 0
737 2
738 4
739 9
740 9
741 3
742 7
743 10
744 12
745 1
746 0
747 4
748 6
749 3
750 8
751 9
752 10
753 0
754 22
755 4
756 22
757 7
758 3
759 12
760 0
761 16
762 0
763 17
764 5
765 4
766 3
767 0
768 41
769 1
770 0
771 0
772 1
773 3
774 1
775 12
776 10
777 22
778 16
779 23
780 6
781 0
782 0
783 4
784 2
785 0
786 6
787 9
788 33
789 21
790 7
791 7
792 4
793 6
794 0
795 1
796 36
797 22
798 9
799 2
800 0
801 4
802 12
803 24
804 26
805 1
806 0
807 3
808 17
809 14
810 0
811 20
812 19
813 1
814 11
815 36
816 16
817 18
818 34
819 19
820 9
821 5
822 24
823 1
824 5
825 18
826 22
827 10
828 3
829 11
830 16
831 12
832 22
833 11
834 4
835 34
836 3
837 17
838 12
839 18
840 0
841 3
842 9
843 3
844 23
845 2
846 9
847 9
848 16
849 17
850 15
851 18
852 7
853 2
854 0
855 6
856 30
857 4
858 9
859 0
860 0
861 21
862 0
863 14
864 1
865 4
866 4
867 27
868 1
869 16
870 10
871 16
872 25
873 3
874 17
875 2
876 18
877 2
878 42
879 16
880 1
881 6
882 5
883 4
884 7
885 4
886 10
887 6
888 4
889 5
890 11
891 14
892 4
893 12
894 3
895 24
896 2
897 5
898 9
899 2
900 9
901 16
902 1
903 0
904 4
905 1
906 0
907 15
908 5
909 0
910 2
911 0
912 27
913 8
914 6
915 3
916 2
917 4
918 0
919 8
920 2
921 4
922 0
923 11
924 15
925 5
926 2
927 7
928 3
929 2
930 3
931 11
932 8
933 8
934 3
935 6
936 5
937 0
938 6
939 1
940 1
941 0
942 3
943 14
944 3
945 4
946 6
947 2
948 1
949 8
950 0
951 3
952 10
953 1
954 3
955 1
956 13
957 7
958 11
959 7
960 3
961 8
962 1
963 0
964 4
965 33
966 4
967 8
968 9
969 0
970 12
971 3
972 4
973 3
974 25
975 4
976 10
977 11
978 13
979 0
980 0
981 3
982 2
983 1
984 3
985 62
986 29
987 16
988 41
989 0
990 11
991 21
992 25
993 5
994 17
995 7
996 12
997 25
998 43
999 6
1000 1
1001 4
1002 31
1003 2
1004 18
1005 3
1006 31
1007 1
1008 47
1009 17
1010 7
1011 3
1012 41
1013 1
1014 29
1015 11
1016 18
1017 18
1018 3
1019 6
1020 5
1021 17
1022 2
1023 2
1024 2
1025 0
1026 1
1027 8
1028 10
1029 8
1030 5
1031 5
1032 25
1033 7
1034 10
1035 9
1036 19
1037 27
1038 8
1039 17
1040 3
1041 3
1042 17
1043 1
1044 6
1045 5
1046 1
1047 0
1048 24
1049 0
1050 2
1051 18
1052 14
1053 18
1054 4
1055 0
1056 6
1057 0
1058 14
1059 14
1060 1
1061 7
1062 0
1063 4
1064 14
1065 3
1066 4
1067 0
1068 11
1069 8
1070 3
1071 9
1072 1
1073 18
1074 3
1075 15
1076 24
1077 7
1078 5
1079 0
1080 14
1081 15
1082 24
1083 13
1084 10
1085 1
1086 5
1087 11
1088 11
1089 2
1090 21
1091 8
1092 1
1093 53
1094 20
1095 5
1096 7
1097 7
1098 8
1099 25
1100 0
1101 3
1102 1
1103 25
1104 41
1105 20
1106 28
1107 10
1108 36
1109 8
1110 0
1111 10
1112 0
1113 3
1114 19
1115 4
1116 3
1117 3
1118 2
1119 0
1120 15
1121 2
1122 1
1123 3
1124 2
1125 15
1126 46
1127 15
1128 13
1129 0
1130 29
1131 22
1132 8
1133 8
1134 1
1135 4
1136 1
1137 4
1138 11
1139 4
1140 0
1141 0
1142 8
1143 4
1144 0
1145 0
1146 9
1147 16
1148 7
1149 21
1150 11
1151 9
1152 27
1153 0
1154 10
1155 24
1156 20
1157 1
1158 0
1159 28
1160 1
1161 8
1162 0
1163 27
1164 4
1165 3
1166 4
1167 9
1168 13
1169 0
1170 4
1171 2
1172 7
1173 8
1174 9
1175 5
1176 0
1177 8
1178 6
1179 20
1180 22
1181 4
1182 7
1183 2
1184 13
1185 2
1186 3
1187 5
1188 22
1189 11
1190 19
1191 4
1192 14
1193 11
1194 1
1195 0
1196 0
1197 13
1198 0
1199 46
1200 7
1201 23
1202 10
1203 0
1204 8
1205 1
1206 1
1207 0
1208 29
1209 0
1210 12
1211 9
1212 2
1213 0
1214 22
1215 3
1216 11
1217 19
1218 6
1219 20
1220 0
1221 14
1222 11
1223 16
1224 17
1225 0
1226 15
1227 7
1228 12
1229 12
1230 14
1231 22
1232 17
1233 13
1234 3
1235 2
1236 16
1237 2
1238 26
1239 17
1240 3
1241 2
1242 9
1243 2
1244 5
1245 12
1246 10
1247 25
1248 2
1249 13
1250 9
1251 10
1252 1
1253 5
1254 4
1255 5
1256 6
1257 6
1258 8
1259 10
1260 7
1261 15
1262 14
1263 27
1264 3
1265 28
1266 20
1267 12
1268 5
1269 2
1270 11
1271 3
1272 18
1273 17
1274 0
1275 12
1276 1
1277 5
1278 14
1279 4
1280 1
1281 23
1282 0
1283 6
1284 0
1285 7
1286 15
1287 9
1288 2
1289 24
1290 0
1291 20
1292 20
1293 5
1294 7
1295 43
1296 11
1297 35
1298 9
1299 4
1300 66
1301 0
1302 0
1303 12
1304 3
1305 12
1306 10
1307 5
1308 2
1309 6
1310 14
1311 10
1312 19
1313 4
1314 7
1315 2
1316 13
1317 2
1318 15
1319 9
1320 50
1321 16
1322 22
1323 9
1324 0
1325 14
1326 14
1327 2
1328 4
1329 1
1330 2
1331 0
1332 1
1333 15
1334 6
1335 14
1336 9
1337 9
1338 14
1339 34
1340 0
1341 6
1342 6
1343 6
1344 15
1345 5
1346 11
1347 1
1348 2
1349 25
1350 184
1351 7
1352 45
1353 9
1354 0
1355 1
1356 8
1357 17
1358 2
1359 11
1360 18
1361 1
1362 2
1363 4
1364 8
1365 5
1366 12
1367 6
1368 21
1369 12
1370 13
1371 15
1372 3
1373 6
1374 9
1375 7
1376 11
1377 2
1378 4
1379 11
1380 6
1381 105
1382 15
1383 8
1384 28
1385 0
1386 33
1387 8
1388 11
1389 0
1390 3
1391 0
1392 7
1393 32
1394 22
1395 13
1396 10
1397 5
1398 0
1399 9
1400 20
1401 1
1402 2
1403 1
1404 6
1405 11
1406 1
1407 27
1408 10
1409 23
1410 34
1411 1
1412 20
1413 12
1414 10
1415 4
1416 0
1417 12
1418 14
1419 11
1420 1
1421 3
1422 16
1423 9
1424 0
1425 18
1426 2
1427 0
1428 17
1429 0
1430 8
1431 10
1432 10
1433 0
1434 1
1435 26
1436 7
1437 4
1438 8
1439 0
1440 9
1441 0
1442 4
1443 3
1444 5
1445 7
1446 5
1447 26
1448 34
1449 15
1450 18
1451 0
1452 14
1453 9
1454 14
1455 47
1456 27
1457 9
1458 24
1459 22
1460 9
1461 1
1462 1
1463 7
1464 5
1465 28
1466 13
1467 50
1468 20
1469 25
1470 11
1471 14
1472 29
1473 12
1474 39
1475 19
1476 18
1477 16
1478 7
1479 7
1480 12
1481 9
1482 24
1483 5
1484 11
1485 10
1486 12
1487 8
1488 7
1489 1
1490 9
1491 15
1492 13
1493 0
1494 0
1495 15
1496 7
1497 0
1498 6
1499 0
1500 5
1501 8
1502 0
1503 4
1504 2
1505 3
1506 2
1507 5
1508 41
1509 3
1510 0
1511 6
1512 0
1513 4
1514 7
1515 0
1516 5
1517 0
1518 2
1519 1
1520 5
1521 6
1522 14
1523 26
1524 2
1525 15
1526 7
1527 17
1528 5
1529 13
1530 0
1531 2
1532 3
1533 1
1534 0
1535 41
1536 104
1537 81
1538 17
1539 1
1540 2
1541 1
1542 3
1543 25
1544 2
1545 3
1546 7
1547 2
1548 3
1549 6
1550 22
1551 15
1552 7
1553 0
1554 4
1555 6
1556 0
1557 5
1558 2
1559 0
1560 1
1561 8
1562 70
1563 6
1564 3
1565 5
1566 2
1567 1
1568 5
1569 9
1570 0
1571 42
1572 3
1573 2
1574 3
1575 14
1576 12
1577 20
1578 5
1579 19
1580 0
1581 7
1582 0
1583 8
1584 24
1585 0
1586 3
1587 3
1588 16
1589 9
1590 11
1591 1
1592 9
1593 4
1594 4
1595 13
1596 18
1597 4
