1 0
2 0
3 6
4 10
5 17
6 2
7 0
8 2
9 3
10 0
11 0
12 2
13 0
14 4
15 0
16 1
17 7
18 13
19 2
20 0
21 0
22 10
23 0
24 39
25 25
26 5
27 2
28 11
29 17
30 0
31 2
32 15
33 1
34 6
35 7
36 4
37 7
38 14
39 11
40 20
41 5
42 5
43 21
44 1
45 2
46 0
47 0
48 7
49 7
50 15
51 19
52 0
53 17
54 2
55 1
56 12
57 0
58 12
59 20
60 17
61 5
62 20
63 10
64 0
65 7
66 14
67 2
68 0
69 9
70 3
71 1
72 12
73 3
74 11
75 20
76 4
77 16
78 8
79 6
80 10
81 45
82 0
83 3
84 1
85 3
86 6
87 2
88 2
89 11
90 13
91 7
92 2
93 23
94 27
95 3
96 15
97 4
98 0
99 21
100 1
101 1
102 0
103 27
104 9
105 6
106 9
107 0
108 18
109 80
110 5
111 3
112 11
113 1
114 5
115 0
116 11
117 10
118 21
119 1
120 24
121 2
122 14
123 8
124 15
125 2
126 12
127 9
128 19
129 9
130 4
131 1
132 0
133 6
134 10
135 1
136 14
137 0
138 15
139 0
140 1
141 3
142 0
143 0
144 0
145 20
146 1
147 3
148 4
149 0
150 2
151 2
152 0
153 2
154 0
155 2
156 3
157 0
158 5
159 13
160 0
161 0
162 0
163 9
164 0
165 5
166 7
167 4
168 6
169 8
170 1
171 0
172 3
173 0
174 9
175 4
176 6
177 13
178 10
179 6
180 11
181 8
182 8
183 0
184 5
185 2
186 0
187 0
188 11
189 3
190 7
191 18
192 0
193 1
194 8
195 2
196 0
197 0
198 2
199 6
200 1
201 0
202 0
203 0
204 1
205 11
206 1
207 1
208 15
209 4
210 8
211 0
212 0
213 8
214 2
215 3
216 0
217 12
218 6
219 9
220 3
221 0
222 11
223 0
224 0
225 3
226 0
227 2
228 6
229 0
230 11
231 8
232 8
233 8
234 0
235 1
236 7
237 5
238 6
239 11
240 5
241 6
242 1
243 5
244 13
245 0
246 11
247 8
248 2
249 17
250 2
251 1
252 5
253 0
254 2
255 0
256 5
257 7
258 7
259 24
260 20
261 0
262 3
263 6
264 0
265 4
266 0
267 20
268 0
269 38
270 0
271 6
272 0
273 0
274 2
275 4
276 7
277 2
278 3
279 5
280 0
281 4
282 8
283 1
284 0
285 10
286 7
287 16
288 3
289 0
290 13
291 10
292 6
293 12
294 4
295 7
296 29
297 0
298 7
299 0
300 0
301 1
302 1
303 11
304 0
305 9
306 0
307 16
308 26
309 2
310 3
311 26
312 0
313 37
314 7
315 12
316 35
317 1
318 11
319 4
320 9
321 8
322 2
323 19
324 20
325 1
326 1
327 5
328 5
329 0
330 0
331 8
332 25
333 2
334 8
335 4
336 0
337 6
338 6
339 1
340 4
341 25
342 5
343 7
344 13
345 8
346 24
347 6
348 1
349 4
350 0
351 5
352 4
353 4
354 9
355 13
356 5
357 4
358 12
359 4
360 2
361 4
362 5
363 0
364 5
365 6
366 0
367 3
368 3
369 1
370 15
371 23
372 1
373 1
374 2
375 17
376 7
377 3
378 1
379 3
380 5
381 5
382 1
383 0
384 1
385 2
386 4
387 11
388 18
389 19
390 0
391 12
392 12
393 2
394 1
395 10
396 4
397 10
398 9
399 0
400 19
401 25
402 1
403 4
404 0
405 17
406 3
407 0
408 6
409 5
410 1
411 6
412 7
413 4
414 3
415 9
416 32
417 10
418 12
419 16
420 6
421 1
422 9
423 5
424 1
425 0
426 3
427 5
428 7
429 0
430 8
431 13
432 20
433 8
434 2
435 1
436 1
437 0
438 3
439 3
440 8
441 4
442 3
443 4
444 0
445 1
446 3
447 4
448 1
449 3
450 4
451 4
452 4
453 12
454 5
455 4
456 6
457 7
458 2
459 4
460 5
461 11
462 4
463 21
464 27
465 2
466 7
467 4
468 11
469 0
470 28
471 6
472 4
473 28
474 1
475 11
476 7
477 2
478 0
479 3
480 3
481 2
482 6
483 1
484 0
485 10
486 1
487 2
488 8
489 0
490 1
491 9
492 40
493 4
494 11
495 9
496 2
497 0
498 9
499 2
500 1
501 1
502 2
503 12
504 0
505 48
506 1
507 6
508 1
509 19
510 11
511 2
512 0
513 8
514 1
515 7
516 6
517 3
518 0
519 4
520 5
521 1
522 5
523 10
524 8
525 0
526 0
527 1
528 7
529 0
530 9
531 2
532 8
533 2
534 5
535 3
536 4
537 11
538 12
539 4
540 22
541 9
542 5
543 1
544 8
545 4
546 0
547 6
548 2
549 4
550 5
551 0
552 1
553 4
554 4
555 5
556 15
557 4
558 6
559 25
560 11
561 9
562 7
563 4
564 0
565 20
566 2
567 20
568 4
569 0
570 13
571 16
572 7
573 29
574 9
575 5
576 2
577 7
578 35
579 4
580 4
581 14
582 2
583 15
584 8
585 0
586 0
587 25
588 0
589 14
590 0
591 9
592 12
593 0
594 3
595 2
596 4
597 8
598 10
599 3
600 4
601 3
602 2
603 2
604 2
605 19
606 5
607 3
608 8
609 0
610 1
611 11
612 0
613 3
614 4
615 8
616 5
617 0
618 2
619 6
620 0
621 20
622 8
623 22
624 21
625 8
626 4
627 16
628 8
629 15
630 6
631 0
632 2
633 4
634 7
635 5
636 1
637 9
638 3
639 0
640 0
641 5
642 1
643 12
644 0
645 3
646 10
647 6
648 1
649 0
650 0
651 27
652 5
653 0
654 7
655 15
656 0
657 4
658 4
659 0
660 5
661 10
662 4
663 0
664 3
665 7
666 1
667 21
668 3
669 5
670 0
671 6
672 17
673 2
674 13
675 0
676 9
677 5
678 2
679 4
680 8
681 2
682 2
683 6
684 27
685 0
686 12
687 14
688 1
689 11
690 4
691 0
692 11
693 0
694 4
695 3
696 5
697 19
698 3
699 10
700 5
701 0
702 2
703 21
704 6
705 8
706 18
707 3
708 0
709 10
710 17
711 63
712 6
713 0
714 2
715 14
716 18
717 2
718 0
719 29
720 0
721 0
722 1
723 11
724 0
725 2
726 7
727 0
728 3
729 4
730 9
731 3
732 10
733 11
734 6
735 2
736 0
737 8
738 4
739 13
740 0
741 4
742 18
743 0
744 23
745 6
746 3
747 0
748 19
749 3
750 4
751 5
752 1
753 20
754 10
755 2
756 4
757 8
758 23
759 0
760 0
761 14
762 1
763 15
764 10
765 11
766 7
767 0
768 25
769 0
770 0
771 9
772 0
773 14
774 0
775 14
776 5
777 6
778 7
779 25
780 16
781 0
782 2
783 6
784 7
785 3
786 14
787 3
788 25
789 10
790 9
791 1
792 0
793 36
794 5
795 6
796 3
797 7
798 6
799 12
800 1
801 2
802 14
803 12
804 6
805 0
806 6
807 0
808 1
809 0
810 4
811 4
812 6
813 0
814 24
815 15
816 0
817 3
818 3
819 0
820 6
821 4
822 9
823 2
824 3
825 9
826 13
827 10
828 3
829 4
830 11
831 3
832 3
833 20
834 0
835 9
836 17
837 9
838 9
839 2
840 1
841 1
842 9
843 7
844 6
845 2
846 9
847 9
848 2
849 24
850 5
851 6
852 1
853 0
854 6
855 2
856 7
857 1
858 1
859 8
860 0
861 1
862 0
863 11
864 0
865 2
866 8
867 27
868 1
869 0
870 6
871 4
872 5
873 4
874 13
875 4
876 6
877 0
878 10
879 6
880 3
881 3
882 2
883 0
884 6
885 2
886 2
887 7
888 0
889 11
890 2
891 1
892 0
893 4
894 3
895 6
896 6
897 2
898 18
899 1
900 2
901 1
902 1
903 7
904 4
905 0
906 0
907 5
908 2
909 1
910 16
911 0
912 0
913 9
914 11
915 5
916 13
917 8
918 4
919 6
920 1
921 9
922 8
923 1
924 12
925 3
926 5
927 10
928 16
929 12
930 7
931 2
932 2
933 3
934 1
935 6
936 13
937 0
938 8
939 2
940 1
941 2
942 18
943 3
944 7
945 6
946 0
947 8
948 2
949 8
950 5
951 0
952 4
953 1
954 2
955 0
956 30
957 6
958 11
959 16
960 1
961 2
962 0
963 1
964 11
965 3
966 1
967 17
968 1
969 35
970 17
971 3
972 5
973 4
974 7
975 2
976 36
977 25
978 0
979 0
980 0
981 2
982 4
983 0
984 0
985 28
986 3
987 0
988 16
989 0
990 4
991 19
992 50
993 7
994 4
995 2
996 2
997 7
998 7
999 11
1000 0
1001 7
1002 7
1003 1
1004 8
1005 1
1006 5
1007 0
1008 9
1009 44
1010 0
1011 0
1012 3
1013 7
1014 25
1015 11
1016 9
1017 5
1018 0
1019 6
1020 0
1021 2
1022 3
1023 0
1024 2
1025 0
1026 0
1027 5
1028 0
1029 2
1030 0
1031 2
1032 7
1033 3
1034 14
1035 1
1036 3
1037 15
1038 0
1039 24
1040 13
1041 3
1042 2
1043 5
1044 15
1045 13
1046 1
1047 0
1048 8
1049 0
1050 0
1051 14
1052 7
1053 7
1054 11
1055 1
1056 0
1057 30
1058 4
1059 8
1060 5
1061 4
1062 0
1063 0
1064 14
1065 3
1066 8
1067 10
1068 14
1069 4
1070 0
1071 7
1072 0
1073 0
1074 12
1075 6
1076 18
1077 12
1078 9
1079 0
1080 5
1081 15
1082 22
1083 6
1084 15
1085 0
1086 0
1087 12
1088 19
1089 0
1090 26
1091 14
1092 0
1093 4
1094 15
1095 4
1096 9
1097 9
1098 9
1099 17
1100 2
1101 2
1102 0
1103 39
1104 22
1105 9
1106 4
1107 4
1108 9
1109 1
1110 0
1111 13
1112 3
1113 7
1114 1
1115 2
1116 0
1117 13
1118 1
1119 0
1120 3
1121 9
1122 1
1123 2
1124 1
1125 3
1126 11
1127 0
1128 19
1129 2
1130 1
1131 13
1132 1
1133 2
1134 2
1135 5
1136 0
1137 11
1138 1
1139 6
1140 0
1141 4
1142 0
1143 0
1144 2
1145 4
1146 1
1147 8
1148 7
1149 9
1150 4
1151 1
1152 9
1153 0
1154 4
1155 0
1156 13
1157 1
1158 1
1159 5
1160 0
1161 3
1162 0
1163 1
1164 0
1165 8
1166 8
1167 2
1168 8
1169 0
1170 8
1171 13
1172 14
1173 0
1174 5
1175 1
1176 3
1177 15
1178 2
1179 10
1180 4
1181 15
1182 8
1183 3
1184 1
1185 0
1186 2
1187 9
1188 1
1189 17
1190 2
1191 1
1192 45
1193 32
1194 8
1195 0
1196 12
1197 0
1198 0
1199 14
1200 2
1201 47
1202 7
1203 7
1204 11
1205 4
1206 4
1207 0
1208 10
1209 6
1210 0
1211 5
1212 0
1213 0
1214 3
1215 5
1216 9
1217 10
1218 1
1219 7
1220 0
1221 6
1222 26
1223 6
1224 6
1225 4
1226 3
1227 1
1228 1
1229 12
1230 1
1231 7
1232 2
1233 11
1234 9
1235 4
1236 13
1237 8
1238 16
1239 43
1240 9
1241 0
1242 2
1243 2
1244 7
1245 0
1246 4
1247 18
1248 6
1249 7
1250 1
1251 3
1252 0
1253 15
1254 8
1255 6
1256 1
1257 3
1258 14
1259 3
1260 3
1261 19
1262 3
1263 7
1264 8
1265 5
1266 10
1267 25
1268 6
1269 0
1270 3
1271 7
1272 4
1273 3
1274 4
1275 34
1276 19
1277 7
1278 19
1279 0
1280 7
1281 26
1282 0
1283 6
1284 2
1285 0
1286 34
1287 3
1288 10
1289 14
1290 39
1291 15
1292 10
1293 3
1294 2
1295 34
1296 16
1297 27
1298 3
1299 3
1300 81
1301 0
1302 6
1303 10
1304 0
1305 3
1306 2
1307 23
1308 35
1309 3
1310 11
1311 5
1312 4
1313 2
1314 7
1315 2
1316 3
1317 0
1318 14
1319 4
1320 37
1321 6
1322 2
1323 6
1324 2
1325 6
1326 11
1327 0
1328 9
1329 0
1330 6
1331 0
1332 0
1333 7
1334 12
1335 9
1336 0
1337 4
1338 45
1339 25
1340 0
1341 0
1342 7
1343 0
1344 12
1345 8
1346 6
1347 7
1348 3
1349 4
1350 19
1351 22
1352 18
1353 16
1354 5
1355 10
1356 1
1357 3
1358 0
1359 2
1360 10
1361 6
1362 5
1363 5
1364 42
1365 2
1366 9
1367 10
1368 3
1369 9
1370 4
1371 8
1372 7
1373 1
1374 21
1375 0
1376 21
1377 0
1378 8
1379 24
1380 0
1381 2
1382 17
1383 0
1384 7
1385 0
1386 25
1387 3
1388 1
1389 1
1390 15
1391 4
1392 1
1393 3
1394 5
1395 5
1396 4
1397 2
1398 1
1399 12
1400 3
1401 1
1402 10
1403 1
1404 7
1405 2
1406 0
1407 30
1408 8
1409 13
1410 13
1411 6
1412 15
1413 1
1414 1
1415 15
1416 0
1417 0
1418 2
1419 10
1420 0
1421 0
1422 2
1423 5
1424 3
1425 11
1426 1
1427 4
1428 18
1429 0
1430 16
1431 3
1432 3
1433 0
1434 0
1435 17
1436 5
1437 8
1438 0
1439 3
1440 6
1441 0
1442 0
1443 16
1444 0
1445 7
1446 3
1447 10
1448 27
1449 16
1450 2
1451 7
1452 8
1453 1
1454 11
1455 10
1456 33
1457 0
1458 4
1459 12
1460 0
1461 3
1462 0
1463 3
1464 6
1465 21
1466 7
1467 12
1468 15
1469 5
1470 6
1471 2
1472 16
1473 10
1474 6
1475 16
1476 9
1477 5
1478 4
1479 6
1480 7
1481 22
1482 3
1483 0
1484 3
1485 22
1486 2
1487 18
1488 3
1489 6
1490 3
1491 0
1492 1
1493 0
1494 4
1495 1
1496 2
1497 1
1498 0
1499 0
1500 1
1501 1
1502 4
1503 5
1504 11
1505 5
1506 0
1507 20
1508 12
1509 1
1510 0
1511 12
1512 15
1513 2
1514 5
1515 0
1516 1
1517 0
1518 1
1519 0
1520 15
1521 5
1522 8
1523 8
1524 1
1525 8
1526 2
1527 1
1528 31
1529 14
1530 11
1531 3
1532 2
1533 0
1534 0
1535 12
1536 39
1537 20
1538 2
1539 4
1540 0
1541 3
1542 0
1543 1
1544 0
1545 4
1546 0
1547 2
1548 2
1549 7
1550 1
1551 12
1552 31
1553 2
1554 5
1555 7
1556 3
1557 4
1558 0
1559 5
1560 8
1561 10
1562 45
1563 4
1564 2
1565 5
1566 4
1567 0
1568 0
1569 9
1570 1
1571 70
1572 7
1573 0
1574 2
1575 3
1576 0
1577 14
1578 0
1579 14
1580 0
1581 3
1582 0
1583 2
1584 1
1585 0
1586 0
1587 3
1588 3
1589 1
1590 12
1591 1
1592 22
1593 16
1594 12
1595 3
1596 17
1597 1
