1 0
2 0
3 15
4 7
5 13
6 28
7 2
8 9
9 18
10 6
11 0
12 13
13 5
14 7
15 4
16 16
17 30
18 13
19 11
20 0
21 2
22 2
23 3
24 25
25 42
26 9
27 29
28 2
29 2
30 0
31 36
32 4
33 0
34 12
35 21
36 17
37 15
38 19
39 10
40 7
41 0
42 0
43 7
44 1
45 21
46 0
47 1
48 5
49 2
50 4
51 3
52 4
53 6
54 1
55 0
56 8
57 0
58 14
59 18
60 11
61 4
62 16
63 0
64 0
65 3
66 5
67 0
68 0
69 2
70 5
71 0
72 69
73 118
74 43
75 20
76 63
77 32
78 9
79 8
80 6
81 55
82 1
83 24
84 15
85 8
86 31
87 13
88 13
89 10
90 9
91 3
92 4
93 24
94 3
95 3
96 18
97 1
98 0
99 15
100 15
101 4
102 3
103 59
104 0
105 0
106 3
107 0
108 3
109 2
110 2
111 2
112 43
113 3
114 8
115 15
116 4
117 3
118 10
119 3
120 16
121 2
122 10
123 8
124 7
125 6
126 9
127 4
128 18
129 0
130 40
131 3
132 12
133 6
134 6
135 13
136 1
137 7
138 6
139 0
140 6
141 0
142 0
143 0
144 19
145 16
146 4
147 0
148 2
149 11
150 2
151 1
152 0
153 2
154 2
155 1
156 2
157 0
158 16
159 3
160 0
161 1
162 1
163 8
164 6
165 7
166 8
167 17
168 0
169 7
170 6
171 1
172 0
173 1
174 8
175 17
176 5
177 19
178 4
179 4
180 14
181 14
182 2
183 3
184 0
185 2
186 2
187 3
188 4
189 2
190 0
191 3
192 1
193 1
194 2
195 12
196 4
197 0
198 0
199 1
200 7
201 0
202 0
203 7
204 1
205 0
206 3
207 4
208 14
209 10
210 9
211 5
212 1
213 0
214 1
215 1
216 6
217 3
218 13
219 33
220 18
221 1
222 1
223 1
224 7
225 5
226 0
227 1
228 10
229 10
230 0
231 9
232 4
233 7
234 0
235 1
236 22
237 6
238 5
239 36
240 0
241 2
242 0
243 6
244 5
245 2
246 10
247 59
248 13
249 0
250 5
251 3
252 2
253 4
254 3
255 5
256 3
257 9
258 4
259 0
260 15
261 0
262 0
263 1
264 7
265 14
266 0
267 24
268 0
269 0
270 0
271 12
272 0
273 0
274 0
275 16
276 6
277 0
278 0
279 0
280 5
281 8
282 2
283 9
284 1
285 9
286 3
287 6
288 9
289 0
290 1
291 1
292 14
293 11
294 4
295 6
296 3
297 0
298 7
299 0
300 0
301 4
302 31
303 31
304 0
305 10
306 0
307 13
308 6
309 12
310 0
311 5
312 0
313 13
314 24
315 10
316 7
317 1
318 5
319 2
320 2
321 1
322 3
323 12
324 10
325 0
326 0
327 0
328 11
329 2
330 0
331 1
332 3
333 3
334 4
335 12
336 3
337 4
338 4
339 5
340 1
341 10
342 8
343 13
344 13
345 4
346 19
347 2
348 4
349 1
350 3
351 14
352 13
353 8
354 0
355 8
356 22
357 0
358 16
359 4
360 0
361 4
362 0
363 0
364 1
365 3
366 0
367 4
368 3
369 5
370 1
371 4
372 7
373 1
374 1
375 0
376 6
377 4
378 11
379 1
380 4
381 15
382 1
383 2
384 0
385 12
386 9
387 5
388 11
389 11
390 0
391 25
392 17
393 0
394 2
395 8
396 1
397 1
398 11
399 0
400 12
401 32
402 6
403 3
404 4
405 0
406 2
407 0
408 13
409 2
410 0
411 11
412 5
413 4
414 9
415 8
416 11
417 4
418 5
419 15
420 3
421 16
422 5
423 1
424 2
425 22
426 0
427 2
428 2
429 2
430 3
431 7
432 9
433 7
434 0
435 6
436 5
437 0
438 5
439 9
440 10
441 7
442 4
443 9
444 2
445 2
446 3
447 4
448 18
449 1
450 2
451 7
452 15
453 8
454 4
455 7
456 14
457 1
458 5
459 13
460 7
461 0
462 2
463 3
464 23
465 3
466 6
467 0
468 5
469 0
470 13
471 14
472 8
473 11
474 4
475 2
476 6
477 7
478 12
479 0
480 14
481 4
482 12
483 4
484 6
485 1
486 16
487 0
488 2
489 2
490 2
491 4
492 2
493 3
494 1
495 6
496 7
497 7
498 26
499 14
500 1
501 1
502 1
503 3
504 0
505 5
506 6
507 10
508 6
509 12
510 3
511 4
512 0
513 14
514 4
515 2
516 1
517 1
518 4
519 20
520 1
521 0
522 27
523 8
524 0
525 8
526 0
527 4
528 0
529 2
530 13
531 3
532 4
533 13
534 0
535 0
536 4
537 2
538 1
539 8
540 10
541 15
542 14
543 9
544 49
545 5
546 0
547 8
548 1
549 15
550 18
551 2
552 4
553 23
554 10
555 6
556 33
557 6
558 6
559 27
560 8
561 30
562 40
563 10
564 2
565 0
566 0
567 3
568 14
569 31
570 4
571 22
572 22
573 67
574 12
575 8
576 10
577 0
578 12
579 4
580 7
581 8
582 0
583 1
584 36
585 3
586 1
587 0
588 3
589 5
590 5
591 8
592 17
593 2
594 1
595 12
596 16
597 2
598 5
599 0
600 0
601 14
602 0
603 3
604 17
605 18
606 8
607 35
608 2
609 4
610 10
611 11
612 4
613 2
614 5
615 6
616 4
617 4
618 2
619 3
620 2
621 16
622 0
623 5
624 5
625 1
626 3
627 15
628 17
629 2
630 10
631 1
632 2
633 9
634 1
635 7
636 0
637 11
638 8
639 7
640 0
641 5
642 6
643 12
644 5
645 11
646 0
647 5
648 3
649 11
650 6
651 20
652 0
653 1
654 13
655 0
656 1
657 7
658 11
659 3
660 0
661 1
662 1
663 0
664 0
665 5
666 0
667 14
668 7
669 1
670 2
671 19
672 3
673 7
674 1
675 0
676 9
677 9
678 11
679 3
680 3
681 11
682 9
683 5
684 5
685 0
686 10
687 5
688 17
689 15
690 1
691 4
692 11
693 0
694 5
695 8
696 9
697 30
698 32
699 0
700 0
701 0
702 5
703 23
704 11
705 0
706 21
707 0
708 11
709 0
710 8
711 16
712 0
713 0
714 3
715 17
716 5
717 7
718 0
719 10
720 30
721 0
722 0
723 2
724 0
725 0
726 8
727 4
728 1
729 30
730 0
731 3
732 2
733 12
734 29
735 0
736 2
737 5
738 3
739 2
740 4
741 1
742 11
743 5
744 13
745 0
746 1
747 2
748 0
749 1
750 1
751 3
752 1
753 2
754 1
755 3
756 0
757 0
758 8
759 5
760 0
761 6
762 0
763 7
764 8
765 2
766 61
767 0
768 2
769 3
770 0
771 0
772 0
773 0
774 0
775 22
776 2
777 6
778 19
779 13
780 0
781 0
782 0
783 0
784 0
785 4
786 8
787 3
788 7
789 2
790 2
791 6
792 1
793 9
794 3
795 12
796 20
797 11
798 16
799 0
800 0
801 9
802 13
803 7
804 11
805 3
806 13
807 0
808 3
809 1
810 2
811 1
812 4
813 1
814 0
815 21
816 0
817 3
818 4
819 5
820 10
821 0
822 12
823 1
824 1
825 10
826 0
827 3
828 5
829 6
830 32
831 0
832 11
833 8
834 0
835 7
836 19
837 7
838 25
839 0
840 2
841 0
842 3
843 4
844 10
845 2
846 4
847 5
848 15
849 17
850 6
851 27
852 0
853 0
854 6
855 11
856 5
857 6
858 0
859 1
860 0
861 14
862 0
863 33
864 1
865 1
866 0
867 7
868 2
869 4
870 13
871 0
872 1
873 2
874 10
875 3
876 9
877 0
878 10
879 2
880 7
881 3
882 2
883 2
884 2
885 6
886 4
887 4
888 5
889 0
890 10
891 2
892 0
893 7
894 12
895 4
896 10
897 0
898 12
899 3
900 11
901 2
902 6
903 2
904 1
905 0
906 0
907 1
908 9
909 0
910 1
911 2
912 3
913 4
914 1
915 18
916 14
917 3
918 3
919 26
920 1
921 3
922 3
923 3
924 18
925 6
926 6
927 2
928 17
929 2
930 0
931 4
932 7
933 18
934 0
935 0
936 2
937 6
938 24
939 3
940 3
941 10
942 1
943 1
944 8
945 1
946 0
947 10
948 7
949 25
950 5
951 3
952 1
953 0
954 0
955 2
956 45
957 10
958 20
959 11
960 76
961 2
962 2
963 5
964 7
965 3
966 10
967 10
968 0
969 2
970 2
971 8
972 2
973 3
974 17
975 16
976 24
977 28
978 3
979 8
980 1
981 0
982 2
983 0
984 0
985 16
986 4
987 1
988 16
989 0
990 10
991 12
992 16
993 1
994 4
995 12
996 4
997 11
998 11
999 2
1000 3
1001 3
1002 6
1003 0
1004 19
1005 1
1006 5
1007 0
1008 9
1009 36
1010 0
1011 0
1012 16
1013 2
1014 13
1015 1
1016 4
1017 2
1018 1
1019 2
1020 0
1021 3
1022 3
1023 0
1024 2
1025 1
1026 1
1027 1
1028 1
1029 1
1030 5
1031 5
1032 14
1033 6
1034 7
1035 2
1036 15
1037 7
1038 0
1039 8
1040 3
1041 0
1042 5
1043 1
1044 2
1045 17
1046 10
1047 0
1048 3
1049 5
1050 0
1051 4
1052 13
1053 29
1054 9
1055 0
1056 3
1057 0
1058 10
1059 12
1060 1
1061 11
1062 0
1063 1
1064 7
1065 0
1066 0
1067 3
1068 3
1069 5
1070 0
1071 3
1072 5
1073 5
1074 1
1075 3
1076 5
1077 1
1078 0
1079 0
1080 2
1081 23
1082 12
1083 12
1084 11
1085 23
1086 0
1087 21
1088 2
1089 0
1090 11
1091 1
1092 2
1093 1
1094 14
1095 14
1096 4
1097 6
1098 9
1099 13
1100 0
1101 2
1102 0
1103 6
1104 16
1105 5
1106 11
1107 4
1108 1
1109 8
1110 0
1111 6
1112 0
1113 8
1114 2
1115 19
1116 3
1117 37
1118 2
1119 0
1120 2
1121 9
1122 8
1123 2
1124 1
1125 9
1126 26
1127 2
1128 15
1129 4
1130 14
1131 39
1132 0
1133 18
1134 1
1135 1
1136 8
1137 2
1138 4
1139 2
1140 2
1141 4
1142 5
1143 1
1144 1
1145 0
1146 7
1147 3
1148 0
1149 2
1150 19
1151 14
1152 32
1153 3
1154 9
1155 13
1156 14
1157 0
1158 2
1159 15
1160 0
1161 13
1162 20
1163 1
1164 0
1165 8
1166 4
1167 6
1168 1
1169 0
1170 17
1171 9
1172 0
1173 2
1174 8
1175 3
1176 6
1177 12
1178 12
1179 10
1180 20
1181 1
1182 18
1183 5
1184 5
1185 8
1186 3
1187 11
1188 0
1189 13
1190 6
1191 4
1192 58
1193 29
1194 3
1195 0
1196 0
1197 2
1198 4
1199 24
1200 0
1201 23
1202 2
1203 1
1204 4
1205 1
1206 9
1207 32
1208 21
1209 6
1210 6
1211 0
1212 14
1213 5
1214 8
1215 2
1216 6
1217 23
1218 2
1219 27
1220 0
1221 0
1222 17
1223 6
1224 4
1225 1
1226 15
1227 2
1228 0
1229 2
1230 5
1231 95
1232 13
1233 21
1234 20
1235 0
1236 9
1237 8
1238 12
1239 23
1240 0
1241 7
1242 7
1243 10
1244 16
1245 0
1246 1
1247 17
1248 2
1249 2
1250 2
1251 0
1252 4
1253 8
1254 3
1255 10
1256 5
1257 2
1258 4
1259 4
1260 1
1261 18
1262 6
1263 4
1264 12
1265 24
1266 14
1267 16
1268 7
1269 0
1270 0
1271 4
1272 2
1273 4
1274 1
1275 30
1276 6
1277 14
1278 8
1279 5
1280 9
1281 3
1282 0
1283 6
1284 6
1285 0
1286 5
1287 0
1288 4
1289 6
1290 2
1291 14
1292 8
1293 10
1294 1
1295 17
1296 2
1297 47
1298 2
1299 2
1300 9
1301 0
1302 9
1303 22
1304 0
1305 1
1306 0
1307 17
1308 0
1309 1
1310 1
1311 0
1312 13
1313 0
1314 3
1315 0
1316 4
1317 0
1318 15
1319 17
1320 11
1321 0
1322 8
1323 3
1324 3
1325 0
1326 19
1327 0
1328 1
1329 0
1330 9
1331 6
1332 0
1333 23
1334 5
1335 3
1336 0
1337 0
1338 7
1339 14
1340 7
1341 1
1342 7
1343 3
1344 17
1345 1
1346 2
1347 7
1348 0
1349 2
1350 3
1351 5
1352 2
1353 22
1354 0
1355 11
1356 0
1357 6
1358 1
1359 20
1360 2
1361 1
1362 0
1363 3
1364 19
1365 0
1366 5
1367 4
1368 1
1369 5
1370 4
1371 5
1372 5
1373 3
1374 6
1375 3
1376 3
1377 1
1378 6
1379 11
1380 15
1381 16
1382 12
1383 9
1384 16
1385 2
1386 10
1387 0
1388 9
1389 4
1390 10
1391 4
1392 2
1393 0
1394 3
1395 11
1396 3
1397 0
1398 0
1399 6
1400 15
1401 5
1402 5
1403 0
1404 17
1405 7
1406 0
1407 41
1408 3
1409 23
1410 11
1411 4
1412 11
1413 0
1414 18
1415 13
1416 14
1417 9
1418 26
1419 9
1420 6
1421 0
1422 5
1423 5
1424 0
1425 9
1426 13
1427 15
1428 1
1429 0
1430 7
1431 2
1432 21
1433 0
1434 10
1435 1
1436 18
1437 18
1438 3
1439 1
1440 20
1441 1
1442 0
1443 25
1444 4
1445 5
1446 3
1447 13
1448 3
1449 29
1450 16
1451 0
1452 6
1453 20
1454 2
1455 7
1456 1
1457 2
1458 4
1459 20
1460 25
1461 8
1462 0
1463 1
1464 3
1465 14
1466 7
1467 16
1468 3
1469 8
1470 9
1471 9
1472 74
1473 5
1474 17
1475 7
1476 21
1477 4
1478 2
1479 21
1480 1
1481 19
1482 7
1483 1
1484 3
1485 14
1486 11
1487 6
1488 5
1489 0
1490 14
1491 11
1492 6
1493 2
1494 14
1495 76
1496 28
1497 11
1498 19
1499 0
1500 6
1501 7
1502 0
1503 1
1504 3
1505 4
1506 31
1507 19
1508 39
1509 5
1510 7
1511 11
1512 5
1513 0
1514 30
1515 6
1516 0
1517 0
1518 1
1519 8
1520 12
1521 14
1522 64
1523 19
1524 0
1525 21
1526 1
1527 23
1528 4
1529 4
1530 0
1531 5
1532 0
1533 5
1534 0
1535 25
1536 56
1537 28
1538 2
1539 4
1540 0
1541 0
1542 1
1543 0
1544 1
1545 8
1546 2
1547 2
1548 6
1549 4
1550 2
1551 39
1552 16
1553 5
1554 16
1555 47
1556 1
1557 3
1558 4
1559 1
1560 20
1561 10
1562 35
1563 0
1564 4
1565 1
1566 13
1567 4
1568 3
1569 3
1570 0
1571 40
1572 25
1573 9
1574 1
1575 21
1576 4
1577 2
1578 15
1579 0
1580 0
1581 0
1582 0
1583 5
1584 1
1585 5
1586 4
1587 5
1588 2
1589 4
1590 37
1591 20
1592 14
1593 5
1594 7
1595 6
1596 35
1597 15
