1 1
2 2
3 24
4 57
5 58
6 16
7 0
8 1
9 26
10 0
11 0
12 0
13 2
14 2
15 10
16 25
17 8
18 21
19 0
20 2
21 7
22 7
23 12
24 11
25 2
26 7
27 3
28 5
29 2
30 5
31 8
32 2
33 0
34 5
35 22
36 1
37 19
38 1
39 5
40 14
41 8
42 0
43 2
44 0
45 4
46 0
47 0
48 11
49 0
50 9
51 11
52 0
53 2
54 3
55 0
56 13
57 0
58 4
59 0
60 6
61 12
62 6
63 1
64 0
65 24
66 15
67 1
68 0
69 8
70 3
71 0
72 10
73 12
74 8
75 28
76 7
77 4
78 15
79 22
80 17
81 32
82 17
83 11
84 18
85 25
86 4
87 5
88 21
89 0
90 6
91 22
92 4
93 4
94 41
95 4
96 10
97 1
98 26
99 30
100 4
101 10
102 33
103 35
104 0
105 2
106 23
107 23
108 1
109 25
110 0
111 2
112 49
113 10
114 3
115 3
116 7
117 8
118 8
119 9
120 19
121 3
122 1
123 16
124 26
125 42
126 33
127 3
128 2
129 2
130 2
131 4
132 2
133 6
134 7
135 3
136 3
137 8
138 3
139 0
140 3
141 6
142 0
143 0
144 3
145 3
146 0
147 16
148 3
149 0
150 1
151 0
152 2
153 0
154 10
155 1
156 5
157 0
158 9
159 0
160 0
161 2
162 8
163 6
164 6
165 1
166 26
167 5
168 0
169 7
170 3
171 4
172 6
173 5
174 27
175 5
176 9
177 11
178 5
179 16
180 18
181 7
182 0
183 6
184 0
185 1
186 2
187 0
188 61
189 5
190 4
191 1
192 3
193 13
194 1
195 0
196 6
197 7
198 3
199 0
200 0
201 6
202 0
203 2
204 6
205 9
206 16
207 4
208 19
209 8
210 9
211 7
212 8
213 0
214 8
215 0
216 0
217 0
218 10
219 13
220 2
221 1
222 5
223 1
224 2
225 4
226 1
227 3
228 8
229 1
230 3
231 13
232 7
233 9
234 3
235 8
236 3
237 3
238 8
239 18
240 1
241 4
242 1
243 2
244 0
245 2
246 3
247 2
248 25
249 4
250 6
251 2
252 2
253 3
254 8
255 1
256 3
257 4
258 8
259 10
260 7
261 6
262 1
263 16
264 0
265 5
266 0
267 15
268 0
269 4
270 0
271 3
272 1
273 3
274 4
275 5
276 3
277 1
278 1
279 4
280 1
281 0
282 9
283 16
284 2
285 0
286 2
287 16
288 1
289 2
290 2
291 6
292 3
293 6
294 1
295 0
296 2
297 0
298 6
299 3
300 0
301 0
302 1
303 4
304 1
305 0
306 3
307 11
308 21
309 23
310 1
311 3
312 0
313 11
314 37
315 50
316 9
317 0
318 9
319 10
320 6
321 5
322 1
323 31
324 8
325 2
326 9
327 7
328 34
329 1
330 0
331 0
332 12
333 0
334 2
335 14
336 5
337 5
338 3
339 7
340 14
341 4
342 19
343 11
344 25
345 5
346 3
347 4
348 0
349 0
350 3
351 34
352 8
353 7
354 0
355 7
356 2
357 0
358 37
359 0
360 1
361 10
362 6
363 2
364 10
365 0
366 0
367 4
368 4
369 1
370 6
371 7
372 10
373 5
374 4
375 17
376 0
377 6
378 15
379 29
380 1
381 1
382 0
383 9
384 1
385 24
386 7
387 32
388 5
389 17
390 4
391 28
392 10
393 0
394 5
395 9
396 5
397 24
398 11
399 0
400 8
401 19
402 3
403 1
404 6
405 7
406 4
407 1
408 3
409 3
410 2
411 6
412 1
413 19
414 1
415 13
416 7
417 0
418 8
419 7
420 17
421 24
422 4
423 0
424 2
425 6
426 3
427 6
428 2
429 0
430 1
431 13
432 12
433 4
434 0
435 0
436 3
437 4
438 0
439 17
440 29
441 7
442 1
443 2
444 1
445 0
446 11
447 12
448 20
449 4
450 1
451 3
452 15
453 12
454 1
455 5
456 1
457 4
458 4
459 2
460 0
461 5
462 2
463 3
464 4
465 3
466 9
467 5
468 14
469 1
470 8
471 12
472 25
473 17
474 2
475 12
476 33
477 2
478 1
479 0
480 6
481 27
482 26
483 7
484 12
485 4
486 6
487 3
488 3
489 11
490 7
491 11
492 9
493 2
494 0
495 6
496 6
497 4
498 2
499 12
500 4
501 2
502 23
503 6
504 0
505 4
506 5
507 0
508 17
509 12
510 10
511 5
512 0
513 7
514 7
515 7
516 13
517 7
518 21
519 3
520 14
521 10
522 6
523 4
524 1
525 3
526 6
527 1
528 2
529 18
530 20
531 0
532 2
533 11
534 2
535 4
536 19
537 8
538 6
539 4
540 10
541 7
542 5
543 6
544 25
545 9
546 7
547 25
548 10
549 33
550 7
551 8
552 4
553 22
554 7
555 23
556 32
557 27
558 26
559 40
560 30
561 21
562 20
563 4
564 10
565 9
566 11
567 8
568 16
569 13
570 12
571 9
572 5
573 87
574 41
575 36
576 6
577 5
578 1
579 21
580 21
581 15
582 0
583 8
584 1
585 0
586 4
587 0
588 5
589 10
590 6
591 2
592 20
593 0
594 1
595 6
596 3
597 15
598 1
599 5
600 16
601 3
602 2
603 2
604 1
605 5
606 14
607 16
608 3
609 0
610 8
611 17
612 8
613 4
614 9
615 4
616 3
617 0
618 5
619 22
620 2
621 6
622 16
623 25
624 11
625 11
626 14
627 5
628 7
629 8
630 3
631 5
632 2
633 4
634 4
635 8
636 0
637 4
638 15
639 3
640 0
641 2
642 4
643 38
644 6
645 0
646 15
647 4
648 0
649 1
650 2
651 15
652 2
653 1
654 8
655 10
656 3
657 0
658 5
659 1
660 5
661 4
662 9
663 2
664 5
665 2
666 0
667 15
668 19
669 5
670 6
671 10
672 3
673 17
674 11
675 2
676 3
677 10
678 7
679 1
680 0
681 41
682 1
683 4
684 4
685 0
686 2
687 3
688 9
689 2
690 5
691 0
692 7
693 0
694 3
695 0
696 7
697 7
698 0
699 5
700 1
701 9
702 2
703 4
704 11
705 0
706 5
707 1
708 2
709 2
710 0
711 16
712 3
713 0
714 2
715 5
716 8
717 1
718 3
719 4
720 2
721 0
722 23
723 5
724 0
725 2
726 4
727 2
728 1
729 9
730 5
731 0
732 7
733 8
734 40
735 1
736 4
737 2
738 4
739 3
740 1
741 0
742 13
743 0
744 7
745 0
746 7
747 2
748 3
749 3
750 9
751 5
752 0
753 0
754 3
755 1
756 3
757 8
758 2
759 1
760 0
761 5
762 0
763 7
764 3
765 8
766 12
767 3
768 14
769 1
770 3
771 1
772 0
773 6
774 1
775 4
776 16
777 14
778 5
779 21
780 2
781 1
782 9
783 0
784 9
785 3
786 12
787 3
788 11
789 14
790 2
791 1
792 2
793 3
794 0
795 1
796 2
797 8
798 1
799 0
800 0
801 0
802 6
803 3
804 5
805 4
806 3
807 3
808 0
809 0
810 3
811 15
812 9
813 0
814 1
815 8
816 0
817 19
818 2
819 3
820 26
821 8
822 8
823 3
824 0
825 6
826 11
827 7
828 6
829 8
830 1
831 10
832 6
833 6
834 5
835 1
836 6
837 6
838 15
839 0
840 1
841 0
842 3
843 7
844 10
845 4
846 7
847 11
848 7
849 10
850 9
851 9
852 2
853 8
854 40
855 1
856 12
857 5
858 1
859 2
860 4
861 10
862 0
863 13
864 8
865 3
866 1
867 10
868 6
869 1
870 0
871 4
872 4
873 0
874 9
875 4
876 1
877 5
878 19
879 19
880 0
881 4
882 1
883 2
884 1
885 8
886 1
887 31
888 0
889 0
890 9
891 3
892 3
893 13
894 5
895 12
896 25
897 2
898 29
899 31
900 26
901 12
902 1
903 2
904 1
905 3
906 2
907 4
908 17
909 1
910 20
911 1
912 15
913 8
914 42
915 19
916 16
917 5
918 0
919 9
920 9
921 8
922 15
923 6
924 11
925 3
926 17
927 3
928 61
929 7
930 5
931 5
932 0
933 10
934 2
935 2
936 10
937 1
938 12
939 2
940 6
941 1
942 17
943 0
944 6
945 2
946 23
947 14
948 1
949 1
950 2
951 6
952 3
953 6
954 0
955 2
956 14
957 9
958 38
959 16
960 3
961 3
962 2
963 2
964 12
965 15
966 0
967 4
968 6
969 2
970 15
971 2
972 0
973 9
974 39
975 0
976 2
977 15
978 2
979 0
980 1
981 2
982 3
983 11
984 6
985 12
986 4
987 0
988 6
989 3
990 7
991 8
992 13
993 0
994 1
995 16
996 19
997 3
998 3
999 4
1000 10
1001 9
1002 21
1003 1
1004 11
1005 0
1006 1
1007 3
1008 9
1009 5
1010 0
1011 1
1012 7
1013 1
1014 11
1015 9
1016 20
1017 0
1018 1
1019 0
1020 2
1021 5
1022 4
1023 0
1024 3
1025 0
1026 0
1027 0
1028 1
1029 12
1030 15
1031 2
1032 12
1033 3
1034 6
1035 0
1036 5
1037 8
1038 8
1039 3
1040 5
1041 1
1042 3
1043 2
1044 6
1045 5
1046 18
1047 0
1048 5
1049 6
1050 0
1051 6
1052 0
1053 29
1054 1
1055 2
1056 4
1057 0
1058 4
1059 4
1060 2
1061 5
1062 0
1063 1
1064 3
1065 3
1066 7
1067 1
1068 3
1069 11
1070 2
1071 17
1072 1
1073 4
1074 1
1075 3
1076 3
1077 2
1078 2
1079 9
1080 30
1081 35
1082 6
1083 7
1084 15
1085 5
1086 0
1087 4
1088 2
1089 0
1090 10
1091 17
1092 0
1093 5
1094 16
1095 2
1096 0
1097 4
1098 7
1099 6
1100 3
1101 0
1102 0
1103 23
1104 24
1105 20
1106 17
1107 9
1108 10
1109 0
1110 4
1111 3
1112 1
1113 0
1114 7
1115 2
1116 7
1117 6
1118 3
1119 0
1120 8
1121 2
1122 10
1123 11
1124 0
1125 9
1126 12
1127 2
1128 5
1129 0
1130 31
1131 17
1132 1
1133 5
1134 4
1135 2
1136 1
1137 23
1138 4
1139 0
1140 8
1141 3
1142 4
1143 0
1144 2
1145 0
1146 20
1147 10
1148 1
1149 11
1150 4
1151 3
1152 22
1153 0
1154 8
1155 6
1156 25
1157 0
1158 7
1159 7
1160 1
1161 4
1162 0
1163 8
1164 17
1165 3
1166 6
1167 16
1168 2
1169 2
1170 8
1171 6
1172 7
1173 3
1174 27
1175 11
1176 2
1177 7
1178 22
1179 11
1180 29
1181 4
1182 8
1183 6
1184 4
1185 4
1186 3
1187 4
1188 7
1189 4
1190 9
1191 3
1192 3
1193 31
1194 2
1195 2
1196 0
1197 9
1198 0
1199 2
1200 3
1201 8
1202 4
1203 1
1204 2
1205 11
1206 2
1207 5
1208 5
1209 7
1210 3
1211 1
1212 3
1213 2
1214 2
1215 4
1216 10
1217 5
1218 4
1219 19
1220 4
1221 3
1222 3
1223 8
1224 4
1225 0
1226 1
1227 15
1228 1
1229 6
1230 1
1231 5
1232 19
1233 15
1234 1
1235 5
1236 14
1237 3
1238 2
1239 7
1240 1
1241 4
1242 2
1243 11
1244 2
1245 8
1246 0
1247 4
1248 3
1249 1
1250 0
1251 4
1252 1
1253 1
1254 6
1255 3
1256 4
1257 8
1258 1
1259 3
1260 1
1261 8
1262 10
1263 3
1264 2
1265 9
1266 3
1267 26
1268 6
1269 0
1270 0
1271 0
1272 5
1273 8
1274 0
1275 2
1276 0
1277 3
1278 8
1279 2
1280 0
1281 13
1282 0
1283 10
1284 2
1285 1
1286 8
1287 0
1288 8
1289 10
1290 0
1291 8
1292 1
1293 9
1294 0
1295 8
1296 1
1297 9
1298 2
1299 14
1300 10
1301 6
1302 5
1303 24
1304 2
1305 5
1306 3
1307 4
1308 0
1309 5
1310 0
1311 0
1312 2
1313 0
1314 7
1315 0
1316 1
1317 0
1318 2
1319 26
1320 5
1321 0
1322 0
1323 0
1324 0
1325 11
1326 7
1327 3
1328 2
1329 2
1330 3
1331 6
1332 0
1333 2
1334 2
1335 8
1336 0
1337 0
1338 17
1339 6
1340 6
1341 2
1342 3
1343 5
1344 3
1345 3
1346 1
1347 1
1348 0
1349 8
1350 9
1351 1
1352 5
1353 2
1354 2
1355 1
1356 2
1357 8
1358 3
1359 7
1360 9
1361 0
1362 22
1363 2
1364 3
1365 0
1366 14
1367 4
1368 7
1369 4
1370 0
1371 2
1372 1
1373 1
1374 11
1375 1
1376 1
1377 1
1378 3
1379 9
1380 5
1381 13
1382 0
1383 8
1384 5
1385 11
1386 1
1387 1
1388 2
1389 2
1390 10
1391 0
1392 0
1393 0
1394 4
1395 4
1396 6
1397 20
1398 0
1399 1
1400 4
1401 16
1402 3
1403 3
1404 5
1405 1
1406 22
1407 6
1408 0
1409 30
1410 11
1411 5
1412 4
1413 0
1414 1
1415 3
1416 0
1417 1
1418 0
1419 0
1420 5
1421 0
1422 12
1423 0
1424 1
1425 7
1426 0
1427 3
1428 4
1429 0
1430 13
1431 9
1432 13
1433 0
1434 1
1435 13
1436 3
1437 2
1438 0
1439 2
1440 4
1441 0
1442 1
1443 1
1444 3
1445 1
1446 1
1447 25
1448 0
1449 17
1450 3
1451 2
1452 0
1453 7
1454 0
1455 9
1456 4
1457 0
1458 4
1459 2
1460 12
1461 0
1462 3
1463 0
1464 5
1465 8
1466 9
1467 39
1468 5
1469 2
1470 9
1471 10
1472 17
1473 2
1474 6
1475 1
1476 11
1477 8
1478 1
1479 6
1480 1
1481 4
1482 4
1483 0
1484 15
1485 12
1486 2
1487 9
1488 10
1489 0
1490 6
1491 8
1492 3
1493 6
1494 2
1495 30
1496 10
1497 5
1498 7
1499 0
1500 7
1501 4
1502 0
1503 1
1504 40
1505 24
1506 3
1507 55
1508 17
1509 3
1510 1
1511 13
1512 2
1513 6
1514 9
1515 2
1516 12
1517 0
1518 5
1519 6
1520 27
1521 20
1522 25
1523 29
1524 3
1525 11
1526 2
1527 26
1528 19
1529 4
1530 45
1531 4
1532 0
1533 3
1534 0
1535 39
1536 12
1537 14
1538 1
1539 17
1540 3
1541 6
1542 11
1543 2
1544 15
1545 21
1546 8
1547 13
1548 5
1549 19
1550 8
1551 8
1552 30
1553 1
1554 1
1555 19
1556 0
1557 5
1558 0
1559 27
1560 2
1561 4
1562 29
1563 2
1564 11
1565 1
1566 2
1567 0
1568 1
1569 16
1570 0
1571 12
1572 22
1573 5
1574 10
1575 10
1576 1
1577 6
1578 7
1579 8
1580 0
1581 36
1582 4
1583 4
1584 22
1585 0
1586 0
1587 20
1588 11
1589 1
1590 8
1591 7
1592 47
1593 11
1594 11
1595 3
1596 41
1597 4
