1 7
2 0
3 4
4 21
5 58
6 21
7 7
8 4
9 2
10 0
11 8
12 1
13 0
14 22
15 7
16 8
17 8
18 15
19 9
20 0
21 0
22 0
23 1
24 7
25 1
26 2
27 5
28 0
29 0
30 0
31 5
32 6
33 0
34 5
35 4
36 3
37 14
38 3
39 3
40 0
41 0
42 2
43 1
44 0
45 5
46 0
47 0
48 0
49 1
50 2
51 16
52 0
53 2
54 5
55 0
56 5
57 0
58 9
59 7
60 6
61 16
62 5
63 1
64 0
65 7
66 0
67 0
68 0
69 2
70 2
71 0
72 26
73 28
74 2
75 45
76 4
77 12
78 13
79 90
80 11
81 21
82 3
83 1
84 0
85 12
86 13
87 48
88 2
89 0
90 8
91 1
92 6
93 5
94 2
95 6
96 35
97 4
98 0
99 9
100 1
101 4
102 3
103 24
104 4
105 0
106 5
107 0
108 1
109 20
110 26
111 4
112 9
113 21
114 1
115 6
116 1
117 18
118 5
119 11
120 5
121 12
122 3
123 6
124 13
125 2
126 26
127 5
128 5
129 3
130 4
131 2
132 6
133 1
134 0
135 3
136 1
137 0
138 6
139 0
140 1
141 0
142 1
143 0
144 0
145 4
146 0
147 1
148 3
149 1
150 0
151 0
152 1
153 9
154 4
155 0
156 2
157 0
158 2
159 1
160 0
161 2
162 0
163 2
164 8
165 6
166 1
167 1
168 10
169 5
170 1
171 4
172 3
173 0
174 14
175 1
176 2
177 0
178 0
179 2
180 3
181 0
182 0
183 3
184 0
185 2
186 1
187 0
188 3
189 0
190 0
191 0
192 0
193 4
194 2
195 1
196 0
197 1
198 0
199 1
200 1
201 1
202 3
203 0
204 2
205 0
206 1
207 1
208 0
209 4
210 1
211 0
212 2
213 0
214 11
215 0
216 0
217 8
218 5
219 5
220 21
221 0
222 0
223 0
224 2
225 1
226 0
227 0
228 0
229 2
230 3
231 4
232 5
233 2
234 0
235 0
236 2
237 0
238 0
239 14
240 5
241 9
242 0
243 5
244 0
245 0
246 0
247 4
248 7
249 0
250 5
251 0
252 4
253 4
254 2
255 9
256 3
257 3
258 0
259 4
260 2
261 1
262 0
263 7
264 0
265 7
266 1
267 12
268 0
269 0
270 0
271 2
272 0
273 0
274 2
275 6
276 1
277 1
278 0
279 0
280 4
281 22
282 1
283 1
284 0
285 0
286 1
287 8
288 5
289 0
290 0
291 0
292 0
293 8
294 0
295 1
296 1
297 0
298 5
299 0
300 0
301 3
302 0
303 15
304 0
305 5
306 0
307 1
308 7
309 15
310 1
311 2
312 0
313 17
314 3
315 3
316 5
317 0
318 5
319 2
320 4
321 2
322 0
323 10
324 3
325 1
326 0
327 6
328 2
329 0
330 0
331 1
332 2
333 0
334 3
335 7
336 0
337 1
338 4
339 1
340 1
341 31
342 4
343 1
344 4
345 6
346 5
347 1
348 0
349 2
350 0
351 3
352 2
353 0
354 0
355 61
356 7
357 6
358 3
359 0
360 0
361 6
362 0
363 0
364 7
365 2
366 0
367 5
368 0
369 2
370 7
371 8
372 4
373 0
374 3
375 0
376 4
377 2
378 11
379 2
380 6
381 0
382 0
383 0
384 1
385 2
386 1
387 18
388 2
389 11
390 2
391 2
392 5
393 2
394 3
395 2
396 0
397 1
398 0
399 0
400 2
401 5
402 2
403 1
404 2
405 7
406 8
407 0
408 1
409 0
410 1
411 2
412 1
413 3
414 4
415 8
416 11
417 0
418 4
419 15
420 2
421 9
422 8
423 1
424 1
425 3
426 15
427 7
428 7
429 7
430 0
431 0
432 7
433 17
434 0
435 1
436 5
437 0
438 3
439 4
440 10
441 7
442 5
443 2
444 0
445 1
446 1
447 1
448 32
449 2
450 0
451 4
452 1
453 1
454 4
455 2
456 1
457 0
458 2
459 4
460 1
461 3
462 3
463 2
464 6
465 0
466 1
467 2
468 0
469 0
470 19
471 1
472 7
473 5
474 2
475 7
476 7
477 5
478 5
479 0
480 1
481 1
482 4
483 0
484 3
485 5
486 4
487 1
488 3
489 1
490 2
491 1
492 0
493 1
494 2
495 5
496 21
497 3
498 11
499 12
500 1
501 0
502 5
503 0
504 0
505 13
506 1
507 21
508 3
509 1
510 0
511 9
512 0
513 62
514 1
515 7
516 10
517 0
518 2
519 0
520 5
521 5
522 6
523 17
524 0
525 1
526 0
527 0
528 7
529 2
530 1
531 8
532 2
533 1
534 7
535 1
536 13
537 13
538 6
539 3
540 1
541 0
542 3
543 0
544 6
545 0
546 1
547 16
548 0
549 10
550 0
551 3
552 5
553 5
554 21
555 7
556 18
557 1
558 4
559 55
560 16
561 60
562 20
563 8
564 10
565 2
566 1
567 12
568 2
569 0
570 29
571 5
572 19
573 39
574 20
575 1
576 7
577 3
578 3
579 13
580 14
581 35
582 5
583 2
584 0
585 0
586 6
587 0
588 0
589 3
590 0
591 9
592 5
593 0
594 11
595 1
596 3
597 4
598 1
599 1
600 1
601 4
602 0
603 2
604 1
605 29
606 0
607 9
608 6
609 6
610 2
611 18
612 2
613 1
614 3
615 4
616 0
617 1
618 0
619 2
620 0
621 11
622 5
623 21
624 9
625 0
626 2
627 6
628 4
629 3
630 12
631 1
632 0
633 6
634 15
635 3
636 0
637 11
638 4
639 0
640 0
641 1
642 11
643 9
644 0
645 21
646 0
647 1
648 7
649 0
650 3
651 4
652 0
653 0
654 3
655 4
656 1
657 1
658 0
659 4
660 1
661 2
662 9
663 1
664 0
665 2
666 3
667 5
668 2
669 1
670 1
671 0
672 1
673 7
674 4
675 0
676 12
677 0
678 3
679 1
680 0
681 2
682 1
683 13
684 30
685 0
686 4
687 12
688 0
689 1
690 0
691 0
692 5
693 3
694 2
695 1
696 5
697 14
698 8
699 0
700 0
701 3
702 1
703 2
704 8
705 2
706 3
707 0
708 0
709 4
710 15
711 3
712 0
713 3
714 2
715 9
716 5
717 1
718 2
719 2
720 3
721 0
722 0
723 4
724 0
725 1
726 1
727 0
728 0
729 8
730 17
731 0
732 0
733 16
734 6
735 0
736 1
737 7
738 3
739 4
740 0
741 0
742 9
743 2
744 6
745 2
746 3
747 11
748 0
749 1
750 7
751 9
752 1
753 0
754 3
755 12
756 5
757 0
758 5
759 2
760 2
761 4
762 1
763 6
764 9
765 2
766 2
767 0
768 3
769 0
770 0
771 0
772 0
773 0
774 8
775 10
776 0
777 6
778 8
779 2
780 3
781 0
782 3
783 0
784 0
785 9
786 23
787 2
788 8
789 1
790 1
791 7
792 0
793 10
794 1
795 6
796 9
797 10
798 7
799 14
800 0
801 1
802 6
803 5
804 13
805 0
806 0
807 0
808 1
809 0
810 0
811 14
812 0
813 0
814 4
815 1
816 5
817 4
818 2
819 16
820 19
821 0
822 6
823 2
824 0
825 2
826 4
827 5
828 0
829 5
830 1
831 4
832 28
833 2
834 0
835 7
836 1
837 5
838 18
839 2
840 0
841 0
842 8
843 6
844 7
845 1
846 7
847 7
848 13
849 4
850 24
851 29
852 9
853 0
854 3
855 2
856 12
857 14
858 0
859 0
860 0
861 6
862 4
863 10
864 0
865 11
866 0
867 24
868 5
869 6
870 1
871 0
872 9
873 0
874 7
875 6
876 0
877 0
878 14
879 13
880 0
881 10
882 4
883 0
884 0
885 2
886 7
887 4
888 0
889 3
890 2
891 2
892 0
893 0
894 6
895 3
896 1
897 1
898 7
899 0
900 4
901 3
902 2
903 1
904 9
905 0
906 2
907 0
908 1
909 5
910 1
911 0
912 2
913 1
914 1
915 5
916 2
917 3
918 0
919 7
920 24
921 1
922 22
923 1
924 19
925 2
926 4
927 1
928 2
929 0
930 2
931 7
932 0
933 3
934 1
935 6
936 0
937 0
938 19
939 0
940 0
941 0
942 2
943 6
944 0
945 2
946 11
947 3
948 2
949 0
950 4
951 1
952 1
953 1
954 2
955 7
956 6
957 9
958 17
959 10
960 9
961 4
962 7
963 2
964 0
965 2
966 15
967 0
968 0
969 6
970 2
971 2
972 9
973 4
974 18
975 9
976 12
977 22
978 0
979 2
980 1
981 2
982 3
983 1
984 0
985 7
986 0
987 0
988 6
989 1
990 7
991 22
992 3
993 2
994 4
995 6
996 4
997 8
998 1
999 0
1000 6
1001 1
1002 10
1003 0
1004 3
1005 0
1006 24
1007 11
1008 4
1009 19
1010 0
1011 0
1012 7
1013 1
1014 19
1015 5
1016 10
1017 0
1018 0
1019 10
1020 0
1021 7
1022 4
1023 0
1024 0
1025 0
1026 10
1027 1
1028 0
1029 8
1030 0
1031 2
1032 6
1033 0
1034 1
1035 5
1036 7
1037 1
1038 7
1039 8
1040 7
1041 0
1042 4
1043 2
1044 4
1045 6
1046 2
1047 1
1048 2
1049 2
1050 0
1051 2
1052 9
1053 1
1054 2
1055 0
1056 4
1057 2
1058 8
1059 14
1060 3
1061 2
1062 3
1063 0
1064 0
1065 6
1066 11
1067 0
1068 2
1069 1
1070 0
1071 8
1072 3
1073 0
1074 5
1075 9
1076 10
1077 7
1078 6
1079 0
1080 16
1081 5
1082 3
1083 25
1084 2
1085 0
1086 0
1087 15
1088 1
1089 0
1090 1
1091 2
1092 0
1093 2
1094 6
1095 6
1096 3
1097 3
1098 3
1099 7
1100 0
1101 0
1102 1
1103 13
1104 20
1105 2
1106 6
1107 21
1108 10
1109 3
1110 7
1111 3
1112 0
1113 0
1114 0
1115 3
1116 47
1117 4
1118 0
1119 4
1120 0
1121 0
1122 4
1123 0
1124 4
1125 6
1126 5
1127 0
1128 8
1129 0
1130 6
1131 3
1132 7
1133 2
1134 0
1135 3
1136 0
1137 2
1138 3
1139 3
1140 0
1141 2
1142 4
1143 0
1144 1
1145 0
1146 0
1147 3
1148 0
1149 1
1150 3
1151 1
1152 9
1153 7
1154 7
1155 3
1156 19
1157 1
1158 2
1159 44
1160 0
1161 1
1162 0
1163 11
1164 6
1165 0
1166 14
1167 7
1168 4
1169 0
1170 17
1171 6
1172 12
1173 1
1174 7
1175 23
1176 3
1177 9
1178 1
1179 25
1180 1
1181 12
1182 7
1183 4
1184 5
1185 2
1186 0
1187 5
1188 2
1189 7
1190 6
1191 7
1192 23
1193 4
1194 0
1195 1
1196 4
1197 0
1198 12
1199 7
1200 6
1201 9
1202 9
1203 0
1204 53
1205 4
1206 0
1207 0
1208 3
1209 4
1210 2
1211 0
1212 4
1213 2
1214 1
1215 8
1216 10
1217 9
1218 5
1219 4
1220 1
1221 3
1222 5
1223 0
1224 7
1225 1
1226 5
1227 3
1228 1
1229 5
1230 5
1231 4
1232 0
1233 5
1234 2
1235 1
1236 3
1237 0
1238 7
1239 19
1240 0
1241 2
1242 2
1243 4
1244 2
1245 0
1246 1
1247 11
1248 0
1249 4
1250 9
1251 0
1252 0
1253 2
1254 1
1255 5
1256 0
1257 5
1258 3
1259 1
1260 3
1261 25
1262 0
1263 12
1264 3
1265 6
1266 4
1267 4
1268 4
1269 0
1270 0
1271 6
1272 17
1273 19
1274 6
1275 3
1276 3
1277 2
1278 15
1279 0
1280 4
1281 15
1282 0
1283 1
1284 1
1285 0
1286 2
1287 5
1288 18
1289 5
1290 0
1291 5
1292 3
1293 7
1294 0
1295 6
1296 6
1297 15
1298 1
1299 0
1300 8
1301 0
1302 4
1303 16
1304 0
1305 0
1306 0
1307 19
1308 1
1309 2
1310 0
1311 2
1312 6
1313 2
1314 10
1315 0
1316 5
1317 0
1318 2
1319 5
1320 3
1321 3
1322 3
1323 0
1324 1
1325 8
1326 10
1327 0
1328 4
1329 0
1330 1
1331 0
1332 2
1333 2
1334 0
1335 2
1336 0
1337 0
1338 5
1339 4
1340 0
1341 0
1342 12
1343 1
1344 3
1345 1
1346 0
1347 10
1348 0
1349 7
1350 13
1351 2
1352 10
1353 3
1354 2
1355 7
1356 1
1357 10
1358 1
1359 3
1360 2
1361 1
1362 0
1363 25
1364 18
1365 12
1366 1
1367 1
1368 3
1369 3
1370 4
1371 1
1372 0
1373 6
1374 6
1375 6
1376 9
1377 0
1378 0
1379 2
1380 3
1381 16
1382 8
1383 1
1384 1
1385 8
1386 0
1387 0
1388 0
1389 0
1390 1
1391 0
1392 0
1393 0
1394 18
1395 12
1396 10
1397 0
1398 0
1399 0
1400 2
1401 1
1402 8
1403 5
1404 5
1405 5
1406 0
1407 2
1408 1
1409 11
1410 1
1411 0
1412 1
1413 2
1414 2
1415 2
1416 0
1417 0
1418 6
1419 0
1420 2
1421 0
1422 12
1423 0
1424 0
1425 9
1426 1
1427 4
1428 2
1429 0
1430 4
1431 0
1432 1
1433 0
1434 0
1435 5
1436 0
1437 0
1438 0
1439 5
1440 1
1441 0
1442 2
1443 0
1444 0
1445 0
1446 3
1447 2
1448 12
1449 2
1450 2
1451 1
1452 14
1453 6
1454 0
1455 0
1456 0
1457 0
1458 3
1459 3
1460 12
1461 0
1462 2
1463 0
1464 1
1465 4
1466 7
1467 19
1468 0
1469 3
1470 1
1471 6
1472 5
1473 7
1474 5
1475 5
1476 1
1477 3
1478 0
1479 2
1480 5
1481 9
1482 4
1483 1
1484 5
1485 6
1486 0
1487 8
1488 3
1489 0
1490 1
1491 3
1492 1
1493 0
1494 3
1495 3
1496 6
1497 0
1498 0
1499 2
1500 13
1501 0
1502 0
1503 0
1504 13
1505 0
1506 2
1507 3
1508 12
1509 3
1510 3
1511 11
1512 3
1513 0
1514 3
1515 1
1516 3
1517 0
1518 5
1519 3
1520 3
1521 42
1522 2
1523 3
1524 0
1525 16
1526 0
1527 0
1528 8
1529 5
1530 1
1531 0
1532 1
1533 0
1534 0
1535 16
1536 3
1537 10
1538 0
1539 12
1540 2
1541 0
1542 1
1543 1
1544 4
1545 1
1546 2
1547 1
1548 9
1549 9
1550 6
1551 0
1552 14
1553 1
1554 4
1555 1
1556 0
1557 1
1558 1
1559 8
1560 1
1561 1
1562 6
1563 3
1564 0
1565 0
1566 4
1567 0
1568 4
1569 10
1570 1
1571 10
1572 74
1573 0
1574 3
1575 6
1576 5
1577 1
1578 46
1579 0
1580 1
1581 5
1582 0
1583 6
1584 2
1585 0
1586 0
1587 2
1588 3
1589 2
1590 1
1591 0
1592 16
1593 8
1594 2
1595 2
1596 30
1597 1
