1 0
2 2
3 21
4 5
5 12
6 11
7 0
8 0
9 2
10 0
11 0
12 8
13 1
14 0
15 2
16 23
17 16
18 15
19 0
20 0
21 6
22 0
23 0
24 12
25 7
26 2
27 1
28 4
29 1
30 0
31 3
32 2
33 0
34 3
35 3
36 0
37 10
38 3
39 13
40 0
41 0
42 2
43 6
44 1
45 0
46 4
47 0
48 13
49 1
50 3
51 8
52 2
53 0
54 0
55 1
56 1
57 1
58 3
59 9
60 18
61 6
62 4
63 6
64 12
65 7
66 2
67 5
68 2
69 6
70 2
71 0
72 20
73 23
74 22
75 8
76 3
77 7
78 4
79 21
80 8
81 12
82 3
83 3
84 9
85 3
86 30
87 6
88 0
89 15
90 19
91 1
92 3
93 13
94 5
95 2
96 24
97 4
98 4
99 6
100 2
101 3
102 0
103 24
104 0
105 0
106 5
107 0
108 6
109 5
110 1
111 2
112 41
113 2
114 5
115 8
116 19
117 8
118 2
119 4
120 7
121 5
122 0
123 31
124 17
125 1
126 21
127 14
128 7
129 0
130 3
131 1
132 6
133 7
134 4
135 2
136 12
137 6
138 5
139 0
140 11
141 4
142 1
143 0
144 33
145 6
146 1
147 5
148 1
149 5
150 0
151 4
152 8
153 1
154 1
155 2
156 1
157 0
158 27
159 0
160 3
161 0
162 2
163 4
164 1
165 3
166 3
167 14
168 1
169 1
170 0
171 0
172 3
173 0
174 15
175 9
176 0
177 6
178 4
179 9
180 14
181 0
182 1
183 8
184 0
185 16
186 8
187 10
188 42
189 1
190 0
191 3
192 2
193 7
194 0
195 8
196 1
197 0
198 0
199 0
200 2
201 0
202 0
203 0
204 1
205 5
206 5
207 1
208 5
209 1
210 1
211 3
212 5
213 0
214 3
215 0
216 3
217 23
218 17
219 11
220 1
221 1
222 8
223 1
224 4
225 8
226 2
227 2
228 4
229 0
230 1
231 8
232 6
233 53
234 0
235 1
236 2
237 5
238 2
239 5
240 6
241 12
242 0
243 1
244 4
245 0
246 2
247 8
248 15
249 1
250 8
251 5
252 0
253 1
254 3
255 0
256 8
257 11
258 8
259 4
260 8
261 1
262 0
263 9
264 0
265 3
266 0
267 4
268 8
269 11
270 50
271 2
272 1
273 1
274 0
275 9
276 3
277 0
278 0
279 0
280 0
281 7
282 2
283 12
284 11
285 5
286 0
287 4
288 0
289 14
290 6
291 39
292 5
293 5
294 0
295 9
296 0
297 0
298 11
299 2
300 1
301 0
302 8
303 4
304 2
305 16
306 1
307 14
308 3
309 13
310 0
311 2
312 0
313 11
314 21
315 20
316 33
317 0
318 24
319 0
320 10
321 6
322 3
323 9
324 6
325 0
326 6
327 4
328 12
329 0
330 0
331 8
332 4
333 10
334 2
335 2
336 6
337 3
338 4
339 2
340 6
341 2
342 4
343 6
344 29
345 4
346 13
347 7
348 4
349 0
350 0
351 5
352 14
353 9
354 5
355 8
356 2
357 3
358 13
359 0
360 8
361 5
362 1
363 0
364 1
365 9
366 0
367 5
368 10
369 0
370 3
371 5
372 6
373 0
374 5
375 4
376 1
377 9
378 1
379 2
380 6
381 1
382 0
383 0
384 2
385 1
386 5
387 12
388 1
389 10
390 4
391 18
392 6
393 2
394 7
395 3
396 7
397 1
398 6
399 2
400 12
401 7
402 7
403 4
404 9
405 9
406 2
407 4
408 2
409 0
410 0
411 3
412 1
413 7
414 0
415 1
416 9
417 1
418 32
419 3
420 24
421 7
422 7
423 1
424 0
425 5
426 1
427 3
428 1
429 0
430 2
431 1
432 6
433 16
434 0
435 8
436 5
437 0
438 2
439 11
440 6
441 5
442 5
443 5
444 0
445 0
446 10
447 2
448 3
449 3
450 0
451 1
452 6
453 18
454 13
455 1
456 8
457 6
458 0
459 9
460 2
461 0
462 3
463 24
464 5
465 5
466 11
467 4
468 15
469 0
470 11
471 21
472 7
473 15
474 11
475 29
476 24
477 1
478 35
479 4
480 0
481 1
482 15
483 1
484 0
485 4
486 9
487 4
488 8
489 0
490 6
491 2
492 0
493 2
494 23
495 3
496 0
497 0
498 15
499 10
500 10
501 2
502 8
503 1
504 2
505 2
506 4
507 3
508 1
509 2
510 0
511 2
512 0
513 10
514 4
515 4
516 0
517 3
518 2
519 1
520 2
521 4
522 5
523 2
524 4
525 0
526 0
527 1
528 1
529 0
530 18
531 0
532 5
533 11
534 2
535 0
536 8
537 2
538 2
539 4
540 6
541 3
542 5
543 16
544 12
545 0
546 0
547 3
548 1
549 19
550 1
551 11
552 8
553 5
554 8
555 18
556 39
557 5
558 9
559 68
560 5
561 9
562 14
563 3
564 5
565 2
566 5
567 1
568 2
569 6
570 4
571 28
572 30
573 87
574 21
575 11
576 10
577 6
578 17
579 4
580 8
581 9
582 0
583 5
584 7
585 0
586 3
587 1
588 0
589 0
590 5
591 6
592 10
593 1
594 1
595 7
596 7
597 10
598 2
599 20
600 5
601 0
602 2
603 0
604 2
605 8
606 8
607 11
608 3
609 2
610 1
611 5
612 0
613 1
614 23
615 8
616 10
617 6
618 0
619 2
620 3
621 6
622 8
623 16
624 2
625 0
626 5
627 4
628 5
629 0
630 0
631 1
632 3
633 5
634 2
635 9
636 0
637 4
638 18
639 1
640 2
641 6
642 0
643 13
644 0
645 8
646 0
647 2
648 0
649 5
650 0
651 3
652 1
653 0
654 2
655 2
656 0
657 0
658 2
659 1
660 5
661 3
662 0
663 3
664 5
665 1
666 0
667 1
668 5
669 9
670 9
671 2
672 0
673 16
674 5
675 0
676 0
677 10
678 14
679 2
680 3
681 27
682 6
683 1
684 18
685 2
686 2
687 13
688 1
689 3
690 5
691 0
692 7
693 8
694 22
695 1
696 3
697 17
698 4
699 2
700 2
701 6
702 0
703 9
704 31
705 7
706 0
707 0
708 3
709 3
710 0
711 62
712 0
713 0
714 0
715 31
716 13
717 7
718 0
719 19
720 12
721 0
722 0
723 5
724 0
725 0
726 0
727 38
728 0
729 2
730 3
731 0
732 10
733 11
734 4
735 0
736 1
737 3
738 2
739 4
740 2
741 0
742 8
743 0
744 28
745 7
746 0
747 1
748 5
749 12
750 12
751 4
752 4
753 0
754 9
755 2
756 17
757 6
758 5
759 2
760 0
761 3
762 0
763 5
764 7
765 2
766 7
767 0
768 10
769 21
770 0
771 0
772 5
773 5
774 0
775 11
776 1
777 6
778 7
779 5
780 0
781 0
782 0
783 10
784 3
785 0
786 5
787 4
788 8
789 6
790 0
791 15
792 0
793 13
794 13
795 8
796 21
797 6
798 7
799 1
800 0
801 12
802 5
803 4
804 3
805 5
806 0
807 8
808 0
809 12
810 6
811 4
812 1
813 1
814 5
815 8
816 0
817 5
818 6
819 6
820 16
821 0
822 18
823 2
824 0
825 5
826 6
827 8
828 0
829 12
830 44
831 1
832 0
833 1
834 4
835 11
836 2
837 9
838 1
839 12
840 0
841 0
842 8
843 51
844 21
845 1
846 7
847 4
848 2
849 3
850 2
851 4
852 0
853 0
854 0
855 2
856 9
857 4
858 5
859 2
860 0
861 15
862 0
863 18
864 6
865 17
866 2
867 3
868 2
869 1
870 4
871 7
872 3
873 1
874 10
875 2
876 2
877 0
878 15
879 7
880 1
881 2
882 2
883 0
884 0
885 2
886 11
887 3
888 5
889 0
890 0
891 0
892 0
893 1
894 7
895 8
896 2
897 0
898 12
899 3
900 8
901 1
902 0
903 3
904 15
905 0
906 10
907 0
908 5
909 0
910 0
911 0
912 4
913 1
914 0
915 5
916 9
917 11
918 15
919 28
920 8
921 7
922 8
923 0
924 11
925 5
926 2
927 15
928 2
929 0
930 5
931 3
932 5
933 0
934 0
935 9
936 8
937 0
938 27
939 0
940 1
941 3
942 8
943 11
944 5
945 10
946 1
947 8
948 7
949 1
950 0
951 4
952 3
953 2
954 1
955 1
956 8
957 18
958 5
959 5
960 12
961 4
962 3
963 12
964 1
965 2
966 0
967 2
968 0
969 0
970 10
971 2
972 11
973 1
974 16
975 7
976 21
977 40
978 3
979 0
980 13
981 1
982 0
983 0
984 0
985 22
986 0
987 0
988 10
989 0
990 6
991 6
992 12
993 0
994 12
995 1
996 1
997 2
998 2
999 2
1000 2
1001 9
1002 28
1003 0
1004 0
1005 1
1006 24
1007 1
1008 10
1009 16
1010 3
1011 4
1012 9
1013 1
1014 2
1015 12
1016 8
1017 4
1018 0
1019 4
1020 2
1021 4
1022 0
1023 1
1024 5
1025 0
1026 2
1027 4
1028 0
1029 5
1030 0
1031 15
1032 18
1033 0
1034 3
1035 0
1036 2
1037 3
1038 0
1039 0
1040 1
1041 0
1042 0
1043 4
1044 5
1045 15
1046 2
1047 3
1048 0
1049 0
1050 0
1051 11
1052 2
1053 8
1054 3
1055 2
1056 0
1057 0
1058 14
1059 0
1060 0
1061 11
1062 0
1063 0
1064 8
1065 2
1066 6
1067 0
1068 3
1069 2
1070 0
1071 22
1072 0
1073 0
1074 1
1075 1
1076 1
1077 2
1078 15
1079 0
1080 1
1081 12
1082 21
1083 5
1084 3
1085 4
1086 0
1087 4
1088 1
1089 2
1090 1
1091 11
1092 0
1093 1
1094 5
1095 3
1096 3
1097 15
1098 4
1099 6
1100 0
1101 0
1102 0
1103 1
1104 5
1105 6
1106 5
1107 3
1108 4
1109 2
1110 0
1111 6
1112 0
1113 7
1114 5
1115 16
1116 0
1117 2
1118 1
1119 0
1120 0
1121 4
1122 5
1123 3
1124 23
1125 9
1126 17
1127 0
1128 5
1129 5
1130 6
1131 7
1132 7
1133 3
1134 0
1135 3
1136 0
1137 4
1138 0
1139 5
1140 0
1141 5
1142 0
1143 3
1144 2
1145 1
1146 12
1147 7
1148 12
1149 7
1150 10
1151 4
1152 22
1153 0
1154 2
1155 3
1156 5
1157 3
1158 0
1159 5
1160 1
1161 2
1162 0
1163 2
1164 4
1165 2
1166 17
1167 2
1168 6
1169 0
1170 14
1171 1
1172 7
1173 1
1174 17
1175 5
1176 1
1177 40
1178 28
1179 3
1180 1
1181 8
1182 5
1183 10
1184 0
1185 1
1186 6
1187 2
1188 16
1189 0
1190 15
1191 1
1192 5
1193 21
1194 5
1195 4
1196 8
1197 0
1198 10
1199 14
1200 12
1201 12
1202 3
1203 0
1204 3
1205 2
1206 0
1207 1
1208 7
1209 0
1210 0
1211 15
1212 0
1213 0
1214 2
1215 7
1216 4
1217 20
1218 6
1219 22
1220 3
1221 1
1222 11
1223 3
1224 6
1225 0
1226 0
1227 2
1228 0
1229 0
1230 3
1231 12
1232 1
1233 19
1234 3
1235 0
1236 12
1237 10
1238 15
1239 1
1240 4
1241 1
1242 0
1243 3
1244 3
1245 0
1246 1
1247 9
1248 4
1249 3
1250 8
1251 5
1252 2
1253 5
1254 2
1255 1
1256 4
1257 1
1258 2
1259 3
1260 4
1261 8
1262 0
1263 9
1264 0
1265 13
1266 4
1267 8
1268 2
1269 0
1270 0
1271 2
1272 6
1273 24
1274 2
1275 16
1276 2
1277 1
1278 7
1279 0
1280 8
1281 18
1282 0
1283 4
1284 4
1285 3
1286 3
1287 6
1288 2
1289 11
1290 4
1291 11
1292 3
1293 6
1294 4
1295 17
1296 6
1297 39
1298 4
1299 0
1300 17
1301 6
1302 6
1303 5
1304 0
1305 0
1306 0
1307 8
1308 0
1309 1
1310 7
1311 13
1312 14
1313 1
1314 7
1315 1
1316 0
1317 1
1318 8
1319 2
1320 28
1321 9
1322 7
1323 3
1324 1
1325 1
1326 17
1327 4
1328 11
1329 0
1330 3
1331 0
1332 0
1333 4
1334 1
1335 9
1336 0
1337 3
1338 2
1339 2
1340 6
1341 5
1342 0
1343 0
1344 4
1345 5
1346 0
1347 0
1348 0
1349 21
1350 8
1351 9
1352 6
1353 20
1354 1
1355 1
1356 0
1357 1
1358 4
1359 7
1360 1
1361 0
1362 3
1363 2
1364 6
1365 1
1366 18
1367 2
1368 5
1369 1
1370 0
1371 9
1372 6
1373 3
1374 2
1375 7
1376 6
1377 1
1378 8
1379 15
1380 2
1381 5
1382 4
1383 7
1384 5
1385 0
1386 4
1387 1
1388 17
1389 0
1390 2
1391 0
1392 0
1393 0
1394 1
1395 15
1396 0
1397 0
1398 0
1399 0
1400 0
1401 5
1402 10
1403 0
1404 3
1405 1
1406 0
1407 30
1408 0
1409 7
1410 7
1411 0
1412 6
1413 0
1414 3
1415 4
1416 0
1417 4
1418 1
1419 13
1420 0
1421 1
1422 3
1423 5
1424 0
1425 14
1426 0
1427 1
1428 0
1429 1
1430 3
1431 4
1432 11
1433 4
1434 4
1435 2
1436 8
1437 0
1438 0
1439 4
1440 8
1441 0
1442 0
1443 0
1444 3
1445 0
1446 6
1447 0
1448 2
1449 3
1450 0
1451 0
1452 3
1453 23
1454 7
1455 2
1456 0
1457 0
1458 0
1459 5
1460 1
1461 0
1462 0
1463 0
1464 2
1465 6
1466 7
1467 39
1468 2
1469 5
1470 83
1471 7
1472 8
1473 1
1474 2
1475 4
1476 7
1477 0
1478 8
1479 13
1480 2
1481 3
1482 1
1483 4
1484 8
1485 18
1486 5
1487 11
1488 0
1489 0
1490 11
1491 3
1492 26
1493 8
1494 0
1495 35
1496 5
1497 4
1498 1
1499 0
1500 5
1501 5
1502 0
1503 7
1504 6
1505 5
1506 11
1507 8
1508 11
1509 1
1510 0
1511 7
1512 5
1513 0
1514 10
1515 0
1516 3
1517 8
1518 3
1519 3
1520 5
1521 7
1522 18
1523 19
1524 1
1525 16
1526 7
1527 1
1528 26
1529 8
1530 17
1531 0
1532 0
1533 9
1534 0
1535 9
1536 2
1537 3
1538 0
1539 7
1540 5
1541 0
1542 0
1543 1
1544 0
1545 3
1546 4
1547 13
1548 5
1549 1
1550 6
1551 5
1552 3
1553 4
1554 16
1555 8
1556 1
1557 0
1558 1
1559 0
1560 8
1561 0
1562 15
1563 5
1564 5
1565 0
1566 31
1567 0
1568 2
1569 1
1570 0
1571 42
1572 13
1573 1
1574 3
1575 21
1576 3
1577 0
1578 34
1579 6
1580 1
1581 0
1582 11
1583 7
1584 3
1585 1
1586 0
1587 0
1588 0
1589 3
1590 18
1591 2
1592 31
1593 47
1594 11
1595 3
1596 33
1597 5
