1 0
2 0
3 6
4 19
5 13
6 12
7 0
8 0
9 23
10 0
11 0
12 9
13 0
14 4
15 21
16 32
17 23
18 6
19 0
20 12
21 5
22 3
23 6
24 44
25 31
26 7
27 9
28 0
29 18
30 3
31 6
32 6
33 0
34 14
35 22
36 9
37 58
38 1
39 28
40 25
41 3
42 5
43 5
44 1
45 7
46 0
47 1
48 54
49 0
50 39
51 17
52 0
53 5
54 0
55 1
56 19
57 0
58 19
59 9
60 11
61 13
62 19
63 3
64 0
65 3
66 19
67 6
68 7
69 17
70 19
71 1
72 24
73 28
74 44
75 92
76 16
77 8
78 6
79 25
80 27
81 12
82 5
83 9
84 16
85 4
86 12
87 0
88 4
89 5
90 25
91 34
92 22
93 44
94 14
95 1
96 52
97 3
98 2
99 30
100 5
101 6
102 25
103 40
104 2
105 3
106 5
107 6
108 8
109 12
110 0
111 2
112 44
113 0
114 8
115 2
116 17
117 10
118 7
119 6
120 110
121 1
122 1
123 20
124 7
125 5
126 25
127 4
128 7
129 8
130 45
131 10
132 29
133 48
134 5
135 0
136 4
137 9
138 5
139 17
140 7
141 6
142 4
143 5
144 3
145 14
146 10
147 41
148 16
149 1
150 0
151 12
152 3
153 4
154 1
155 1
156 1
157 2
158 8
159 5
160 2
161 0
162 6
163 16
164 12
165 16
166 53
167 2
168 43
169 20
170 5
171 4
172 8
173 3
174 54
175 22
176 11
177 31
178 2
179 13
180 26
181 5
182 13
183 27
184 2
185 2
186 14
187 0
188 58
189 0
190 19
191 22
192 2
193 15
194 10
195 6
196 17
197 3
198 3
199 4
200 5
201 21
202 0
203 0
204 1
205 2
206 12
207 4
208 8
209 7
210 1
211 6
212 0
213 0
214 30
215 1
216 18
217 4
218 17
219 8
220 36
221 0
222 15
223 2
224 3
225 13
226 0
227 1
228 7
229 7
230 9
231 8
232 8
233 17
234 2
235 6
236 15
237 14
238 2
239 20
240 38
241 6
242 5
243 10
244 2
245 2
246 21
247 15
248 2
249 4
250 0
251 3
252 1
253 0
254 23
255 7
256 7
257 9
258 12
259 12
260 5
261 5
262 0
263 10
264 11
265 6
266 2
267 8
268 2
269 4
270 5
271 5
272 3
273 1
274 0
275 16
276 1
277 9
278 1
279 0
280 7
281 1
282 4
283 16
284 1
285 1
286 8
287 16
288 4
289 1
290 31
291 10
292 4
293 13
294 1
295 6
296 1
297 2
298 32
299 6
300 0
301 0
302 6
303 24
304 7
305 3
306 0
307 26
308 18
309 23
310 10
311 8
312 0
313 47
314 37
315 13
316 2
317 1
318 15
319 18
320 50
321 1
322 0
323 7
324 9
325 0
326 13
327 3
328 12
329 6
330 0
331 1
332 19
333 9
334 17
335 14
336 11
337 14
338 3
339 6
340 5
341 6
342 18
343 11
344 22
345 10
346 29
347 10
348 0
349 2
350 2
351 9
352 15
353 14
354 3
355 12
356 5
357 10
358 5
359 23
360 10
361 6
362 1
363 0
364 7
365 0
366 1
367 25
368 16
369 2
370 8
371 13
372 3
373 6
374 1
375 22
376 9
377 7
378 10
379 1
380 27
381 9
382 0
383 0
384 1
385 17
386 5
387 8
388 6
389 6
390 0
391 17
392 10
393 7
394 3
395 19
396 0
397 22
398 2
399 0
400 4
401 13
402 28
403 2
404 0
405 4
406 10
407 1
408 0
409 2
410 30
411 22
412 1
413 1
414 7
415 11
416 11
417 0
418 5
419 3
420 16
421 8
422 11
423 1
424 1
425 8
426 0
427 10
428 1
429 0
430 2
431 5
432 22
433 8
434 2
435 1
436 5
437 0
438 1
439 8
440 24
441 17
442 3
443 14
444 2
445 0
446 7
447 0
448 12
449 3
450 5
451 5
452 5
453 4
454 10
455 8
456 3
457 1
458 2
459 5
460 2
461 3
462 7
463 3
464 11
465 5
466 5
467 10
468 2
469 0
470 13
471 9
472 10
473 12
474 0
475 4
476 17
477 10
478 19
479 3
480 9
481 4
482 9
483 0
484 2
485 6
486 1
487 2
488 6
489 8
490 11
491 12
492 8
493 6
494 3
495 6
496 3
497 1
498 26
499 11
500 1
501 0
502 9
503 5
504 1
505 23
506 2
507 4
508 3
509 3
510 5
511 8
512 0
513 20
514 18
515 20
516 3
517 2
518 6
519 3
520 1
521 8
522 15
523 28
524 9
525 5
526 9
527 5
528 17
529 0
530 4
531 1
532 2
533 4
534 0
535 3
536 12
537 12
538 6
539 10
540 7
541 14
542 33
543 2
544 32
545 7
546 7
547 4
548 2
549 20
550 3
551 24
552 6
553 23
554 10
555 59
556 33
557 11
558 13
559 26
560 23
561 44
562 33
563 2
564 17
565 12
566 0
567 8
568 17
569 13
570 3
571 31
572 16
573 57
574 10
575 5
576 5
577 16
578 9
579 5
580 7
581 10
582 0
583 9
584 5
585 11
586 1
587 5
588 3
589 22
590 4
591 4
592 8
593 6
594 6
595 15
596 4
597 29
598 15
599 8
600 26
601 0
602 21
603 0
604 10
605 31
606 5
607 11
608 15
609 5
610 11
611 14
612 5
613 1
614 34
615 64
616 23
617 2
618 1
619 25
620 0
621 2
622 37
623 28
624 8
625 0
626 16
627 24
628 7
629 8
630 27
631 5
632 3
633 26
634 23
635 16
636 1
637 12
638 11
639 3
640 2
641 3
642 5
643 14
644 0
645 8
646 1
647 26
648 10
649 4
650 1
651 14
652 6
653 20
654 23
655 3
656 0
657 2
658 9
659 8
660 11
661 8
662 37
663 0
664 6
665 9
666 12
667 36
668 8
669 19
670 8
671 12
672 9
673 10
674 6
675 0
676 21
677 40
678 6
679 1
680 6
681 4
682 15
683 5
684 6
685 1
686 32
687 4
688 6
689 19
690 0
691 2
692 5
693 0
694 11
695 2
696 11
697 22
698 19
699 0
700 0
701 11
702 7
703 13
704 30
705 21
706 18
707 0
708 2
709 2
710 4
711 23
712 4
713 12
714 1
715 7
716 20
717 3
718 0
719 6
720 5
721 0
722 10
723 3
724 1
725 1
726 10
727 28
728 0
729 13
730 29
731 0
732 9
733 15
734 23
735 0
736 4
737 4
738 9
739 7
740 4
741 0
742 12
743 1
744 10
745 3
746 4
747 4
748 13
749 8
750 7
751 8
752 24
753 1
754 11
755 11
756 4
757 3
758 4
759 0
760 1
761 9
762 0
763 9
764 9
765 11
766 0
767 0
768 9
769 7
770 0
771 0
772 0
773 8
774 0
775 6
776 9
777 42
778 13
779 11
780 6
781 0
782 0
783 5
784 5
785 0
786 1
787 1
788 7
789 9
790 2
791 3
792 0
793 8
794 2
795 1
796 22
797 4
798 7
799 5
800 0
801 0
802 6
803 43
804 16
805 1
806 4
807 2
808 1
809 2
810 0
811 15
812 7
813 2
814 10
815 11
816 7
817 2
818 17
819 5
820 8
821 8
822 37
823 3
824 10
825 29
826 1
827 6
828 1
829 9
830 2
831 23
832 19
833 23
834 1
835 2
836 10
837 13
838 11
839 1
840 4
841 1
842 5
843 2
844 18
845 2
846 3
847 32
848 6
849 6
850 3
851 6
852 4
853 0
854 2
855 1
856 6
857 7
858 0
859 4
860 0
861 12
862 0
863 5
864 0
865 7
866 1
867 18
868 4
869 2
870 13
871 5
872 5
873 0
874 21
875 3
876 5
877 2
878 9
879 9
880 4
881 0
882 1
883 3
884 1
885 1
886 4
887 7
888 7
889 0
890 4
891 1
892 0
893 8
894 21
895 6
896 2
897 1
898 7
899 19
900 8
901 20
902 4
903 5
904 7
905 0
906 1
907 2
908 14
909 0
910 0
911 1
912 1
913 5
914 7
915 53
916 7
917 14
918 1
919 2
920 7
921 8
922 25
923 21
924 12
925 2
926 11
927 5
928 11
929 1
930 6
931 5
932 8
933 2
934 8
935 0
936 2
937 0
938 7
939 4
940 0
941 0
942 4
943 2
944 0
945 1
946 3
947 5
948 4
949 5
950 3
951 1
952 4
953 1
954 7
955 1
956 18
957 4
958 11
959 3
960 1
961 1
962 0
963 4
964 3
965 10
966 17
967 13
968 9
969 4
970 37
971 4
972 3
973 13
974 28
975 12
976 16
977 18
978 1
979 6
980 10
981 0
982 5
983 1
984 1
985 5
986 2
987 0
988 40
989 2
990 9
991 21
992 13
993 1
994 14
995 9
996 14
997 20
998 19
999 0
1000 2
1001 9
1002 35
1003 0
1004 7
1005 0
1006 23
1007 0
1008 10
1009 4
1010 2
1011 0
1012 5
1013 2
1014 6
1015 7
1016 5
1017 2
1018 5
1019 1
1020 1
1021 7
1022 6
1023 1
1024 0
1025 0
1026 0
1027 13
1028 15
1029 7
1030 3
1031 3
1032 25
1033 5
1034 16
1035 0
1036 7
1037 3
1038 2
1039 2
1040 9
1041 0
1042 19
1043 0
1044 15
1045 7
1046 25
1047 0
1048 17
1049 0
1050 5
1051 8
1052 10
1053 8
1054 10
1055 3
1056 0
1057 1
1058 24
1059 29
1060 0
1061 4
1062 0
1063 8
1064 11
1065 1
1066 5
1067 0
1068 7
1069 5
1070 0
1071 13
1072 0
1073 1
1074 1
1075 10
1076 7
1077 0
1078 40
1079 19
1080 0
1081 2
1082 175
1083 28
1084 25
1085 2
1086 0
1087 18
1088 14
1089 0
1090 11
1091 6
1092 2
1093 2
1094 42
1095 6
1096 11
1097 6
1098 4
1099 45
1100 8
1101 0
1102 7
1103 6
1104 24
1105 9
1106 15
1107 12
1108 7
1109 30
1110 0
1111 2
1112 3
1113 2
1114 1
1115 12
1116 4
1117 8
1118 4
1119 4
1120 11
1121 1
1122 20
1123 2
1124 8
1125 1
1126 32
1127 2
1128 1
1129 4
1130 47
1131 62
1132 11
1133 0
1134 17
1135 2
1136 1
1137 13
1138 2
1139 2
1140 0
1141 3
1142 0
1143 3
1144 10
1145 23
1146 7
1147 4
1148 1
1149 16
1150 6
1151 12
1152 21
1153 1
1154 13
1155 12
1156 16
1157 1
1158 0
1159 8
1160 0
1161 17
1162 6
1163 31
1164 2
1165 1
1166 48
1167 4
1168 2
1169 1
1170 28
1171 8
1172 11
1173 9
1174 12
1175 8
1176 9
1177 24
1178 18
1179 3
1180 8
1181 9
1182 4
1183 3
1184 32
1185 6
1186 7
1187 4
1188 0
1189 6
1190 24
1191 4
1192 8
1193 13
1194 2
1195 0
1196 9
1197 5
1198 1
1199 6
1200 1
1201 20
1202 0
1203 0
1204 8
1205 0
1206 2
1207 0
1208 5
1209 4
1210 3
1211 1
1212 2
1213 0
1214 0
1215 5
1216 8
1217 23
1218 2
1219 18
1220 0
1221 2
1222 63
1223 6
1224 22
1225 5
1226 4
1227 4
1228 8
1229 10
1230 29
1231 17
1232 9
1233 16
1234 16
1235 4
1236 3
1237 0
1238 19
1239 7
1240 12
1241 0
1242 6
1243 7
1244 0
1245 0
1246 1
1247 48
1248 11
1249 10
1250 4
1251 1
1252 17
1253 3
1254 1
1255 1
1256 1
1257 2
1258 0
1259 1
1260 4
1261 13
1262 0
1263 15
1264 10
1265 19
1266 12
1267 10
1268 6
1269 0
1270 0
1271 12
1272 0
1273 13
1274 0
1275 8
1276 9
1277 1
1278 15
1279 0
1280 0
1281 7
1282 0
1283 1
1284 0
1285 0
1286 8
1287 0
1288 6
1289 10
1290 0
1291 3
1292 6
1293 3
1294 6
1295 41
1296 10
1297 43
1298 3
1299 11
1300 36
1301 4
1302 10
1303 56
1304 0
1305 8
1306 0
1307 16
1308 4
1309 2
1310 6
1311 5
1312 2
1313 6
1314 6
1315 8
1316 1
1317 8
1318 15
1319 10
1320 13
1321 30
1322 8
1323 6
1324 3
1325 13
1326 22
1327 0
1328 12
1329 10
1330 3
1331 0
1332 0
1333 14
1334 11
1335 0
1336 0
1337 0
1338 3
1339 18
1340 5
1341 16
1342 8
1343 3
1344 1
1345 0
1346 4
1347 1
1348 0
1349 11
1350 4
1351 17
1352 14
1353 16
1354 0
1355 6
1356 3
1357 6
1358 1
1359 60
1360 6
1361 5
1362 1
1363 5
1364 8
1365 7
1366 4
1367 2
1368 7
1369 16
1370 7
1371 9
1372 10
1373 1
1374 3
1375 1
1376 6
1377 0
1378 8
1379 35
1380 19
1381 26
1382 4
1383 18
1384 11
1385 0
1386 11
1387 24
1388 14
1389 0
1390 5
1391 0
1392 9
1393 2
1394 25
1395 6
1396 3
1397 2
1398 0
1399 2
1400 9
1401 8
1402 3
1403 4
1404 17
1405 5
1406 4
1407 13
1408 2
1409 14
1410 13
1411 3
1412 20
1413 2
1414 3
1415 6
1416 0
1417 1
1418 12
1419 3
1420 3
1421 0
1422 6
1423 11
1424 5
1425 21
1426 5
1427 19
1428 5
1429 1
1430 6
1431 3
1432 7
1433 0
1434 17
1435 17
1436 10
1437 3
1438 0
1439 0
1440 2
1441 9
1442 0
1443 7
1444 5
1445 0
1446 65
1447 9
1448 2
1449 17
1450 4
1451 7
1452 15
1453 10
1454 8
1455 20
1456 3
1457 0
1458 8
1459 75
1460 15
1461 0
1462 0
1463 2
1464 4
1465 67
1466 7
1467 16
1468 8
1469 5
1470 20
1471 30
1472 13
1473 3
1474 7
1475 2
1476 14
1477 3
1478 1
1479 2
1480 7
1481 7
1482 21
1483 18
1484 32
1485 5
1486 26
1487 14
1488 10
1489 1
1490 7
1491 3
1492 1
1493 0
1494 32
1495 31
1496 13
1497 13
1498 1
1499 2
1500 11
1501 3
1502 0
1503 0
1504 5
1505 12
1506 0
1507 7
1508 36
1509 6
1510 5
1511 6
1512 2
1513 2
1514 4
1515 0
1516 0
1517 1
1518 3
1519 4
1520 10
1521 10
1522 19
1523 31
1524 0
1525 46
1526 16
1527 0
1528 10
1529 23
1530 0
1531 1
1532 2
1533 2
1534 0
1535 14
1536 19
1537 12
1538 1
1539 25
1540 5
1541 0
1542 0
1543 8
1544 0
1545 3
1546 14
1547 9
1548 1
1549 4
1550 9
1551 6
1552 6
1553 0
1554 13
1555 10
1556 7
1557 3
1558 2
1559 1
1560 1
1561 6
1562 18
1563 2
1564 4
1565 3
1566 7
1567 0
1568 13
1569 0
1570 2
1571 52
1572 12
1573 2
1574 2
1575 56
1576 11
1577 21
1578 7
1579 18
1580 1
1581 7
1582 4
1583 2
1584 16
1585 9
1586 0
1587 17
1588 2
1589 4
1590 7
1591 6
1592 15
1593 17
1594 9
1595 1
1596 40
1597 7
