1 2
2 0
3 1
4 5
5 25
6 11
7 0
8 0
9 14
10 3
11 0
12 6
13 0
14 3
15 9
16 19
17 10
18 18
19 1
20 0
21 0
22 2
23 3
24 30
25 2
26 2
27 1
28 0
29 0
30 3
31 1
32 3
33 1
34 2
35 7
36 10
37 3
38 14
39 5
40 2
41 14
42 4
43 2
44 2
45 0
46 0
47 0
48 9
49 2
50 2
51 14
52 0
53 3
54 12
55 0
56 3
57 0
58 13
59 3
60 2
61 2
62 3
63 21
64 4
65 0
66 1
67 0
68 5
69 3
70 1
71 0
72 3
73 17
74 22
75 49
76 22
77 22
78 5
79 4
80 11
81 12
82 1
83 15
84 6
85 30
86 2
87 4
88 2
89 5
90 16
91 11
92 36
93 2
94 13
95 1
96 30
97 0
98 0
99 2
100 1
101 6
102 13
103 13
104 0
105 2
106 2
107 2
108 3
109 1
110 3
111 6
112 13
113 0
114 12
115 4
116 4
117 23
118 8
119 1
120 23
121 21
122 18
123 12
124 5
125 12
126 30
127 0
128 6
129 2
130 16
131 11
132 32
133 11
134 31
135 27
136 0
137 3
138 1
139 7
140 18
141 16
142 0
143 2
144 16
145 24
146 0
147 38
148 0
149 8
150 3
151 30
152 0
153 9
154 7
155 3
156 1
157 4
158 29
159 3
160 6
161 0
162 1
163 12
164 0
165 67
166 10
167 2
168 10
169 3
170 0
171 3
172 5
173 0
174 0
175 7
176 4
177 18
178 6
179 16
180 27
181 1
182 0
183 1
184 2
185 2
186 4
187 0
188 25
189 4
190 1
191 5
192 2
193 6
194 2
195 7
196 0
197 0
198 14
199 0
200 5
201 0
202 5
203 0
204 0
205 6
206 3
207 3
208 17
209 48
210 1
211 14
212 0
213 13
214 2
215 1
216 8
217 6
218 39
219 13
220 13
221 0
222 10
223 6
224 1
225 8
226 0
227 4
228 3
229 6
230 3
231 22
232 7
233 3
234 0
235 1
236 6
237 1
238 0
239 4
240 2
241 9
242 3
243 8
244 2
245 0
246 12
247 6
248 42
249 7
250 0
251 1
252 0
253 2
254 6
255 2
256 27
257 3
258 27
259 3
260 16
261 10
262 0
263 10
264 3
265 12
266 2
267 12
268 0
269 2
270 8
271 1
272 0
273 1
274 0
275 11
276 0
277 0
278 1
279 2
280 0
281 6
282 1
283 6
284 1
285 9
286 1
287 2
288 4
289 0
290 24
291 0
292 2
293 11
294 6
295 0
296 0
297 0
298 9
299 3
300 2
301 0
302 1
303 42
304 0
305 0
306 6
307 47
308 5
309 7
310 2
311 9
312 1
313 4
314 28
315 14
316 3
317 1
318 4
319 0
320 6
321 3
322 4
323 5
324 9
325 0
326 2
327 6
328 15
329 0
330 5
331 0
332 6
333 7
334 1
335 3
336 1
337 4
338 10
339 12
340 1
341 0
342 5
343 12
344 17
345 9
346 6
347 3
348 4
349 0
350 0
351 39
352 5
353 11
354 0
355 20
356 0
357 0
358 0
359 5
360 1
361 1
362 9
363 0
364 0
365 0
366 0
367 9
368 0
369 0
370 8
371 6
372 27
373 3
374 1
375 12
376 0
377 14
378 20
379 10
380 4
381 1
382 1
383 0
384 3
385 10
386 0
387 23
388 3
389 9
390 0
391 34
392 7
393 2
394 15
395 7
396 0
397 5
398 7
399 0
400 53
401 5
402 8
403 0
404 3
405 2
406 4
407 0
408 6
409 0
410 0
411 1
412 1
413 3
414 0
415 8
416 15
417 2
418 5
419 34
420 8
421 5
422 5
423 0
424 3
425 0
426 3
427 10
428 1
429 0
430 3
431 12
432 2
433 12
434 0
435 1
436 2
437 13
438 3
439 20
440 28
441 6
442 1
443 1
444 1
445 4
446 14
447 12
448 2
449 5
450 0
451 2
452 5
453 11
454 5
455 1
456 4
457 2
458 0
459 3
460 1
461 0
462 10
463 22
464 14
465 3
466 9
467 1
468 0
469 0
470 20
471 8
472 8
473 10
474 0
475 7
476 6
477 6
478 0
479 0
480 0
481 2
482 6
483 0
484 0
485 2
486 0
487 0
488 0
489 0
490 6
491 18
492 4
493 11
494 4
495 34
496 2
497 0
498 30
499 6
500 0
501 3
502 9
503 2
504 0
505 10
506 2
507 7
508 3
509 18
510 1
511 0
512 0
513 85
514 3
515 13
516 3
517 1
518 5
519 1
520 1
521 0
522 5
523 7
524 2
525 2
526 1
527 1
528 0
529 0
530 0
531 0
532 1
533 8
534 2
535 0
536 6
537 1
538 9
539 2
540 7
541 25
542 4
543 2
544 59
545 5
546 1
547 3
548 0
549 2
550 5
551 1
552 5
553 14
554 39
555 4
556 37
557 14
558 32
559 26
560 91
561 4
562 16
563 3
564 6
565 0
566 2
567 0
568 14
569 12
570 0
571 20
572 9
573 39
574 20
575 5
576 0
577 0
578 8
579 2
580 3
581 3
582 1
583 3
584 3
585 6
586 3
587 0
588 1
589 3
590 0
591 5
592 6
593 1
594 0
595 22
596 7
597 17
598 3
599 0
600 14
601 1
602 2
603 10
604 6
605 4
606 0
607 6
608 13
609 4
610 1
611 6
612 1
613 0
614 7
615 28
616 0
617 5
618 7
619 0
620 0
621 2
622 2
623 0
624 11
625 2
626 3
627 3
628 10
629 1
630 2
631 6
632 3
633 23
634 5
635 6
636 0
637 6
638 1
639 2
640 4
641 7
642 5
643 5
644 0
645 10
646 2
647 8
648 5
649 0
650 0
651 14
652 16
653 7
654 5
655 9
656 0
657 1
658 1
659 4
660 0
661 3
662 3
663 4
664 4
665 3
666 2
667 3
668 14
669 8
670 3
671 0
672 2
673 14
674 5
675 1
676 3
677 36
678 3
679 4
680 1
681 32
682 13
683 1
684 19
685 7
686 2
687 4
688 1
689 13
690 0
691 0
692 21
693 6
694 9
695 7
696 8
697 16
698 0
699 12
700 0
701 2
702 0
703 1
704 36
705 6
706 4
707 6
708 2
709 6
710 5
711 28
712 7
713 3
714 0
715 15
716 18
717 6
718 6
719 2
720 1
721 7
722 6
723 10
724 2
725 0
726 11
727 9
728 0
729 5
730 5
731 0
732 1
733 24
734 13
735 0
736 3
737 4
738 1
739 36
740 4
741 4
742 20
743 6
744 4
745 3
746 0
747 2
748 13
749 8
750 6
751 19
752 3
753 1
754 10
755 4
756 3
757 0
758 8
759 2
760 1
761 5
762 3
763 19
764 5
765 13
766 19
767 0
768 11
769 0
770 0
771 5
772 5
773 3
774 0
775 10
776 2
777 22
778 37
779 8
780 1
781 0
782 0
783 3
784 3
785 7
786 5
787 7
788 3
789 12
790 8
791 2
792 1
793 8
794 0
795 2
796 4
797 23
798 14
799 3
800 2
801 1
802 1
803 1
804 14
805 3
806 7
807 0
808 0
809 26
810 0
811 3
812 5
813 0
814 5
815 5
816 0
817 8
818 11
819 1
820 18
821 3
822 38
823 8
824 4
825 8
826 4
827 0
828 2
829 4
830 10
831 5
832 15
833 7
834 0
835 3
836 1
837 27
838 7
839 2
840 2
841 0
842 2
843 13
844 6
845 1
846 1
847 7
848 10
849 14
850 5
851 17
852 0
853 0
854 2
855 2
856 19
857 1
858 0
859 1
860 0
861 3
862 4
863 2
864 2
865 2
866 0
867 24
868 1
869 4
870 4
871 4
872 2
873 0
874 7
875 0
876 0
877 0
878 18
879 36
880 0
881 2
882 0
883 0
884 0
885 3
886 6
887 2
888 3
889 0
890 1
891 6
892 0
893 2
894 10
895 4
896 1
897 6
898 0
899 1
900 1
901 5
902 7
903 0
904 1
905 0
906 0
907 0
908 2
909 0
910 2
911 6
912 2
913 4
914 0
915 5
916 6
917 3
918 2
919 7
920 4
921 1
922 3
923 1
924 7
925 8
926 4
927 0
928 1
929 2
930 4
931 6
932 1
933 0
934 1
935 0
936 43
937 0
938 2
939 3
940 0
941 12
942 3
943 4
944 0
945 1
946 13
947 2
948 6
949 17
950 0
951 0
952 0
953 0
954 7
955 0
956 16
957 4
958 13
959 5
960 7
961 11
962 0
963 1
964 0
965 1
966 1
967 1
968 3
969 0
970 4
971 1
972 5
973 0
974 2
975 6
976 4
977 13
978 4
979 0
980 0
981 8
982 0
983 0
984 6
985 4
986 6
987 0
988 8
989 0
990 3
991 5
992 18
993 1
994 2
995 2
996 8
997 3
998 2
999 2
1000 24
1001 20
1002 22
1003 0
1004 3
1005 2
1006 6
1007 3
1008 6
1009 3
1010 7
1011 0
1012 4
1013 0
1014 15
1015 2
1016 29
1017 4
1018 8
1019 1
1020 0
1021 3
1022 0
1023 0
1024 0
1025 0
1026 3
1027 0
1028 0
1029 2
1030 3
1031 0
1032 11
1033 7
1034 2
1035 0
1036 1
1037 2
1038 2
1039 18
1040 1
1041 0
1042 0
1043 2
1044 4
1045 8
1046 10
1047 4
1048 4
1049 0
1050 0
1051 8
1052 10
1053 2
1054 2
1055 0
1056 0
1057 0
1058 6
1059 4
1060 3
1061 1
1062 1
1063 0
1064 40
1065 0
1066 1
1067 1
1068 1
1069 23
1070 0
1071 5
1072 0
1073 4
1074 1
1075 0
1076 8
1077 0
1078 26
1079 0
1080 1
1081 17
1082 12
1083 8
1084 10
1085 0
1086 0
1087 18
1088 1
1089 0
1090 1
1091 1
1092 8
1093 29
1094 5
1095 7
1096 18
1097 2
1098 7
1099 6
1100 0
1101 2
1102 2
1103 23
1104 7
1105 3
1106 6
1107 1
1108 2
1109 0
1110 1
1111 3
1112 2
1113 5
1114 12
1115 5
1116 0
1117 25
1118 0
1119 0
1120 30
1121 1
1122 14
1123 0
1124 0
1125 0
1126 7
1127 2
1128 3
1129 0
1130 22
1131 21
1132 20
1133 2
1134 2
1135 1
1136 2
1137 1
1138 0
1139 0
1140 0
1141 0
1142 6
1143 0
1144 0
1145 14
1146 2
1147 22
1148 36
1149 3
1150 4
1151 2
1152 14
1153 2
1154 2
1155 8
1156 7
1157 1
1158 0
1159 12
1160 0
1161 10
1162 0
1163 7
1164 0
1165 0
1166 21
1167 3
1168 5
1169 1
1170 9
1171 2
1172 3
1173 5
1174 5
1175 10
1176 0
1177 28
1178 1
1179 24
1180 3
1181 15
1182 3
1183 0
1184 13
1185 6
1186 9
1187 4
1188 0
1189 1
1190 8
1191 5
1192 4
1193 39
1194 1
1195 0
1196 46
1197 5
1198 0
1199 12
1200 11
1201 12
1202 1
1203 20
1204 20
1205 4
1206 8
1207 0
1208 9
1209 11
1210 5
1211 4
1212 0
1213 2
1214 3
1215 3
1216 22
1217 5
1218 9
1219 4
1220 0
1221 0
1222 28
1223 7
1224 3
1225 1
1226 0
1227 2
1228 3
1229 2
1230 5
1231 8
1232 0
1233 8
1234 2
1235 9
1236 0
1237 5
1238 11
1239 5
1240 1
1241 1
1242 4
1243 1
1244 1
1245 4
1246 3
1247 12
1248 3
1249 3
1250 1
1251 13
1252 0
1253 0
1254 0
1255 7
1256 0
1257 17
1258 4
1259 4
1260 2
1261 5
1262 22
1263 4
1264 22
1265 35
1266 0
1267 19
1268 6
1269 0
1270 6
1271 1
1272 6
1273 3
1274 2
1275 5
1276 3
1277 5
1278 13
1279 0
1280 0
1281 13
1282 1
1283 1
1284 0
1285 22
1286 8
1287 0
1288 1
1289 0
1290 9
1291 4
1292 4
1293 6
1294 6
1295 25
1296 11
1297 18
1298 2
1299 0
1300 36
1301 0
1302 0
1303 66
1304 0
1305 1
1306 0
1307 5
1308 10
1309 3
1310 3
1311 8
1312 6
1313 1
1314 5
1315 5
1316 4
1317 0
1318 24
1319 11
1320 8
1321 8
1322 1
1323 2
1324 0
1325 2
1326 15
1327 7
1328 4
1329 0
1330 8
1331 0
1332 0
1333 5
1334 1
1335 18
1336 1
1337 25
1338 6
1339 61
1340 9
1341 0
1342 6
1343 0
1344 9
1345 1
1346 9
1347 3
1348 0
1349 4
1350 32
1351 1
1352 2
1353 1
1354 0
1355 5
1356 4
1357 1
1358 1
1359 15
1360 9
1361 1
1362 9
1363 7
1364 0
1365 20
1366 4
1367 2
1368 11
1369 5
1370 13
1371 18
1372 0
1373 3
1374 20
1375 1
1376 23
1377 0
1378 6
1379 28
1380 8
1381 14
1382 12
1383 10
1384 3
1385 2
1386 8
1387 10
1388 0
1389 0
1390 1
1391 1
1392 0
1393 0
1394 13
1395 8
1396 13
1397 5
1398 0
1399 6
1400 9
1401 1
1402 1
1403 0
1404 6
1405 1
1406 0
1407 18
1408 0
1409 22
1410 3
1411 0
1412 1
1413 0
1414 0
1415 0
1416 0
1417 1
1418 0
1419 0
1420 4
1421 0
1422 0
1423 1
1424 0
1425 2
1426 5
1427 2
1428 0
1429 1
1430 12
1431 0
1432 5
1433 0
1434 2
1435 14
1436 4
1437 7
1438 1
1439 0
1440 7
1441 0
1442 0
1443 3
1444 2
1445 0
1446 8
1447 1
1448 4
1449 4
1450 2
1451 1
1452 9
1453 2
1454 1
1455 0
1456 0
1457 1
1458 0
1459 7
1460 1
1461 0
1462 1
1463 0
1464 3
1465 0
1466 10
1467 39
1468 6
1469 2
1470 7
1471 9
1472 31
1473 3
1474 3
1475 5
1476 3
1477 14
1478 0
1479 1
1480 3
1481 26
1482 38
1483 5
1484 4
1485 4
1486 3
1487 27
1488 0
1489 2
1490 12
1491 8
1492 9
1493 0
1494 5
1495 4
1496 3
1497 4
1498 0
1499 0
1500 6
1501 0
1502 0
1503 0
1504 10
1505 4
1506 1
1507 3
1508 20
1509 1
1510 6
1511 8
1512 2
1513 4
1514 15
1515 5
1516 0
1517 0
1518 1
1519 0
1520 19
1521 12
1522 17
1523 6
1524 0
1525 4
1526 3
1527 2
1528 18
1529 0
1530 0
1531 3
1532 0
1533 10
1534 0
1535 27
1536 10
1537 10
1538 1
1539 2
1540 2
1541 0
1542 2
1543 1
1544 0
1545 1
1546 0
1547 8
1548 3
1549 2
1550 2
1551 1
1552 6
1553 2
1554 33
1555 5
1556 0
1557 0
1558 0
1559 1
1560 11
1561 2
1562 17
1563 3
1564 4
1565 0
1566 9
1567 2
1568 3
1569 5
1570 0
1571 22
1572 19
1573 1
1574 3
1575 36
1576 5
1577 6
1578 12
1579 3
1580 0
1581 11
1582 0
1583 4
1584 3
1585 0
1586 0
1587 2
1588 1
1589 0
1590 19
1591 3
1592 18
1593 44
1594 2
1595 19
1596 75
1597 0
