1 3
2 0
3 5
4 29
5 4
6 15
7 0
8 8
9 23
10 0
11 0
12 2
13 0
14 11
15 18
16 25
17 33
18 7
19 0
20 2
21 1
22 2
23 1
24 69
25 12
26 17
27 6
28 6
29 11
30 0
31 27
32 7
33 0
34 5
35 11
36 28
37 30
38 10
39 10
40 7
41 11
42 0
43 4
44 1
45 7
46 0
47 1
48 34
49 12
50 8
51 8
52 7
53 3
54 10
55 2
56 26
57 2
58 15
59 15
60 35
61 65
62 19
63 1
64 6
65 20
66 12
67 12
68 0
69 2
70 4
71 1
72 35
73 5
74 23
75 39
76 16
77 43
78 10
79 11
80 21
81 11
82 9
83 18
84 40
85 19
86 22
87 2
88 0
89 49
90 30
91 18
92 1
93 25
94 15
95 11
96 21
97 25
98 5
99 46
100 5
101 23
102 1
103 49
104 2
105 8
106 0
107 8
108 2
109 7
110 11
111 2
112 17
113 1
114 10
115 11
116 23
117 31
118 20
119 7
120 18
121 16
122 8
123 11
124 17
125 6
126 7
127 15
128 5
129 3
130 3
131 3
132 1
133 9
134 17
135 7
136 9
137 5
138 19
139 11
140 6
141 14
142 0
143 1
144 16
145 3
146 9
147 5
148 9
149 0
150 0
151 9
152 2
153 2
154 16
155 1
156 5
157 0
158 9
159 4
160 0
161 2
162 30
163 3
164 6
165 9
166 20
167 5
168 9
169 8
170 7
171 3
172 0
173 3
174 6
175 11
176 0
177 12
178 0
179 22
180 21
181 3
182 6
183 3
184 2
185 6
186 11
187 0
188 8
189 6
190 0
191 22
192 2
193 24
194 1
195 22
196 2
197 3
198 4
199 2
200 6
201 8
202 3
203 6
204 4
205 1
206 4
207 1
208 9
209 25
210 4
211 6
212 2
213 5
214 11
215 1
216 3
217 7
218 7
219 5
220 34
221 0
222 13
223 0
224 3
225 8
226 0
227 4
228 4
229 6
230 2
231 15
232 20
233 25
234 0
235 4
236 17
237 6
238 2
239 13
240 9
241 4
242 0
243 4
244 1
245 3
246 9
247 30
248 35
249 22
250 5
251 3
252 0
253 5
254 16
255 6
256 6
257 23
258 21
259 8
260 25
261 2
262 3
263 35
264 8
265 19
266 0
267 34
268 0
269 0
270 3
271 40
272 3
273 4
274 2
275 16
276 0
277 1
278 2
279 2
280 7
281 11
282 5
283 13
284 23
285 0
286 12
287 33
288 0
289 6
290 13
291 24
292 9
293 59
294 0
295 8
296 13
297 5
298 17
299 4
300 0
301 0
302 12
303 10
304 9
305 8
306 10
307 17
308 32
309 33
310 0
311 24
312 3
313 30
314 40
315 13
316 16
317 0
318 17
319 3
320 13
321 21
322 12
323 28
324 18
325 0
326 0
327 12
328 20
329 7
330 2
331 12
332 25
333 14
334 3
335 3
336 7
337 11
338 8
339 12
340 12
341 10
342 30
343 88
344 11
345 9
346 24
347 8
348 5
349 1
350 8
351 12
352 8
353 17
354 1
355 43
356 27
357 3
358 4
359 18
360 17
361 9
362 11
363 1
364 2
365 7
366 17
367 9
368 18
369 1
370 0
371 11
372 5
373 2
374 2
375 2
376 13
377 6
378 9
379 6
380 13
381 6
382 1
383 2
384 11
385 46
386 16
387 10
388 12
389 93
390 3
391 3
392 38
393 6
394 2
395 23
396 7
397 25
398 32
399 0
400 91
401 28
402 16
403 0
404 20
405 18
406 1
407 5
408 3
409 6
410 2
411 24
412 1
413 54
414 4
415 25
416 16
417 6
418 52
419 40
420 40
421 8
422 16
423 4
424 1
425 35
426 3
427 21
428 15
429 0
430 8
431 15
432 32
433 25
434 5
435 2
436 16
437 6
438 13
439 23
440 41
441 8
442 11
443 5
444 10
445 2
446 21
447 3
448 40
449 5
450 2
451 8
452 9
453 12
454 8
455 18
456 5
457 31
458 11
459 15
460 4
461 12
462 8
463 24
464 16
465 4
466 20
467 4
468 14
469 0
470 29
471 11
472 38
473 17
474 2
475 28
476 51
477 2
478 28
479 0
480 5
481 30
482 14
483 0
484 1
485 7
486 1
487 2
488 25
489 3
490 32
491 1
492 2
493 7
494 0
495 1
496 8
497 0
498 15
499 2
500 10
501 4
502 3
503 2
504 3
505 4
506 7
507 16
508 10
509 8
510 1
511 12
512 4
513 23
514 16
515 23
516 1
517 2
518 0
519 5
520 4
521 4
522 0
523 10
524 6
525 4
526 0
527 0
528 4
529 9
530 9
531 1
532 16
533 29
534 2
535 11
536 15
537 8
538 6
539 8
540 37
541 14
542 10
543 11
544 32
545 4
546 1
547 9
548 3
549 12
550 94
551 1
552 2
553 10
554 9
555 9
556 8
557 9
558 24
559 42
560 46
561 38
562 13
563 15
564 3
565 1
566 3
567 4
568 12
569 7
570 1
571 72
572 51
573 99
574 43
575 4
576 15
577 0
578 4
579 39
580 34
581 19
582 2
583 4
584 41
585 3
586 8
587 5
588 10
589 0
590 32
591 9
592 6
593 2
594 5
595 29
596 67
597 16
598 2
599 12
600 6
601 0
602 6
603 9
604 23
605 16
606 28
607 29
608 3
609 10
610 20
611 30
612 0
613 0
614 1
615 23
616 4
617 9
618 8
619 5
620 2
621 4
622 9
623 1
624 32
625 21
626 4
627 23
628 6
629 4
630 19
631 12
632 11
633 10
634 12
635 13
636 0
637 4
638 10
639 6
640 0
641 13
642 7
643 4
644 2
645 5
646 3
647 18
648 11
649 8
650 6
651 27
652 1
653 7
654 23
655 8
656 1
657 2
658 2
659 2
660 6
661 4
662 11
663 1
664 0
665 8
666 7
667 12
668 10
669 13
670 15
671 29
672 6
673 16
674 15
675 2
676 9
677 18
678 6
679 2
680 8
681 9
682 34
683 28
684 8
685 1
686 8
687 10
688 14
689 1
690 6
691 0
692 16
693 0
694 1
695 3
696 62
697 86
698 4
699 2
700 1
701 15
702 19
703 6
704 29
705 2
706 10
707 0
708 5
709 0
710 7
711 60
712 0
713 15
714 5
715 26
716 13
717 3
718 2
719 4
720 41
721 0
722 12
723 3
724 1
725 0
726 15
727 3
728 0
729 5
730 27
731 0
732 13
733 5
734 9
735 0
736 3
737 25
738 8
739 4
740 5
741 0
742 7
743 1
744 6
745 2
746 6
747 5
748 2
749 9
750 15
751 12
752 8
753 2
754 6
755 4
756 11
757 2
758 24
759 4
760 7
761 16
762 0
763 23
764 12
765 7
766 17
767 0
768 31
769 0
770 2
771 4
772 0
773 11
774 9
775 44
776 0
777 10
778 6
779 24
780 11
781 0
782 1
783 14
784 12
785 2
786 5
787 11
788 42
789 7
790 4
791 2
792 0
793 9
794 1
795 10
796 19
797 13
798 4
799 3
800 0
801 9
802 17
803 17
804 20
805 9
806 11
807 0
808 0
809 16
810 4
811 9
812 0
813 5
814 7
815 10
816 1
817 10
818 9
819 10
820 9
821 0
822 2
823 21
824 10
825 13
826 13
827 3
828 0
829 17
830 30
831 5
832 19
833 0
834 0
835 11
836 17
837 3
838 5
839 5
840 0
841 2
842 3
843 25
844 11
845 2
846 7
847 22
848 3
849 12
850 14
851 3
852 4
853 1
854 2
855 17
856 4
857 14
858 2
859 16
860 0
861 20
862 0
863 2
864 0
865 3
866 0
867 10
868 6
869 9
870 6
871 2
872 18
873 8
874 8
875 2
876 6
877 1
878 16
879 12
880 0
881 5
882 5
883 1
884 0
885 2
886 3
887 3
888 3
889 9
890 9
891 4
892 2
893 11
894 3
895 6
896 2
897 0
898 10
899 7
900 8
901 1
902 4
903 3
904 17
905 0
906 4
907 2
908 18
909 9
910 0
911 3
912 9
913 9
914 6
915 5
916 21
917 6
918 0
919 7
920 5
921 22
922 23
923 3
924 1
925 5
926 6
927 16
928 9
929 6
930 6
931 13
932 1
933 3
934 3
935 3
936 3
937 0
938 19
939 4
940 0
941 1
942 13
943 1
944 0
945 1
946 5
947 20
948 1
949 24
950 4
951 1
952 2
953 2
954 0
955 10
956 7
957 7
958 17
959 11
960 9
961 5
962 0
963 11
964 1
965 19
966 31
967 0
968 3
969 1
970 15
971 4
972 9
973 6
974 6
975 9
976 18
977 22
978 7
979 0
980 1
981 4
982 0
983 4
984 1
985 3
986 3
987 1
988 15
989 0
990 28
991 3
992 8
993 5
994 7
995 1
996 8
997 33
998 9
999 4
1000 7
1001 9
1002 14
1003 0
1004 17
1005 2
1006 3
1007 3
1008 13
1009 10
1010 1
1011 3
1012 8
1013 0
1014 10
1015 20
1016 9
1017 8
1018 3
1019 1
1020 2
1021 11
1022 0
1023 1
1024 0
1025 6
1026 3
1027 7
1028 6
1029 10
1030 2
1031 6
1032 29
1033 2
1034 9
1035 8
1036 4
1037 11
1038 3
1039 6
1040 9
1041 5
1042 8
1043 11
1044 15
1045 3
1046 0
1047 14
1048 2
1049 0
1050 0
1051 6
1052 18
1053 15
1054 7
1055 4
1056 0
1057 0
1058 29
1059 20
1060 1
1061 13
1062 3
1063 0
1064 14
1065 5
1066 6
1067 7
1068 3
1069 12
1070 2
1071 9
1072 4
1073 9
1074 4
1075 4
1076 4
1077 9
1078 2
1079 1
1080 6
1081 36
1082 48
1083 13
1084 69
1085 0
1086 4
1087 31
1088 21
1089 0
1090 30
1091 62
1092 5
1093 8
1094 14
1095 1
1096 37
1097 2
1098 6
1099 7
1100 1
1101 2
1102 2
1103 16
1104 22
1105 21
1106 16
1107 2
1108 11
1109 11
1110 2
1111 6
1112 0
1113 16
1114 1
1115 0
1116 7
1117 12
1118 1
1119 0
1120 11
1121 1
1122 0
1123 30
1124 1
1125 16
1126 13
1127 3
1128 2
1129 6
1130 11
1131 30
1132 4
1133 5
1134 4
1135 0
1136 2
1137 25
1138 5
1139 24
1140 7
1141 0
1142 2
1143 1
1144 1
1145 4
1146 9
1147 9
1148 0
1149 20
1150 16
1151 5
1152 11
1153 0
1154 7
1155 3
1156 17
1157 5
1158 4
1159 6
1160 0
1161 10
1162 0
1163 14
1164 5
1165 3
1166 55
1167 11
1168 17
1169 3
1170 40
1171 4
1172 3
1173 6
1174 18
1175 16
1176 2
1177 41
1178 23
1179 28
1180 12
1181 7
1182 6
1183 5
1184 9
1185 0
1186 3
1187 18
1188 2
1189 9
1190 7
1191 5
1192 17
1193 39
1194 12
1195 4
1196 2
1197 5
1198 0
1199 14
1200 9
1201 18
1202 13
1203 2
1204 34
1205 9
1206 5
1207 0
1208 21
1209 3
1210 27
1211 19
1212 5
1213 3
1214 4
1215 7
1216 20
1217 13
1218 7
1219 32
1220 0
1221 4
1222 17
1223 13
1224 36
1225 28
1226 3
1227 4
1228 13
1229 10
1230 3
1231 79
1232 27
1233 24
1234 2
1235 2
1236 12
1237 9
1238 25
1239 12
1240 0
1241 10
1242 4
1243 6
1244 2
1245 2
1246 7
1247 13
1248 7
1249 3
1250 2
1251 1
1252 19
1253 2
1254 0
1255 0
1256 1
1257 7
1258 6
1259 6
1260 10
1261 11
1262 14
1263 12
1264 5
1265 52
1266 18
1267 9
1268 14
1269 0
1270 6
1271 5
1272 4
1273 26
1274 18
1275 7
1276 8
1277 15
1278 10
1279 9
1280 0
1281 32
1282 0
1283 5
1284 9
1285 8
1286 13
1287 0
1288 2
1289 10
1290 0
1291 12
1292 13
1293 11
1294 3
1295 81
1296 4
1297 122
1298 11
1299 0
1300 45
1301 0
1302 19
1303 76
1304 0
1305 0
1306 7
1307 12
1308 13
1309 9
1310 3
1311 9
1312 3
1313 1
1314 5
1315 4
1316 7
1317 6
1318 8
1319 8
1320 4
1321 21
1322 1
1323 8
1324 0
1325 3
1326 15
1327 1
1328 10
1329 2
1330 2
1331 3
1332 3
1333 11
1334 10
1335 31
1336 1
1337 6
1338 20
1339 21
1340 21
1341 1
1342 3
1343 3
1344 32
1345 1
1346 5
1347 19
1348 0
1349 24
1350 13
1351 6
1352 19
1353 25
1354 0
1355 4
1356 5
1357 17
1358 5
1359 32
1360 9
1361 2
1362 2
1363 22
1364 7
1365 12
1366 5
1367 8
1368 9
1369 8
1370 5
1371 11
1372 7
1373 2
1374 13
1375 4
1376 8
1377 1
1378 5
1379 27
1380 3
1381 6
1382 9
1383 53
1384 3
1385 1
1386 21
1387 3
1388 1
1389 0
1390 8
1391 5
1392 5
1393 4
1394 16
1395 17
1396 8
1397 5
1398 0
1399 1
1400 2
1401 1
1402 6
1403 12
1404 19
1405 14
1406 0
1407 16
1408 3
1409 23
1410 56
1411 13
1412 10
1413 3
1414 19
1415 17
1416 1
1417 1
1418 3
1419 1
1420 7
1421 0
1422 5
1423 8
1424 3
1425 1
1426 0
1427 1
1428 5
1429 2
1430 5
1431 15
1432 9
1433 10
1434 1
1435 27
1436 4
1437 3
1438 1
1439 15
1440 26
1441 5
1442 0
1443 4
1444 8
1445 2
1446 1
1447 22
1448 5
1449 10
1450 2
1451 3
1452 5
1453 9
1454 1
1455 9
1456 2
1457 0
1458 3
1459 41
1460 13
1461 0
1462 3
1463 1
1464 5
1465 8
1466 15
1467 14
1468 23
1469 12
1470 2
1471 23
1472 11
1473 7
1474 7
1475 7
1476 23
1477 2
1478 2
1479 7
1480 0
1481 2
1482 10
1483 5
1484 8
1485 19
1486 9
1487 13
1488 2
1489 5
1490 23
1491 8
1492 0
1493 0
1494 20
1495 24
1496 1
1497 7
1498 10
1499 2
1500 1
1501 6
1502 0
1503 3
1504 9
1505 16
1506 0
1507 9
1508 31
1509 6
1510 14
1511 42
1512 6
1513 1
1514 61
1515 0
1516 2
1517 0
1518 14
1519 2
1520 6
1521 7
1522 26
1523 17
1524 0
1525 40
1526 7
1527 8
1528 20
1529 0
1530 3
1531 0
1532 21
1533 2
1534 5
1535 27
1536 6
1537 17
1538 0
1539 5
1540 6
1541 5
1542 4
1543 2
1544 0
1545 12
1546 2
1547 2
1548 5
1549 2
1550 3
1551 5
1552 5
1553 4
1554 7
1555 6
1556 0
1557 4
1558 0
1559 2
1560 1
1561 3
1562 23
1563 3
1564 4
1565 0
1566 5
1567 0
1568 2
1569 7
1570 0
1571 42
1572 5
1573 1
1574 2
1575 8
1576 23
1577 1
1578 5
1579 30
1580 1
1581 0
1582 5
1583 2
1584 62
1585 3
1586 0
1587 4
1588 1
1589 5
1590 6
1591 3
1592 22
1593 29
1594 10
1595 12
1596 16
1597 8
