1 1
2 0
3 21
4 4
5 9
6 17
7 0
8 0
9 15
10 0
11 0
12 23
13 1
14 0
15 10
16 11
17 2
18 7
19 11
20 2
21 5
22 0
23 13
24 27
25 35
26 6
27 8
28 0
29 9
30 8
31 10
32 7
33 7
34 13
35 7
36 5
37 7
38 3
39 18
40 15
41 9
42 4
43 4
44 15
45 0
46 2
47 0
48 58
49 0
50 5
51 29
52 0
53 3
54 1
55 0
56 48
57 1
58 10
59 12
60 22
61 9
62 55
63 22
64 1
65 14
66 9
67 4
68 3
69 16
70 4
71 1
72 4
73 1
74 8
75 7
76 6
77 6
78 2
79 10
80 35
81 12
82 0
83 6
84 13
85 10
86 13
87 1
88 1
89 48
90 1
91 2
92 8
93 5
94 32
95 17
96 5
97 6
98 12
99 9
100 26
101 8
102 2
103 20
104 0
105 12
106 7
107 3
108 7
109 11
110 6
111 12
112 23
113 1
114 19
115 14
116 10
117 26
118 17
119 7
120 37
121 0
122 6
123 7
124 10
125 20
126 16
127 4
128 20
129 5
130 0
131 4
132 19
133 52
134 22
135 0
136 13
137 1
138 18
139 1
140 40
141 8
142 0
143 0
144 15
145 27
146 2
147 3
148 15
149 2
150 0
151 30
152 2
153 3
154 25
155 0
156 0
157 0
158 12
159 18
160 9
161 13
162 2
163 5
164 4
165 35
166 16
167 17
168 3
169 16
170 10
171 5
172 1
173 0
174 2
175 33
176 42
177 30
178 41
179 13
180 19
181 19
182 6
183 7
184 5
185 32
186 8
187 1
188 66
189 0
190 0
191 7
192 1
193 46
194 1
195 2
196 2
197 0
198 4
199 1
200 0
201 2
202 0
203 2
204 2
205 0
206 7
207 1
208 15
209 39
210 6
211 5
212 7
213 0
214 0
215 3
216 0
217 28
218 6
219 7
220 25
221 0
222 6
223 0
224 2
225 6
226 0
227 4
228 10
229 12
230 8
231 21
232 23
233 35
234 3
235 15
236 14
237 7
238 3
239 19
240 15
241 9
242 4
243 2
244 3
245 0
246 8
247 0
248 25
249 22
250 10
251 8
252 0
253 2
254 14
255 6
256 17
257 4
258 20
259 17
260 43
261 10
262 5
263 10
264 0
265 20
266 0
267 16
268 5
269 3
270 0
271 9
272 0
273 2
274 0
275 16
276 0
277 5
278 3
279 0
280 54
281 6
282 0
283 6
284 17
285 8
286 9
287 13
288 2
289 0
290 24
291 20
292 6
293 46
294 0
295 5
296 14
297 1
298 14
299 5
300 11
301 7
302 2
303 4
304 2
305 4
306 0
307 35
308 37
309 45
310 0
311 37
312 13
313 34
314 28
315 23
316 14
317 2
318 14
319 9
320 10
321 22
322 7
323 70
324 26
325 0
326 8
327 3
328 40
329 3
330 5
331 4
332 9
333 53
334 5
335 5
336 0
337 19
338 61
339 7
340 9
341 24
342 5
343 25
344 22
345 62
346 37
347 20
348 1
349 0
350 1
351 31
352 5
353 5
354 0
355 83
356 23
357 5
358 3
359 68
360 11
361 19
362 28
363 0
364 2
365 8
366 8
367 8
368 1
369 6
370 23
371 48
372 0
373 8
374 7
375 0
376 0
377 4
378 11
379 21
380 15
381 10
382 3
383 5
384 17
385 24
386 5
387 49
388 10
389 40
390 2
391 18
392 11
393 0
394 35
395 29
396 1
397 27
398 10
399 0
400 20
401 9
402 6
403 3
404 1
405 52
406 8
407 15
408 3
409 1
410 0
411 12
412 0
413 10
414 7
415 43
416 12
417 3
418 23
419 15
420 41
421 14
422 25
423 2
424 6
425 16
426 7
427 33
428 10
429 0
430 33
431 17
432 20
433 96
434 6
435 1
436 12
437 20
438 9
439 25
440 44
441 0
442 8
443 7
444 1
445 2
446 51
447 16
448 22
449 33
450 17
451 18
452 12
453 12
454 20
455 3
456 16
457 27
458 5
459 8
460 18
461 18
462 13
463 55
464 45
465 0
466 22
467 0
468 4
469 0
470 19
471 16
472 12
473 26
474 4
475 14
476 3
477 2
478 0
479 0
480 2
481 14
482 30
483 0
484 4
485 4
486 5
487 0
488 2
489 1
490 3
491 11
492 5
493 16
494 0
495 0
496 4
497 21
498 5
499 6
500 3
501 2
502 0
503 1
504 1
505 32
506 3
507 3
508 3
509 2
510 1
511 0
512 2
513 35
514 0
515 42
516 0
517 3
518 0
519 1
520 0
521 6
522 10
523 6
524 0
525 1
526 0
527 1
528 13
529 0
530 1
531 0
532 1
533 5
534 8
535 1
536 0
537 5
538 4
539 8
540 6
541 4
542 4
543 14
544 16
545 7
546 0
547 14
548 2
549 18
550 8
551 1
552 8
553 9
554 13
555 4
556 42
557 14
558 17
559 19
560 9
561 33
562 12
563 29
564 6
565 5
566 0
567 3
568 7
569 6
570 1
571 6
572 3
573 111
574 42
575 14
576 0
577 1
578 4
579 6
580 17
581 10
582 13
583 9
584 3
585 4
586 8
587 11
588 4
589 5
590 11
591 3
592 49
593 19
594 3
595 27
596 24
597 5
598 26
599 0
600 20
601 6
602 0
603 9
604 9
605 12
606 4
607 6
608 7
609 4
610 6
611 10
612 2
613 2
614 2
615 10
616 1
617 9
618 2
619 11
620 1
621 4
622 11
623 1
624 7
625 1
626 13
627 27
628 3
629 4
630 6
631 4
632 14
633 53
634 8
635 5
636 19
637 7
638 47
639 0
640 0
641 5
642 10
643 7
644 3
645 3
646 0
647 5
648 14
649 3
650 0
651 27
652 6
653 16
654 9
655 6
656 5
657 2
658 3
659 7
660 0
661 46
662 19
663 19
664 3
665 19
666 3
667 6
668 15
669 11
670 30
671 3
672 18
673 49
674 21
675 2
676 17
677 44
678 14
679 8
680 13
681 6
682 13
683 3
684 18
685 5
686 30
687 30
688 8
689 30
690 8
691 0
692 15
693 8
694 49
695 8
696 57
697 19
698 62
699 14
700 2
701 6
702 6
703 3
704 74
705 20
706 26
707 20
708 0
709 25
710 11
711 59
712 0
713 3
714 3
715 32
716 22
717 3
718 6
719 5
720 12
721 0
722 1
723 22
724 5
725 10
726 6
727 0
728 0
729 7
730 13
731 3
732 14
733 7
734 34
735 0
736 2
737 21
738 8
739 7
740 1
741 0
742 62
743 4
744 18
745 2
746 6
747 26
748 11
749 12
750 18
751 68
752 14
753 3
754 26
755 49
756 7
757 6
758 7
759 0
760 0
761 53
762 0
763 29
764 20
765 5
766 7
767 1
768 94
769 0
770 5
771 0
772 0
773 16
774 6
775 19
776 4
777 34
778 8
779 24
780 7
781 1
782 4
783 36
784 7
785 33
786 10
787 29
788 32
789 26
790 6
791 22
792 20
793 24
794 4
795 8
796 7
797 39
798 8
799 12
800 5
801 2
802 23
803 33
804 41
805 29
806 28
807 0
808 6
809 4
810 1
811 25
812 16
813 0
814 0
815 82
816 0
817 11
818 33
819 22
820 12
821 4
822 22
823 3
824 19
825 12
826 6
827 9
828 0
829 8
830 34
831 18
832 20
833 6
834 0
835 39
836 3
837 20
838 3
839 7
840 0
841 1
842 18
843 20
844 30
845 1
846 10
847 12
848 10
849 23
850 41
851 16
852 1
853 0
854 0
855 1
856 24
857 6
858 3
859 22
860 5
861 12
862 2
863 4
864 1
865 13
866 0
867 50
868 10
869 32
870 0
871 20
872 26
873 0
874 31
875 0
876 4
877 6
878 15
879 4
880 0
881 2
882 0
883 9
884 8
885 29
886 17
887 3
888 5
889 1
890 3
891 5
892 0
893 5
894 9
895 2
896 12
897 0
898 0
899 8
900 10
901 0
902 4
903 5
904 0
905 0
906 0
907 8
908 13
909 0
910 3
911 0
912 0
913 4
914 0
915 7
916 6
917 5
918 0
919 18
920 1
921 11
922 2
923 7
924 12
925 5
926 2
927 2
928 2
929 14
930 2
931 11
932 2
933 3
934 4
935 0
936 20
937 0
938 18
939 0
940 0
941 0
942 4
943 12
944 0
945 3
946 0
947 1
948 0
949 9
950 6
951 0
952 0
953 2
954 3
955 5
956 31
957 13
958 17
959 5
960 1
961 6
962 4
963 1
964 1
965 3
966 6
967 0
968 2
969 6
970 51
971 2
972 1
973 1
974 38
975 7
976 30
977 15
978 3
979 0
980 1
981 0
982 5
983 3
984 2
985 6
986 1
987 1
988 45
989 0
990 26
991 14
992 35
993 8
994 2
995 9
996 8
997 13
998 11
999 0
1000 1
1001 10
1002 22
1003 1
1004 3
1005 2
1006 3
1007 0
1008 19
1009 51
1010 9
1011 6
1012 5
1013 1
1014 17
1015 16
1016 45
1017 8
1018 0
1019 5
1020 0
1021 7
1022 8
1023 0
1024 2
1025 0
1026 0
1027 10
1028 0
1029 3
1030 4
1031 0
1032 8
1033 25
1034 16
1035 26
1036 10
1037 6
1038 16
1039 6
1040 14
1041 0
1042 26
1043 3
1044 9
1045 21
1046 1
1047 12
1048 20
1049 0
1050 0
1051 4
1052 5
1053 16
1054 28
1055 0
1056 4
1057 0
1058 16
1059 6
1060 0
1061 9
1062 0
1063 0
1064 23
1065 0
1066 2
1067 4
1068 12
1069 33
1070 0
1071 16
1072 0
1073 1
1074 10
1075 6
1076 15
1077 8
1078 23
1079 0
1080 3
1081 2
1082 9
1083 12
1084 18
1085 1
1086 17
1087 17
1088 8
1089 0
1090 41
1091 11
1092 6
1093 4
1094 18
1095 0
1096 4
1097 9
1098 7
1099 4
1100 2
1101 2
1102 1
1103 32
1104 4
1105 18
1106 12
1107 5
1108 3
1109 0
1110 1
1111 13
1112 3
1113 7
1114 2
1115 7
1116 0
1117 5
1118 0
1119 1
1120 0
1121 2
1122 7
1123 0
1124 11
1125 4
1126 25
1127 0
1128 6
1129 1
1130 14
1131 8
1132 0
1133 2
1134 1
1135 6
1136 0
1137 2
1138 2
1139 8
1140 0
1141 0
1142 1
1143 0
1144 7
1145 1
1146 11
1147 2
1148 0
1149 3
1150 3
1151 4
1152 23
1153 0
1154 10
1155 5
1156 19
1157 0
1158 2
1159 5
1160 0
1161 1
1162 3
1163 2
1164 20
1165 2
1166 2
1167 1
1168 15
1169 0
1170 6
1171 14
1172 3
1173 3
1174 5
1175 2
1176 2
1177 10
1178 17
1179 2
1180 4
1181 5
1182 0
1183 5
1184 33
1185 1
1186 2
1187 17
1188 5
1189 5
1190 27
1191 2
1192 54
1193 21
1194 27
1195 5
1196 0
1197 13
1198 0
1199 20
1200 23
1201 47
1202 14
1203 5
1204 13
1205 10
1206 11
1207 33
1208 18
1209 7
1210 0
1211 7
1212 12
1213 1
1214 3
1215 4
1216 30
1217 21
1218 4
1219 10
1220 0
1221 6
1222 35
1223 8
1224 15
1225 2
1226 8
1227 3
1228 8
1229 6
1230 13
1231 28
1232 1
1233 19
1234 0
1235 4
1236 17
1237 17
1238 22
1239 33
1240 4
1241 3
1242 4
1243 8
1244 3
1245 5
1246 1
1247 39
1248 6
1249 5
1250 11
1251 8
1252 1
1253 3
1254 2
1255 3
1256 6
1257 7
1258 2
1259 12
1260 6
1261 29
1262 6
1263 16
1264 12
1265 37
1266 7
1267 16
1268 22
1269 2
1270 7
1271 1
1272 23
1273 9
1274 10
1275 31
1276 16
1277 11
1278 47
1279 2
1280 5
1281 13
1282 0
1283 14
1284 12
1285 3
1286 21
1287 6
1288 2
1289 4
1290 4
1291 8
1292 6
1293 29
1294 10
1295 23
1296 22
1297 90
1298 7
1299 8
1300 84
1301 0
1302 11
1303 95
1304 0
1305 1
1306 0
1307 30
1308 8
1309 3
1310 11
1311 7
1312 13
1313 0
1314 20
1315 18
1316 12
1317 0
1318 61
1319 9
1320 6
1321 3
1322 0
1323 0
1324 6
1325 8
1326 33
1327 1
1328 3
1329 0
1330 14
1331 0
1332 0
1333 20
1334 16
1335 44
1336 7
1337 13
1338 11
1339 5
1340 0
1341 1
1342 11
1343 7
1344 10
1345 15
1346 0
1347 2
1348 5
1349 61
1350 53
1351 29
1352 3
1353 14
1354 0
1355 5
1356 11
1357 2
1358 0
1359 36
1360 9
1361 6
1362 1
1363 3
1364 38
1365 16
1366 8
1367 5
1368 8
1369 11
1370 21
1371 12
1372 16
1373 5
1374 6
1375 12
1376 4
1377 0
1378 7
1379 22
1380 4
1381 24
1382 22
1383 10
1384 5
1385 7
1386 57
1387 5
1388 18
1389 1
1390 8
1391 1
1392 0
1393 0
1394 46
1395 6
1396 4
1397 3
1398 6
1399 3
1400 1
1401 34
1402 3
1403 22
1404 35
1405 20
1406 0
1407 5
1408 3
1409 19
1410 11
1411 3
1412 16
1413 0
1414 14
1415 14
1416 4
1417 3
1418 2
1419 7
1420 2
1421 0
1422 4
1423 21
1424 1
1425 2
1426 2
1427 3
1428 6
1429 7
1430 30
1431 18
1432 15
1433 0
1434 0
1435 77
1436 16
1437 10
1438 16
1439 3
1440 12
1441 1
1442 8
1443 29
1444 2
1445 9
1446 3
1447 2
1448 17
1449 6
1450 11
1451 7
1452 9
1453 16
1454 14
1455 2
1456 3
1457 6
1458 3
1459 78
1460 9
1461 0
1462 3
1463 4
1464 6
1465 10
1466 17
1467 40
1468 5
1469 11
1470 15
1471 2
1472 53
1473 9
1474 16
1475 61
1476 22
1477 25
1478 0
1479 6
1480 1
1481 18
1482 37
1483 8
1484 5
1485 1
1486 9
1487 23
1488 10
1489 1
1490 16
1491 10
1492 2
1493 0
1494 1
1495 3
1496 8
1497 3
1498 4
1499 0
1500 1
1501 2
1502 0
1503 5
1504 18
1505 5
1506 7
1507 26
1508 17
1509 3
1510 2
1511 16
1512 2
1513 1
1514 4
1515 9
1516 1
1517 0
1518 1
1519 5
1520 6
1521 10
1522 9
1523 16
1524 2
1525 6
1526 2
1527 4
1528 1
1529 11
1530 0
1531 0
1532 0
1533 0
1534 0
1535 11
1536 4
1537 9
1538 6
1539 2
1540 0
1541 0
1542 0
1543 1
1544 1
1545 2
1546 5
1547 1
1548 0
1549 5
1550 0
1551 2
1552 4
1553 0
1554 14
1555 3
1556 0
1557 1
1558 2
1559 2
1560 5
1561 1
1562 31
1563 0
1564 11
1565 0
1566 3
1567 0
1568 1
1569 13
1570 0
1571 11
1572 6
1573 2
1574 14
1575 8
1576 5
1577 3
1578 5
1579 31
1580 4
1581 5
1582 11
1583 5
1584 6
1585 0
1586 2
1587 8
1588 1
1589 1
1590 7
1591 0
1592 10
1593 12
1594 4
1595 3
1596 103
1597 5
