1 0
2 0
3 5
4 22
5 3
6 3
7 0
8 0
9 15
10 0
11 0
12 2
13 12
14 0
15 0
16 31
17 9
18 12
19 9
20 1
21 9
22 0
23 3
24 15
25 13
26 2
27 0
28 7
29 2
30 6
31 0
32 2
33 4
34 6
35 5
36 5
37 10
38 3
39 11
40 6
41 3
42 7
43 11
44 5
45 20
46 2
47 0
48 8
49 11
50 23
51 11
52 2
53 18
54 3
55 0
56 37
57 2
58 12
59 6
60 11
61 7
62 6
63 15
64 1
65 15
66 23
67 8
68 2
69 6
70 7
71 1
72 3
73 9
74 3
75 5
76 7
77 7
78 4
79 5
80 4
81 13
82 3
83 5
84 21
85 3
86 3
87 8
88 0
89 11
90 19
91 2
92 3
93 11
94 13
95 3
96 15
97 3
98 0
99 22
100 1
101 5
102 1
103 26
104 1
105 0
106 9
107 4
108 1
109 20
110 0
111 1
112 36
113 0
114 2
115 0
116 9
117 6
118 17
119 2
120 9
121 12
122 7
123 0
124 15
125 4
126 35
127 1
128 1
129 2
130 4
131 0
132 6
133 14
134 7
135 6
136 1
137 1
138 9
139 1
140 4
141 18
142 3
143 0
144 2
145 2
146 3
147 12
148 6
149 11
150 0
151 3
152 6
153 4
154 5
155 0
156 0
157 0
158 4
159 2
160 0
161 0
162 2
163 4
164 0
165 4
166 2
167 4
168 12
169 3
170 15
171 0
172 0
173 0
174 3
175 13
176 12
177 2
178 45
179 2
180 20
181 5
182 0
183 5
184 7
185 0
186 7
187 0
188 18
189 1
190 0
191 8
192 8
193 1
194 9
195 17
196 0
197 0
198 3
199 1
200 7
201 3
202 1
203 0
204 0
205 15
206 6
207 2
208 6
209 9
210 0
211 0
212 0
213 5
214 15
215 0
216 3
217 11
218 6
219 6
220 0
221 0
222 6
223 5
224 4
225 12
226 0
227 4
228 1
229 1
230 0
231 29
232 0
233 7
234 0
235 3
236 9
237 11
238 6
239 6
240 0
241 4
242 0
243 4
244 0
245 1
246 3
247 2
248 12
249 2
250 12
251 6
252 0
253 2
254 1
255 23
256 16
257 6
258 6
259 8
260 9
261 3
262 4
263 6
264 1
265 9
266 3
267 14
268 3
269 1
270 1
271 1
272 4
273 4
274 0
275 5
276 0
277 7
278 3
279 1
280 2
281 2
282 1
283 1
284 5
285 40
286 5
287 15
288 4
289 0
290 12
291 12
292 27
293 10
294 3
295 6
296 4
297 4
298 10
299 0
300 0
301 5
302 12
303 15
304 2
305 1
306 3
307 34
308 20
309 9
310 0
311 3
312 3
313 18
314 5
315 3
316 15
317 0
318 17
319 0
320 6
321 22
322 12
323 5
324 16
325 2
326 0
327 13
328 0
329 6
330 0
331 7
332 2
333 4
334 4
335 27
336 0
337 24
338 11
339 13
340 5
341 8
342 6
343 5
344 32
345 8
346 44
347 1
348 0
349 0
350 2
351 9
352 2
353 9
354 2
355 20
356 0
357 1
358 8
359 2
360 11
361 21
362 8
363 2
364 5
365 6
366 0
367 2
368 1
369 2
370 24
371 2
372 0
373 12
374 6
375 7
376 2
377 14
378 4
379 6
380 0
381 3
382 18
383 22
384 34
385 14
386 1
387 55
388 12
389 14
390 0
391 10
392 53
393 4
394 9
395 15
396 12
397 21
398 21
399 2
400 16
401 37
402 2
403 11
404 0
405 4
406 27
407 5
408 11
409 1
410 4
411 58
412 2
413 9
414 2
415 30
416 16
417 3
418 2
419 9
420 16
421 6
422 10
423 6
424 8
425 41
426 14
427 25
428 7
429 0
430 2
431 4
432 1
433 13
434 9
435 2
436 21
437 0
438 0
439 8
440 8
441 12
442 36
443 5
444 0
445 11
446 22
447 4
448 11
449 9
450 21
451 6
452 16
453 10
454 8
455 8
456 16
457 1
458 4
459 30
460 5
461 21
462 13
463 42
464 7
465 12
466 17
467 1
468 1
469 12
470 17
471 17
472 31
473 14
474 9
475 9
476 8
477 5
478 3
479 3
480 0
481 3
482 3
483 6
484 7
485 1
486 0
487 5
488 15
489 0
490 5
491 2
492 1
493 9
494 7
495 7
496 10
497 1
498 8
499 3
500 0
501 1
502 0
503 0
504 1
505 3
506 1
507 24
508 4
509 4
510 2
511 0
512 0
513 86
514 0
515 8
516 3
517 2
518 1
519 6
520 48
521 1
522 5
523 12
524 3
525 2
526 0
527 2
528 3
529 5
530 12
531 0
532 0
533 5
534 1
535 2
536 10
537 2
538 3
539 23
540 16
541 8
542 0
543 1
544 11
545 10
546 8
547 10
548 1
549 5
550 3
551 10
552 12
553 2
554 6
555 10
556 49
557 6
558 1
559 24
560 2
561 20
562 8
563 0
564 3
565 4
566 0
567 1
568 4
569 27
570 2
571 5
572 11
573 75
574 15
575 4
576 15
577 0
578 8
579 18
580 10
581 27
582 5
583 6
584 2
585 0
586 13
587 6
588 6
589 7
590 8
591 8
592 10
593 0
594 1
595 22
596 5
597 36
598 3
599 6
600 3
601 0
602 16
603 9
604 6
605 13
606 4
607 18
608 10
609 4
610 2
611 21
612 4
613 0
614 4
615 29
616 10
617 2
618 0
619 4
620 6
621 2
622 4
623 0
624 26
625 4
626 8
627 30
628 5
629 7
630 5
631 16
632 19
633 2
634 7
635 21
636 3
637 4
638 3
639 1
640 0
641 2
642 9
643 7
644 7
645 7
646 0
647 3
648 0
649 1
650 3
651 11
652 7
653 6
654 5
655 5
656 2
657 0
658 1
659 2
660 8
661 13
662 0
663 37
664 2
665 3
666 1
667 7
668 44
669 10
670 5
671 10
672 10
673 3
674 2
675 2
676 2
677 28
678 10
679 6
680 13
681 2
682 18
683 5
684 13
685 1
686 17
687 16
688 5
689 10
690 0
691 1
692 8
693 7
694 11
695 15
696 10
697 12
698 13
699 7
700 0
701 20
702 3
703 6
704 15
705 10
706 12
707 1
708 0
709 3
710 8
711 45
712 2
713 0
714 2
715 20
716 4
717 22
718 2
719 1
720 2
721 0
722 2
723 9
724 4
725 2
726 5
727 2
728 10
729 3
730 1
731 2
732 1
733 0
734 13
735 0
736 3
737 7
738 11
739 15
740 29
741 0
742 58
743 5
744 5
745 1
746 11
747 4
748 1
749 8
750 9
751 38
752 14
753 0
754 5
755 2
756 7
757 1
758 8
759 7
760 2
761 13
762 2
763 4
764 5
765 7
766 7
767 2
768 17
769 3
770 5
771 1
772 7
773 14
774 3
775 15
776 0
777 12
778 26
779 3
780 0
781 0
782 1
783 11
784 8
785 9
786 4
787 7
788 31
789 8
790 1
791 2
792 0
793 11
794 4
795 1
796 22
797 8
798 2
799 6
800 12
801 0
802 4
803 13
804 3
805 1
806 5
807 0
808 1
809 7
810 9
811 13
812 5
813 0
814 7
815 24
816 2
817 7
818 21
819 21
820 14
821 0
822 4
823 3
824 6
825 25
826 19
827 2
828 0
829 3
830 33
831 1
832 2
833 3
834 2
835 5
836 39
837 28
838 1
839 0
840 0
841 0
842 0
843 6
844 2
845 4
846 2
847 2
848 5
849 12
850 5
851 13
852 18
853 0
854 3
855 2
856 2
857 3
858 7
859 3
860 0
861 6
862 0
863 33
864 2
865 2
866 3
867 16
868 1
869 9
870 19
871 1
872 8
873 11
874 5
875 2
876 7
877 2
878 4
879 8
880 4
881 3
882 8
883 0
884 6
885 35
886 5
887 0
888 3
889 4
890 3
891 5
892 0
893 7
894 7
895 8
896 5
897 2
898 12
899 3
900 11
901 7
902 2
903 3
904 5
905 2
906 2
907 13
908 4
909 0
910 4
911 12
912 3
913 9
914 3
915 6
916 7
917 2
918 1
919 18
920 16
921 2
922 4
923 4
924 51
925 11
926 5
927 0
928 8
929 4
930 14
931 3
932 4
933 0
934 2
935 2
936 7
937 0
938 6
939 11
940 0
941 0
942 36
943 3
944 4
945 15
946 8
947 6
948 15
949 4
950 28
951 16
952 2
953 2
954 6
955 7
956 17
957 22
958 27
959 15
960 1
961 5
962 0
963 5
964 6
965 11
966 22
967 4
968 7
969 4
970 3
971 1
972 9
973 0
974 6
975 8
976 16
977 16
978 14
979 3
980 0
981 1
982 1
983 3
984 2
985 4
986 2
987 4
988 8
989 0
990 7
991 7
992 9
993 0
994 3
995 2
996 1
997 4
998 2
999 2
1000 5
1001 0
1002 6
1003 0
1004 3
1005 0
1006 8
1007 0
1008 4
1009 14
1010 0
1011 0
1012 7
1013 7
1014 4
1015 10
1016 11
1017 2
1018 0
1019 5
1020 3
1021 1
1022 10
1023 0
1024 4
1025 3
1026 0
1027 1
1028 3
1029 14
1030 1
1031 1
1032 20
1033 2
1034 14
1035 5
1036 2
1037 7
1038 7
1039 0
1040 26
1041 0
1042 2
1043 5
1044 6
1045 5
1046 10
1047 0
1048 1
1049 0
1050 0
1051 7
1052 19
1053 6
1054 21
1055 2
1056 3
1057 2
1058 19
1059 25
1060 0
1061 9
1062 6
1063 0
1064 15
1065 0
1066 1
1067 0
1068 2
1069 1
1070 0
1071 13
1072 0
1073 8
1074 2
1075 2
1076 11
1077 31
1078 5
1079 4
1080 7
1081 15
1082 35
1083 23
1084 23
1085 1
1086 4
1087 10
1088 0
1089 1
1090 9
1091 2
1092 18
1093 1
1094 4
1095 1
1096 11
1097 1
1098 4
1099 6
1100 3
1101 31
1102 3
1103 6
1104 30
1105 17
1106 19
1107 16
1108 5
1109 0
1110 0
1111 2
1112 1
1113 6
1114 0
1115 9
1116 1
1117 10
1118 2
1119 0
1120 6
1121 0
1122 2
1123 0
1124 9
1125 11
1126 7
1127 7
1128 23
1129 1
1130 18
1131 4
1132 0
1133 11
1134 1
1135 0
1136 0
1137 0
1138 1
1139 10
1140 0
1141 2
1142 2
1143 2
1144 10
1145 2
1146 25
1147 3
1148 1
1149 2
1150 3
1151 3
1152 22
1153 0
1154 9
1155 4
1156 12
1157 11
1158 2
1159 6
1160 11
1161 6
1162 2
1163 7
1164 4
1165 3
1166 6
1167 5
1168 7
1169 0
1170 15
1171 3
1172 4
1173 1
1174 17
1175 7
1176 1
1177 21
1178 19
1179 11
1180 6
1181 10
1182 11
1183 6
1184 8
1185 2
1186 1
1187 18
1188 1
1189 1
1190 1
1191 0
1192 12
1193 11
1194 25
1195 7
1196 1
1197 13
1198 0
1199 13
1200 5
1201 19
1202 13
1203 0
1204 8
1205 0
1206 3
1207 0
1208 23
1209 7
1210 9
1211 2
1212 5
1213 0
1214 0
1215 5
1216 6
1217 27
1218 35
1219 16
1220 0
1221 1
1222 6
1223 7
1224 2
1225 4
1226 4
1227 6
1228 3
1229 9
1230 11
1231 18
1232 4
1233 16
1234 5
1235 0
1236 9
1237 3
1238 2
1239 33
1240 0
1241 1
1242 26
1243 0
1244 10
1245 1
1246 2
1247 6
1248 4
1249 8
1250 20
1251 4
1252 2
1253 1
1254 6
1255 1
1256 3
1257 9
1258 1
1259 5
1260 6
1261 12
1262 2
1263 16
1264 12
1265 35
1266 8
1267 11
1268 5
1269 7
1270 0
1271 1
1272 6
1273 3
1274 2
1275 7
1276 8
1277 3
1278 7
1279 0
1280 0
1281 15
1282 7
1283 0
1284 3
1285 3
1286 4
1287 2
1288 2
1289 3
1290 1
1291 6
1292 6
1293 37
1294 0
1295 18
1296 9
1297 24
1298 1
1299 2
1300 54
1301 1
1302 6
1303 8
1304 7
1305 2
1306 0
1307 15
1308 2
1309 3
1310 0
1311 3
1312 10
1313 2
1314 2
1315 9
1316 17
1317 8
1318 1
1319 16
1320 5
1321 14
1322 1
1323 4
1324 1
1325 1
1326 14
1327 0
1328 4
1329 0
1330 6
1331 1
1332 0
1333 13
1334 0
1335 31
1336 0
1337 3
1338 17
1339 6
1340 9
1341 0
1342 5
1343 5
1344 7
1345 3
1346 0
1347 20
1348 3
1349 38
1350 4
1351 0
1352 4
1353 6
1354 3
1355 23
1356 1
1357 5
1358 0
1359 10
1360 11
1361 4
1362 4
1363 0
1364 16
1365 6
1366 3
1367 4
1368 0
1369 18
1370 1
1371 5
1372 0
1373 2
1374 2
1375 0
1376 16
1377 8
1378 9
1379 50
1380 2
1381 7
1382 16
1383 9
1384 3
1385 6
1386 4
1387 1
1388 4
1389 0
1390 1
1391 0
1392 0
1393 2
1394 4
1395 14
1396 6
1397 18
1398 9
1399 4
1400 0
1401 2
1402 6
1403 20
1404 23
1405 5
1406 1
1407 3
1408 2
1409 0
1410 2
1411 8
1412 2
1413 3
1414 1
1415 13
1416 1
1417 1
1418 5
1419 1
1420 6
1421 5
1422 1
1423 2
1424 2
1425 3
1426 0
1427 0
1428 3
1429 2
1430 2
1431 5
1432 0
1433 0
1434 10
1435 3
1436 9
1437 11
1438 9
1439 0
1440 2
1441 1
1442 0
1443 9
1444 0
1445 6
1446 0
1447 5
1448 1
1449 8
1450 1
1451 0
1452 5
1453 7
1454 11
1455 3
1456 0
1457 1
1458 8
1459 2
1460 5
1461 0
1462 0
1463 2
1464 1
1465 9
1466 2
1467 12
1468 10
1469 2
1470 16
1471 4
1472 28
1473 12
1474 7
1475 2
1476 18
1477 6
1478 5
1479 2
1480 5
1481 25
1482 11
1483 17
1484 10
1485 23
1486 4
1487 8
1488 12
1489 0
1490 10
1491 9
1492 2
1493 2
1494 2
1495 7
1496 4
1497 8
1498 0
1499 1
1500 0
1501 5
1502 0
1503 4
1504 4
1505 13
1506 8
1507 3
1508 13
1509 29
1510 0
1511 14
1512 15
1513 1
1514 1
1515 9
1516 26
1517 0
1518 3
1519 3
1520 13
1521 5
1522 8
1523 30
1524 1
1525 10
1526 8
1527 1
1528 15
1529 7
1530 2
1531 8
1532 25
1533 0
1534 0
1535 26
1536 6
1537 10
1538 3
1539 8
1540 2
1541 2
1542 4
1543 3
1544 1
1545 3
1546 3
1547 14
1548 1
1549 14
1550 0
1551 8
1552 10
1553 2
1554 13
1555 26
1556 3
1557 13
1558 14
1559 7
1560 0
1561 4
1562 30
1563 4
1564 10
1565 43
1566 30
1567 12
1568 7
1569 9
1570 0
1571 2
1572 28
1573 0
1574 5
1575 10
1576 2
1577 1
1578 2
1579 3
1580 10
1581 8
1582 6
1583 4
1584 17
1585 1
1586 1
1587 3
1588 2
1589 2
1590 4
1591 1
1592 36
1593 36
1594 32
1595 6
1596 37
1597 3
