1 1
2 0
3 4
4 2
5 5
6 27
7 0
8 7
9 19
10 0
11 0
12 18
13 1
14 0
15 1
16 27
17 8
18 11
19 1
20 0
21 1
22 0
23 4
24 38
25 11
26 11
27 0
28 8
29 3
30 0
31 14
32 4
33 12
34 17
35 33
36 8
37 9
38 3
39 12
40 14
41 2
42 9
43 8
44 10
45 11
46 6
47 0
48 26
49 5
50 7
51 23
52 5
53 0
54 0
55 3
56 9
57 2
58 2
59 12
60 19
61 32
62 11
63 3
64 8
65 19
66 13
67 0
68 2
69 71
70 87
71 1
72 27
73 15
74 31
75 86
76 17
77 13
78 4
79 14
80 14
81 4
82 0
83 14
84 3
85 7
86 13
87 2
88 9
89 8
90 11
91 0
92 0
93 1
94 12
95 2
96 25
97 7
98 1
99 8
100 10
101 0
102 0
103 19
104 1
105 2
106 11
107 18
108 3
109 2
110 4
111 3
112 17
113 3
114 7
115 5
116 15
117 11
118 7
119 13
120 21
121 13
122 3
123 22
124 8
125 1
126 20
127 2
128 20
129 0
130 12
131 5
132 10
133 13
134 1
135 2
136 8
137 3
138 6
139 2
140 16
141 8
142 5
143 0
144 4
145 19
146 9
147 8
148 0
149 3
150 1
151 8
152 4
153 2
154 5
155 4
156 4
157 3
158 30
159 9
160 0
161 5
162 15
163 13
164 11
165 19
166 9
167 12
168 4
169 3
170 0
171 2
172 2
173 43
174 9
175 8
176 9
177 2
178 3
179 28
180 17
181 1
182 0
183 10
184 8
185 0
186 31
187 4
188 33
189 0
190 0
191 6
192 3
193 6
194 1
195 4
196 1
197 1
198 6
199 0
200 12
201 2
202 2
203 4
204 3
205 10
206 53
207 4
208 7
209 13
210 2
211 4
212 17
213 0
214 4
215 1
216 4
217 25
218 21
219 9
220 14
221 4
222 7
223 3
224 1
225 4
226 0
227 0
228 9
229 1
230 6
231 8
232 13
233 25
234 0
235 1
236 2
237 10
238 6
239 23
240 10
241 21
242 0
243 7
244 10
245 0
246 1
247 36
248 26
249 4
250 7
251 10
252 10
253 3
254 3
255 2
256 1
257 4
258 5
259 7
260 14
261 8
262 2
263 5
264 0
265 7
266 0
267 22
268 3
269 7
270 4
271 10
272 22
273 16
274 0
275 50
276 4
277 7
278 1
279 6
280 13
281 5
282 0
283 10
284 4
285 3
286 3
287 2
288 3
289 0
290 21
291 3
292 4
293 30
294 0
295 5
296 10
297 4
298 27
299 5
300 2
301 0
302 5
303 21
304 3
305 0
306 3
307 28
308 18
309 18
310 2
311 7
312 0
313 14
314 32
315 30
316 29
317 0
318 33
319 12
320 13
321 6
322 5
323 8
324 7
325 0
326 7
327 17
328 24
329 5
330 0
331 1
332 14
333 5
334 4
335 27
336 2
337 8
338 8
339 9
340 0
341 22
342 15
343 6
344 44
345 33
346 58
347 11
348 0
349 0
350 0
351 33
352 6
353 17
354 2
355 32
356 15
357 3
358 6
359 37
360 0
361 11
362 4
363 0
364 7
365 2
366 2
367 4
368 2
369 0
370 2
371 23
372 0
373 0
374 26
375 9
376 18
377 12
378 7
379 17
380 35
381 17
382 2
383 6
384 21
385 9
386 29
387 32
388 12
389 22
390 0
391 17
392 11
393 2
394 7
395 19
396 0
397 7
398 6
399 3
400 16
401 6
402 16
403 3
404 5
405 9
406 7
407 0
408 1
409 3
410 0
411 25
412 0
413 7
414 10
415 28
416 11
417 8
418 12
419 9
420 12
421 14
422 14
423 2
424 3
425 2
426 0
427 7
428 15
429 0
430 1
431 5
432 16
433 5
434 0
435 2
436 3
437 6
438 3
439 33
440 23
441 9
442 3
443 31
444 0
445 0
446 6
447 6
448 9
449 4
450 8
451 9
452 7
453 1
454 17
455 3
456 25
457 34
458 5
459 5
460 0
461 10
462 6
463 0
464 12
465 3
466 8
467 1
468 3
469 0
470 9
471 2
472 8
473 12
474 9
475 15
476 1
477 9
478 4
479 0
480 4
481 11
482 7
483 0
484 2
485 0
486 2
487 2
488 5
489 0
490 1
491 7
492 0
493 7
494 5
495 3
496 1
497 1
498 18
499 13
500 1
501 0
502 8
503 5
504 0
505 10
506 6
507 4
508 9
509 9
510 0
511 2
512 3
513 35
514 4
515 27
516 2
517 1
518 0
519 0
520 0
521 0
522 0
523 7
524 0
525 3
526 7
527 16
528 1
529 5
530 14
531 3
532 2
533 12
534 0
535 1
536 0
537 6
538 6
539 4
540 6
541 10
542 4
543 4
544 57
545 4
546 0
547 19
548 0
549 1
550 11
551 10
552 12
553 27
554 8
555 6
556 35
557 11
558 12
559 23
560 6
561 65
562 17
563 3
564 3
565 0
566 0
567 1
568 20
569 37
570 0
571 6
572 2
573 82
574 26
575 9
576 3
577 2
578 0
579 13
580 23
581 3
582 1
583 11
584 4
585 0
586 24
587 9
588 0
589 3
590 0
591 4
592 5
593 6
594 3
595 10
596 11
597 8
598 3
599 3
600 3
601 2
602 4
603 6
604 7
605 23
606 5
607 17
608 2
609 3
610 10
611 23
612 7
613 1
614 9
615 18
616 7
617 1
618 4
619 5
620 0
621 3
622 6
623 17
624 5
625 2
626 17
627 29
628 22
629 1
630 16
631 3
632 35
633 13
634 5
635 5
636 0
637 7
638 11
639 0
640 0
641 6
642 14
643 4
644 0
645 13
646 0
647 9
648 3
649 3
650 6
651 12
652 8
653 2
654 3
655 3
656 13
657 4
658 15
659 4
660 7
661 17
662 26
663 4
664 5
665 7
666 8
667 19
668 12
669 9
670 5
671 0
672 17
673 8
674 7
675 1
676 21
677 31
678 2
679 4
680 10
681 1
682 2
683 14
684 30
685 1
686 6
687 7
688 5
689 8
690 1
691 2
692 23
693 6
694 25
695 14
696 13
697 11
698 16
699 2
700 1
701 12
702 0
703 20
704 36
705 6
706 10
707 1
708 1
709 11
710 12
711 26
712 0
713 5
714 1
715 32
716 9
717 3
718 0
719 3
720 6
721 0
722 0
723 7
724 0
725 4
726 19
727 8
728 0
729 8
730 3
731 2
732 5
733 12
734 3
735 0
736 3
737 3
738 3
739 12
740 0
741 0
742 28
743 0
744 2
745 8
746 5
747 1
748 11
749 16
750 21
751 7
752 3
753 9
754 16
755 9
756 8
757 12
758 119
759 9
760 3
761 2
762 1
763 10
764 4
765 8
766 26
767 7
768 41
769 2
770 1
771 2
772 0
773 0
774 0
775 13
776 14
777 23
778 31
779 33
780 9
781 0
782 0
783 9
784 7
785 3
786 14
787 0
788 14
789 1
790 0
791 4
792 0
793 11
794 0
795 6
796 10
797 32
798 5
799 0
800 0
801 6
802 8
803 1
804 3
805 0
806 11
807 0
808 0
809 5
810 3
811 14
812 4
813 2
814 8
815 17
816 0
817 10
818 20
819 2
820 13
821 0
822 25
823 2
824 12
825 27
826 1
827 1
828 0
829 11
830 7
831 1
832 3
833 2
834 0
835 5
836 4
837 7
838 18
839 0
840 0
841 0
842 8
843 3
844 6
845 1
846 5
847 6
848 11
849 19
850 8
851 4
852 0
853 0
854 5
855 1
856 12
857 4
858 4
859 8
860 0
861 3
862 0
863 26
864 0
865 1
866 17
867 12
868 1
869 13
870 8
871 6
872 10
873 1
874 30
875 0
876 4
877 0
878 9
879 20
880 2
881 4
882 2
883 2
884 0
885 2
886 0
887 1
888 11
889 0
890 8
891 4
892 0
893 6
894 1
895 0
896 0
897 8
898 4
899 1
900 1
901 4
902 0
903 0
904 2
905 7
906 0
907 1
908 5
909 0
910 0
911 0
912 1
913 2
914 0
915 4
916 3
917 7
918 0
919 4
920 1
921 0
922 2
923 3
924 14
925 2
926 3
927 1
928 0
929 14
930 1
931 10
932 0
933 5
934 4
935 0
936 28
937 0
938 9
939 3
940 3
941 2
942 5
943 2
944 0
945 1
946 2
947 7
948 0
949 2
950 0
951 8
952 6
953 0
954 0
955 1
956 9
957 18
958 25
959 8
960 7
961 6
962 6
963 0
964 13
965 8
966 1
967 1
968 10
969 0
970 14
971 3
972 3
973 2
974 28
975 10
976 12
977 5
978 5
979 0
980 9
981 1
982 2
983 7
984 12
985 40
986 27
987 20
988 16
989 3
990 18
991 22
992 13
993 29
994 13
995 23
996 6
997 13
998 17
999 17
1000 0
1001 8
1002 18
1003 1
1004 42
1005 4
1006 16
1007 1
1008 25
1009 19
1010 1
1011 2
1012 7
1013 0
1014 19
1015 11
1016 14
1017 15
1018 0
1019 9
1020 6
1021 24
1022 0
1023 0
1024 0
1025 2
1026 6
1027 4
1028 1
1029 14
1030 3
1031 0
1032 10
1033 6
1034 5
1035 6
1036 2
1037 3
1038 7
1039 0
1040 4
1041 2
1042 11
1043 0
1044 3
1045 12
1046 2
1047 3
1048 4
1049 0
1050 0
1051 12
1052 11
1053 17
1054 23
1055 0
1056 4
1057 0
1058 40
1059 13
1060 2
1061 2
1062 0
1063 0
1064 11
1065 0
1066 4
1067 1
1068 1
1069 20
1070 2
1071 13
1072 4
1073 10
1074 0
1075 9
1076 14
1077 13
1078 12
1079 5
1080 10
1081 12
1082 24
1083 2
1084 10
1085 0
1086 1
1087 5
1088 2
1089 0
1090 18
1091 6
1092 0
1093 11
1094 4
1095 0
1096 4
1097 8
1098 13
1099 12
1100 1
1101 0
1102 4
1103 6
1104 17
1105 24
1106 20
1107 11
1108 7
1109 1
1110 1
1111 6
1112 16
1113 1
1114 6
1115 17
1116 0
1117 8
1118 0
1119 0
1120 0
1121 0
1122 0
1123 0
1124 0
1125 4
1126 23
1127 4
1128 10
1129 1
1130 23
1131 14
1132 2
1133 10
1134 7
1135 3
1136 0
1137 7
1138 1
1139 2
1140 0
1141 2
1142 0
1143 0
1144 7
1145 6
1146 4
1147 3
1148 1
1149 9
1150 18
1151 1
1152 26
1153 0
1154 5
1155 2
1156 6
1157 0
1158 1
1159 8
1160 0
1161 14
1162 0
1163 23
1164 1
1165 8
1166 16
1167 2
1168 1
1169 0
1170 14
1171 2
1172 8
1173 2
1174 10
1175 22
1176 0
1177 13
1178 7
1179 10
1180 15
1181 11
1182 4
1183 45
1184 41
1185 23
1186 6
1187 15
1188 12
1189 36
1190 18
1191 6
1192 76
1193 21
1194 3
1195 0
1196 3
1197 11
1198 2
1199 19
1200 5
1201 54
1202 6
1203 6
1204 36
1205 3
1206 14
1207 11
1208 4
1209 10
1210 3
1211 24
1212 0
1213 7
1214 1
1215 17
1216 21
1217 27
1218 4
1219 6
1220 6
1221 8
1222 21
1223 2
1224 15
1225 5
1226 4
1227 1
1228 9
1229 2
1230 12
1231 43
1232 4
1233 35
1234 1
1235 9
1236 8
1237 1
1238 41
1239 10
1240 2
1241 2
1242 2
1243 7
1244 12
1245 0
1246 2
1247 19
1248 2
1249 5
1250 0
1251 3
1252 0
1253 1
1254 2
1255 8
1256 6
1257 7
1258 4
1259 9
1260 19
1261 6
1262 15
1263 14
1264 8
1265 12
1266 19
1267 10
1268 4
1269 0
1270 0
1271 0
1272 16
1273 42
1274 3
1275 6
1276 4
1277 4
1278 27
1279 0
1280 0
1281 5
1282 0
1283 7
1284 3
1285 0
1286 19
1287 1
1288 2
1289 1
1290 5
1291 3
1292 3
1293 12
1294 3
1295 11
1296 9
1297 26
1298 2
1299 0
1300 11
1301 4
1302 2
1303 35
1304 2
1305 0
1306 0
1307 11
1308 1
1309 10
1310 2
1311 4
1312 3
1313 0
1314 11
1315 8
1316 6
1317 1
1318 9
1319 0
1320 8
1321 8
1322 14
1323 2
1324 1
1325 0
1326 12
1327 0
1328 4
1329 0
1330 19
1331 0
1332 0
1333 17
1334 5
1335 20
1336 0
1337 1
1338 12
1339 27
1340 1
1341 6
1342 3
1343 6
1344 12
1345 10
1346 1
1347 15
1348 0
1349 18
1350 29
1351 2
1352 8
1353 5
1354 0
1355 5
1356 1
1357 4
1358 1
1359 20
1360 4
1361 3
1362 0
1363 6
1364 5
1365 0
1366 8
1367 9
1368 18
1369 13
1370 2
1371 3
1372 2
1373 1
1374 3
1375 13
1376 4
1377 0
1378 15
1379 60
1380 16
1381 31
1382 8
1383 5
1384 2
1385 0
1386 3
1387 15
1388 22
1389 0
1390 6
1391 0
1392 0
1393 0
1394 8
1395 7
1396 13
1397 0
1398 4
1399 6
1400 4
1401 20
1402 11
1403 2
1404 14
1405 9
1406 0
1407 4
1408 3
1409 17
1410 22
1411 0
1412 19
1413 5
1414 12
1415 9
1416 1
1417 0
1418 18
1419 2
1420 6
1421 0
1422 9
1423 2
1424 3
1425 11
1426 0
1427 4
1428 1
1429 0
1430 11
1431 12
1432 14
1433 0
1434 6
1435 20
1436 8
1437 0
1438 2
1439 2
1440 12
1441 1
1442 0
1443 10
1444 8
1445 10
1446 6
1447 7
1448 20
1449 8
1450 8
1451 1
1452 5
1453 9
1454 11
1455 6
1456 3
1457 1
1458 0
1459 26
1460 7
1461 0
1462 0
1463 5
1464 5
1465 22
1466 10
1467 23
1468 8
1469 0
1470 8
1471 5
1472 6
1473 5
1474 16
1475 3
1476 5
1477 11
1478 1
1479 19
1480 17
1481 1
1482 55
1483 9
1484 2
1485 0
1486 8
1487 16
1488 6
1489 0
1490 41
1491 5
1492 3
1493 0
1494 3
1495 5
1496 12
1497 0
1498 0
1499 0
1500 0
1501 0
1502 0
1503 0
1504 20
1505 9
1506 1
1507 31
1508 20
1509 5
1510 0
1511 8
1512 0
1513 1
1514 1
1515 0
1516 0
1517 0
1518 7
1519 0
1520 12
1521 8
1522 33
1523 9
1524 0
1525 13
1526 13
1527 5
1528 3
1529 1
1530 0
1531 0
1532 0
1533 2
1534 1
1535 17
1536 5
1537 33
1538 0
1539 2
1540 1
1541 0
1542 5
1543 0
1544 2
1545 4
1546 0
1547 0
1548 3
1549 1
1550 2
1551 3
1552 12
1553 0
1554 8
1555 2
1556 3
1557 6
1558 0
1559 3
1560 2
1561 7
1562 14
1563 7
1564 14
1565 4
1566 8
1567 0
1568 1
1569 2
1570 0
1571 1
1572 15
1573 4
1574 4
1575 0
1576 3
1577 1
1578 1
1579 45
1580 0
1581 10
1582 1
1583 0
1584 7
1585 0
1586 1
1587 1
1588 7
1589 6
1590 29
1591 2
1592 24
1593 18
1594 15
1595 11
1596 32
1597 0
