1 0
2 2
3 3
4 16
5 25
6 36
7 0
8 0
9 15
10 0
11 0
12 1
13 0
14 7
15 3
16 18
17 25
18 20
19 9
20 1
21 4
22 1
23 2
24 15
25 1
26 5
27 2
28 2
29 3
30 0
31 1
32 7
33 0
34 3
35 6
36 9
37 3
38 10
39 8
40 1
41 0
42 9
43 3
44 5
45 0
46 0
47 0
48 7
49 3
50 4
51 4
52 3
53 2
54 0
55 0
56 1
57 0
58 4
59 0
60 6
61 7
62 10
63 8
64 0
65 5
66 0
67 1
68 0
69 2
70 2
71 0
72 1
73 2
74 9
75 20
76 9
77 11
78 1
79 6
80 5
81 8
82 0
83 2
84 9
85 6
86 14
87 3
88 0
89 10
90 16
91 7
92 1
93 9
94 16
95 20
96 7
97 20
98 10
99 7
100 4
101 18
102 0
103 12
104 1
105 11
106 0
107 2
108 4
109 5
110 4
111 2
112 19
113 5
114 0
115 0
116 9
117 4
118 6
119 10
120 16
121 2
122 3
123 1
124 37
125 12
126 28
127 5
128 14
129 0
130 0
131 1
132 5
133 3
134 0
135 2
136 2
137 4
138 3
139 6
140 1
141 7
142 1
143 0
144 1
145 9
146 2
147 20
148 14
149 6
150 5
151 3
152 1
153 0
154 1
155 4
156 0
157 0
158 8
159 6
160 3
161 4
162 0
163 4
164 8
165 7
166 13
167 1
168 9
169 23
170 2
171 2
172 0
173 1
174 6
175 9
176 4
177 13
178 0
179 5
180 5
181 0
182 2
183 2
184 1
185 1
186 7
187 0
188 12
189 2
190 0
191 16
192 0
193 6
194 4
195 6
196 2
197 0
198 1
199 0
200 16
201 3
202 0
203 0
204 1
205 0
206 1
207 7
208 7
209 5
210 5
211 3
212 1
213 1
214 5
215 2
216 8
217 3
218 8
219 19
220 5
221 0
222 0
223 8
224 3
225 8
226 0
227 0
228 2
229 3
230 12
231 1
232 5
233 5
234 0
235 1
236 0
237 1
238 46
239 1
240 1
241 1
242 2
243 6
244 0
245 1
246 1
247 2
248 3
249 21
250 5
251 4
252 2
253 0
254 2
255 0
256 5
257 5
258 14
259 11
260 5
261 1
262 6
263 2
264 1
265 2
266 0
267 5
268 2
269 0
270 1
271 10
272 19
273 1
274 0
275 5
276 0
277 2
278 0
279 0
280 0
281 0
282 15
283 3
284 8
285 0
286 7
287 14
288 9
289 0
290 7
291 22
292 4
293 7
294 2
295 1
296 4
297 0
298 9
299 0
300 4
301 0
302 5
303 16
304 1
305 7
306 1
307 21
308 44
309 11
310 2
311 21
312 5
313 5
314 12
315 21
316 3
317 0
318 11
319 7
320 22
321 8
322 2
323 12
324 5
325 2
326 0
327 5
328 4
329 3
330 0
331 2
332 26
333 6
334 2
335 27
336 10
337 3
338 7
339 29
340 3
341 7
342 4
343 20
344 104
345 6
346 13
347 3
348 13
349 7
350 7
351 72
352 5
353 13
354 3
355 40
356 0
357 0
358 7
359 27
360 18
361 19
362 0
363 0
364 0
365 4
366 1
367 12
368 0
369 9
370 11
371 9
372 7
373 5
374 1
375 6
376 6
377 35
378 5
379 5
380 2
381 2
382 0
383 16
384 10
385 26
386 1
387 21
388 13
389 34
390 2
391 37
392 19
393 11
394 4
395 38
396 10
397 15
398 3
399 0
400 7
401 11
402 13
403 2
404 6
405 3
406 34
407 0
408 1
409 1
410 2
411 6
412 1
413 25
414 1
415 23
416 9
417 0
418 72
419 10
420 13
421 8
422 4
423 6
424 19
425 15
426 20
427 31
428 19
429 0
430 1
431 4
432 8
433 15
434 3
435 14
436 5
437 3
438 11
439 35
440 24
441 6
442 22
443 8
444 3
445 0
446 32
447 11
448 15
449 8
450 0
451 13
452 12
453 17
454 4
455 17
456 21
457 11
458 1
459 6
460 3
461 101
462 8
463 2
464 88
465 6
466 18
467 2
468 12
469 0
470 15
471 26
472 6
473 10
474 0
475 17
476 3
477 0
478 2
479 0
480 1
481 0
482 3
483 0
484 6
485 3
486 10
487 0
488 2
489 0
490 1
491 3
492 9
493 1
494 5
495 1
496 24
497 0
498 25
499 5
500 0
501 7
502 13
503 0
504 0
505 35
506 11
507 10
508 1
509 10
510 1
511 0
512 3
513 6
514 0
515 7
516 2
517 2
518 0
519 2
520 0
521 1
522 10
523 4
524 4
525 0
526 0
527 1
528 5
529 0
530 15
531 1
532 7
533 2
534 0
535 5
536 0
537 5
538 4
539 16
540 11
541 1
542 4
543 10
544 8
545 10
546 0
547 9
548 2
549 6
550 3
551 7
552 1
553 3
554 8
555 7
556 16
557 3
558 27
559 8
560 3
561 12
562 27
563 2
564 3
565 2
566 3
567 7
568 32
569 3
570 3
571 66
572 4
573 22
574 18
575 5
576 6
577 0
578 7
579 20
580 12
581 23
582 7
583 2
584 18
585 2
586 28
587 3
588 13
589 2
590 5
591 5
592 8
593 6
594 6
595 12
596 14
597 8
598 12
599 0
600 7
601 7
602 4
603 6
604 8
605 22
606 2
607 14
608 17
609 1
610 12
611 3
612 0
613 2
614 11
615 15
616 13
617 9
618 6
619 11
620 1
621 1
622 2
623 7
624 14
625 5
626 2
627 12
628 3
629 11
630 2
631 5
632 4
633 36
634 5
635 2
636 1
637 14
638 19
639 3
640 2
641 16
642 3
643 7
644 2
645 14
646 3
647 6
648 1
649 3
650 12
651 13
652 6
653 3
654 23
655 23
656 4
657 2
658 48
659 5
660 16
661 1
662 5
663 0
664 1
665 13
666 6
667 18
668 19
669 19
670 2
671 1
672 16
673 4
674 6
675 0
676 15
677 7
678 1
679 0
680 3
681 9
682 20
683 10
684 5
685 4
686 12
687 33
688 2
689 19
690 2
691 3
692 4
693 12
694 22
695 0
696 64
697 22
698 19
699 3
700 4
701 28
702 2
703 14
704 14
705 18
706 11
707 17
708 3
709 8
710 9
711 65
712 2
713 8
714 4
715 18
716 11
717 1
718 3
719 3
720 11
721 1
722 2
723 4
724 1
725 4
726 23
727 15
728 0
729 4
730 12
731 3
732 3
733 18
734 9
735 0
736 14
737 24
738 3
739 4
740 0
741 2
742 13
743 4
744 2
745 1
746 8
747 12
748 14
749 25
750 7
751 10
752 12
753 3
754 4
755 4
756 5
757 2
758 10
759 0
760 0
761 18
762 1
763 13
764 2
765 16
766 6
767 0
768 10
769 1
770 0
771 2
772 2
773 2
774 2
775 18
776 6
777 6
778 12
779 22
780 4
781 2
782 0
783 10
784 6
785 1
786 5
787 13
788 36
789 4
790 6
791 0
792 0
793 17
794 0
795 3
796 26
797 25
798 2
799 2
800 0
801 7
802 7
803 8
804 7
805 0
806 6
807 3
808 0
809 5
810 2
811 14
812 2
813 0
814 4
815 4
816 3
817 16
818 6
819 4
820 15
821 0
822 4
823 1
824 2
825 13
826 5
827 4
828 0
829 10
830 7
831 7
832 9
833 5
834 13
835 4
836 2
837 16
838 8
839 3
840 0
841 2
842 3
843 2
844 22
845 1
846 13
847 16
848 22
849 5
850 5
851 5
852 2
853 0
854 1
855 2
856 17
857 3
858 0
859 0
860 3
861 21
862 0
863 3
864 0
865 1
866 1
867 11
868 6
869 1
870 6
871 5
872 19
873 2
874 7
875 0
876 0
877 1
878 7
879 17
880 1
881 3
882 10
883 15
884 4
885 1
886 2
887 2
888 3
889 10
890 0
891 1
892 0
893 7
894 6
895 1
896 9
897 0
898 6
899 8
900 9
901 4
902 0
903 28
904 0
905 0
906 0
907 13
908 4
909 0
910 0
911 9
912 6
913 2
914 6
915 2
916 1
917 8
918 0
919 4
920 0
921 2
922 4
923 6
924 1
925 9
926 7
927 6
928 0
929 2
930 5
931 7
932 1
933 10
934 4
935 4
936 8
937 0
938 0
939 0
940 0
941 0
942 10
943 5
944 0
945 8
946 3
947 6
948 1
949 2
950 10
951 0
952 20
953 16
954 0
955 1
956 11
957 21
958 22
959 17
960 6
961 7
962 3
963 1
964 6
965 16
966 32
967 1
968 3
969 4
970 9
971 4
972 7
973 1
974 12
975 17
976 13
977 10
978 13
979 0
980 2
981 2
982 3
983 11
984 0
985 8
986 2
987 0
988 4
989 0
990 7
991 4
992 10
993 3
994 12
995 1
996 4
997 6
998 5
999 7
1000 10
1001 2
1002 14
1003 1
1004 3
1005 15
1006 12
1007 0
1008 6
1009 11
1010 3
1011 2
1012 11
1013 9
1014 7
1015 3
1016 10
1017 5
1018 0
1019 2
1020 5
1021 1
1022 6
1023 0
1024 0
1025 0
1026 1
1027 3
1028 3
1029 1
1030 7
1031 2
1032 15
1033 1
1034 2
1035 5
1036 1
1037 30
1038 2
1039 14
1040 6
1041 0
1042 11
1043 0
1044 1
1045 5
1046 13
1047 4
1048 16
1049 4
1050 3
1051 1
1052 7
1053 9
1054 6
1055 2
1056 1
1057 0
1058 16
1059 34
1060 2
1061 4
1062 0
1063 0
1064 11
1065 3
1066 9
1067 7
1068 1
1069 25
1070 0
1071 7
1072 0
1073 9
1074 5
1075 15
1076 38
1077 3
1078 9
1079 6
1080 1
1081 4
1082 11
1083 6
1084 14
1085 0
1086 0
1087 4
1088 1
1089 0
1090 2
1091 5
1092 2
1093 21
1094 1
1095 3
1096 8
1097 13
1098 10
1099 0
1100 1
1101 0
1102 0
1103 5
1104 29
1105 22
1106 28
1107 9
1108 1
1109 0
1110 5
1111 9
1112 0
1113 1
1114 0
1115 0
1116 4
1117 18
1118 4
1119 0
1120 1
1121 0
1122 2
1123 0
1124 1
1125 15
1126 3
1127 3
1128 10
1129 0
1130 64
1131 23
1132 2
1133 1
1134 3
1135 8
1136 0
1137 5
1138 0
1139 1
1140 0
1141 1
1142 4
1143 4
1144 6
1145 8
1146 10
1147 7
1148 2
1149 3
1150 2
1151 1
1152 25
1153 0
1154 5
1155 0
1156 11
1157 1
1158 1
1159 15
1160 8
1161 5
1162 0
1163 11
1164 7
1165 4
1166 40
1167 18
1168 17
1169 4
1170 23
1171 1
1172 18
1173 1
1174 0
1175 43
1176 2
1177 15
1178 13
1179 2
1180 6
1181 4
1182 27
1183 0
1184 8
1185 1
1186 1
1187 6
1188 0
1189 1
1190 2
1191 1
1192 7
1193 36
1194 3
1195 2
1196 10
1197 3
1198 0
1199 17
1200 5
1201 48
1202 0
1203 1
1204 8
1205 7
1206 4
1207 3
1208 9
1209 2
1210 4
1211 15
1212 0
1213 0
1214 5
1215 1
1216 20
1217 10
1218 4
1219 3
1220 0
1221 3
1222 2
1223 5
1224 13
1225 5
1226 0
1227 1
1228 0
1229 5
1230 10
1231 6
1232 1
1233 5
1234 5
1235 11
1236 4
1237 1
1238 7
1239 15
1240 1
1241 6
1242 7
1243 0
1244 6
1245 0
1246 0
1247 19
1248 8
1249 6
1250 12
1251 3
1252 1
1253 0
1254 7
1255 0
1256 3
1257 0
1258 27
1259 3
1260 3
1261 6
1262 4
1263 26
1264 5
1265 6
1266 2
1267 7
1268 0
1269 1
1270 3
1271 3
1272 1
1273 4
1274 4
1275 11
1276 6
1277 12
1278 16
1279 0
1280 5
1281 5
1282 0
1283 1
1284 10
1285 3
1286 41
1287 1
1288 7
1289 4
1290 1
1291 5
1292 2
1293 76
1294 11
1295 13
1296 6
1297 27
1298 5
1299 4
1300 17
1301 0
1302 2
1303 20
1304 0
1305 26
1306 0
1307 17
1308 0
1309 6
1310 9
1311 5
1312 2
1313 0
1314 9
1315 0
1316 5
1317 1
1318 4
1319 2
1320 12
1321 5
1322 0
1323 1
1324 0
1325 1
1326 10
1327 1
1328 16
1329 0
1330 9
1331 4
1332 0
1333 3
1334 8
1335 24
1336 10
1337 4
1338 8
1339 5
1340 6
1341 4
1342 0
1343 0
1344 10
1345 0
1346 0
1347 7
1348 0
1349 8
1350 18
1351 7
1352 11
1353 9
1354 0
1355 13
1356 2
1357 1
1358 2
1359 12
1360 7
1361 0
1362 4
1363 3
1364 11
1365 7
1366 3
1367 10
1368 15
1369 10
1370 14
1371 0
1372 8
1373 0
1374 5
1375 10
1376 22
1377 0
1378 12
1379 10
1380 5
1381 3
1382 3
1383 12
1384 3
1385 2
1386 11
1387 2
1388 8
1389 0
1390 5
1391 1
1392 1
1393 0
1394 2
1395 2
1396 0
1397 1
1398 2
1399 16
1400 4
1401 5
1402 1
1403 7
1404 3
1405 1
1406 1
1407 5
1408 2
1409 12
1410 2
1411 7
1412 6
1413 1
1414 2
1415 5
1416 0
1417 1
1418 2
1419 5
1420 0
1421 0
1422 0
1423 3
1424 0
1425 6
1426 0
1427 0
1428 1
1429 1
1430 5
1431 3
1432 1
1433 10
1434 1
1435 4
1436 2
1437 9
1438 0
1439 5
1440 0
1441 1
1442 0
1443 2
1444 7
1445 0
1446 2
1447 8
1448 10
1449 18
1450 16
1451 0
1452 0
1453 8
1454 0
1455 6
1456 0
1457 0
1458 4
1459 4
1460 4
1461 4
1462 0
1463 4
1464 8
1465 3
1466 3
1467 26
1468 9
1469 5
1470 12
1471 13
1472 4
1473 15
1474 7
1475 0
1476 4
1477 1
1478 6
1479 32
1480 1
1481 0
1482 1
1483 1
1484 6
1485 3
1486 2
1487 4
1488 0
1489 0
1490 3
1491 7
1492 2
1493 1
1494 10
1495 8
1496 8
1497 1
1498 5
1499 2
1500 5
1501 2
1502 0
1503 0
1504 15
1505 2
1506 3
1507 4
1508 9
1509 0
1510 1
1511 2
1512 8
1513 2
1514 6
1515 1
1516 0
1517 19
1518 0
1519 12
1520 4
1521 4
1522 6
1523 9
1524 0
1525 13
1526 4
1527 6
1528 14
1529 3
1530 2
1531 0
1532 10
1533 9
1534 2
1535 9
1536 11
1537 21
1538 0
1539 3
1540 0
1541 2
1542 0
1543 0
1544 0
1545 11
1546 7
1547 2
1548 19
1549 16
1550 1
1551 3
1552 4
1553 3
1554 8
1555 0
1556 1
1557 0
1558 7
1559 12
1560 7
1561 2
1562 4
1563 0
1564 1
1565 3
1566 10
1567 0
1568 1
1569 3
1570 0
1571 32
1572 143
1573 0
1574 10
1575 11
1576 1
1577 0
1578 5
1579 3
1580 5
1581 8
1582 4
1583 7
1584 5
1585 0
1586 1
1587 2
1588 1
1589 0
1590 0
1591 2
1592 7
1593 8
1594 9
1595 19
1596 31
1597 1
