1 3
2 0
3 2
4 18
5 4
6 29
7 0
8 1
9 17
10 2
11 0
12 10
13 2
14 4
15 14
16 19
17 2
18 28
19 22
20 2
21 0
22 0
23 1
24 18
25 3
26 11
27 0
28 0
29 1
30 0
31 2
32 0
33 2
34 0
35 3
36 3
37 10
38 0
39 11
40 7
41 0
42 2
43 0
44 4
45 12
46 0
47 0
48 17
49 0
50 7
51 5
52 1
53 3
54 7
55 0
56 5
57 1
58 1
59 7
60 4
61 5
62 9
63 2
64 1
65 2
66 0
67 0
68 1
69 10
70 2
71 0
72 57
73 26
74 16
75 18
76 9
77 16
78 8
79 8
80 17
81 8
82 4
83 3
84 9
85 14
86 2
87 2
88 0
89 6
90 15
91 0
92 0
93 9
94 13
95 6
96 8
97 7
98 3
99 6
100 10
101 5
102 0
103 32
104 0
105 2
106 0
107 1
108 5
109 5
110 0
111 0
112 15
113 0
114 9
115 2
116 6
117 5
118 24
119 1
120 52
121 4
122 9
123 2
124 39
125 0
126 28
127 0
128 18
129 2
130 7
131 5
132 1
133 4
134 1
135 0
136 12
137 4
138 1
139 3
140 1
141 4
142 0
143 1
144 40
145 1
146 1
147 5
148 4
149 3
150 1
151 5
152 1
153 0
154 2
155 0
156 0
157 7
158 5
159 0
160 0
161 3
162 2
163 6
164 15
165 3
166 12
167 5
168 0
169 4
170 5
171 0
172 3
173 0
174 3
175 1
176 9
177 8
178 1
179 14
180 12
181 4
182 1
183 4
184 14
185 2
186 16
187 0
188 12
189 0
190 0
191 6
192 0
193 4
194 0
195 5
196 0
197 4
198 42
199 1
200 9
201 5
202 5
203 3
204 0
205 0
206 9
207 0
208 16
209 5
210 0
211 5
212 0
213 0
214 1
215 1
216 13
217 5
218 13
219 7
220 9
221 0
222 1
223 2
224 14
225 3
226 0
227 1
228 3
229 1
230 2
231 26
232 7
233 20
234 3
235 1
236 3
237 25
238 8
239 2
240 2
241 1
242 2
243 3
244 2
245 3
246 6
247 12
248 24
249 1
250 6
251 0
252 0
253 0
254 8
255 2
256 1
257 20
258 4
259 4
260 2
261 6
262 0
263 11
264 9
265 1
266 1
267 1
268 23
269 0
270 3
271 10
272 0
273 2
274 0
275 19
276 15
277 3
278 0
279 4
280 2
281 0
282 0
283 17
284 10
285 0
286 6
287 5
288 1
289 4
290 11
291 3
292 1
293 38
294 1
295 0
296 3
297 0
298 2
299 4
300 9
301 0
302 6
303 29
304 3
305 2
306 1
307 30
308 10
309 19
310 0
311 10
312 2
313 7
314 16
315 6
316 6
317 0
318 19
319 3
320 10
321 3
322 2
323 6
324 23
325 0
326 7
327 0
328 43
329 0
330 0
331 0
332 7
333 11
334 2
335 3
336 7
337 11
338 9
339 1
340 2
341 13
342 3
343 4
344 12
345 19
346 25
347 3
348 2
349 5
350 9
351 18
352 3
353 2
354 0
355 53
356 5
357 1
358 23
359 5
360 5
361 17
362 1
363 0
364 4
365 1
366 3
367 3
368 1
369 0
370 4
371 15
372 6
373 0
374 4
375 5
376 1
377 19
378 10
379 17
380 12
381 5
382 0
383 3
384 6
385 42
386 4
387 36
388 28
389 33
390 8
391 11
392 37
393 3
394 7
395 24
396 0
397 2
398 38
399 2
400 10
401 14
402 12
403 0
404 15
405 8
406 5
407 1
408 5
409 0
410 5
411 4
412 0
413 7
414 13
415 37
416 9
417 0
418 11
419 6
420 8
421 10
422 33
423 1
424 2
425 1
426 16
427 13
428 12
429 0
430 7
431 9
432 14
433 16
434 0
435 0
436 9
437 1
438 0
439 46
440 19
441 17
442 4
443 4
444 1
445 2
446 15
447 21
448 8
449 5
450 10
451 9
452 2
453 2
454 10
455 10
456 5
457 19
458 8
459 51
460 7
461 0
462 11
463 9
464 30
465 1
466 25
467 1
468 0
469 1
470 13
471 12
472 11
473 5
474 3
475 0
476 11
477 5
478 3
479 0
480 0
481 13
482 6
483 0
484 1
485 3
486 4
487 0
488 0
489 2
490 3
491 5
492 3
493 3
494 0
495 5
496 1
497 0
498 15
499 4
500 0
501 1
502 2
503 8
504 0
505 13
506 7
507 3
508 9
509 3
510 0
511 11
512 0
513 17
514 5
515 5
516 5
517 1
518 2
519 3
520 8
521 8
522 10
523 10
524 3
525 1
526 0
527 1
528 4
529 5
530 30
531 37
532 14
533 1
534 0
535 11
536 9
537 9
538 2
539 3
540 11
541 1
542 10
543 2
544 16
545 2
546 2
547 17
548 0
549 27
550 1
551 0
552 9
553 12
554 4
555 6
556 11
557 12
558 23
559 28
560 27
561 25
562 4
563 6
564 2
565 6
566 1
567 4
568 3
569 5
570 2
571 36
572 1
573 18
574 4
575 19
576 9
577 11
578 2
579 8
580 17
581 15
582 3
583 8
584 8
585 5
586 5
587 0
588 1
589 0
590 3
591 8
592 19
593 1
594 15
595 30
596 18
597 25
598 6
599 5
600 6
601 0
602 2
603 2
604 3
605 13
606 2
607 7
608 3
609 0
610 14
611 23
612 7
613 1
614 2
615 42
616 4
617 3
618 0
619 9
620 0
621 5
622 5
623 5
624 3
625 3
626 4
627 27
628 13
629 2
630 20
631 4
632 2
633 6
634 17
635 5
636 1
637 11
638 11
639 0
640 5
641 1
642 8
643 13
644 1
645 3
646 0
647 3
648 2
649 12
650 1
651 6
652 3
653 2
654 3
655 8
656 16
657 0
658 24
659 4
660 16
661 13
662 7
663 3
664 21
665 0
666 0
667 26
668 14
669 8
670 3
671 6
672 2
673 4
674 29
675 0
676 61
677 22
678 5
679 10
680 1
681 1
682 2
683 29
684 10
685 0
686 18
687 16
688 1
689 32
690 2
691 0
692 3
693 2
694 7
695 1
696 11
697 9
698 6
699 3
700 0
701 2
702 1
703 35
704 29
705 7
706 4
707 21
708 0
709 2
710 3
711 23
712 1
713 13
714 6
715 7
716 13
717 3
718 3
719 1
720 1
721 4
722 0
723 2
724 15
725 3
726 33
727 3
728 0
729 1
730 2
731 0
732 3
733 8
734 48
735 0
736 20
737 6
738 10
739 2
740 0
741 2
742 9
743 1
744 49
745 0
746 8
747 3
748 9
749 5
750 7
751 23
752 5
753 15
754 10
755 1
756 16
757 4
758 5
759 3
760 0
761 64
762 1
763 26
764 18
765 8
766 3
767 3
768 22
769 1
770 0
771 12
772 0
773 2
774 0
775 10
776 0
777 32
778 7
779 20
780 3
781 1
782 0
783 13
784 3
785 0
786 2
787 0
788 5
789 0
790 1
791 12
792 2
793 6
794 3
795 3
796 5
797 5
798 3
799 1
800 2
801 1
802 15
803 4
804 4
805 1
806 17
807 0
808 0
809 2
810 0
811 21
812 9
813 0
814 3
815 17
816 0
817 20
818 22
819 0
820 4
821 4
822 5
823 0
824 0
825 20
826 5
827 8
828 3
829 12
830 11
831 5
832 11
833 3
834 1
835 14
836 9
837 19
838 28
839 5
840 1
841 7
842 7
843 5
844 5
845 2
846 13
847 18
848 2
849 1
850 7
851 8
852 5
853 1
854 0
855 2
856 7
857 2
858 1
859 0
860 0
861 14
862 0
863 16
864 5
865 4
866 8
867 28
868 1
869 27
870 9
871 10
872 10
873 2
874 28
875 5
876 2
877 0
878 8
879 6
880 1
881 2
882 0
883 1
884 0
885 2
886 0
887 14
888 11
889 0
890 8
891 10
892 4
893 6
894 19
895 7
896 11
897 3
898 7
899 2
900 8
901 13
902 7
903 4
904 6
905 4
906 3
907 8
908 7
909 0
910 17
911 0
912 42
913 3
914 0
915 1
916 1
917 13
918 0
919 14
920 6
921 18
922 0
923 3
924 2
925 13
926 23
927 1
928 1
929 13
930 16
931 9
932 3
933 5
934 5
935 0
936 21
937 0
938 49
939 1
940 0
941 1
942 3
943 4
944 0
945 14
946 1
947 3
948 0
949 12
950 2
951 1
952 15
953 2
954 9
955 5
956 25
957 8
958 8
959 8
960 0
961 13
962 0
963 2
964 7
965 10
966 9
967 22
968 1
969 1
970 0
971 3
972 1
973 2
974 3
975 1
976 2
977 12
978 0
979 1
980 0
981 2
982 4
983 6
984 0
985 6
986 8
987 0
988 11
989 0
990 5
991 6
992 32
993 1
994 1
995 2
996 5
997 7
998 4
999 9
1000 5
1001 4
1002 5
1003 3
1004 13
1005 2
1006 36
1007 5
1008 5
1009 6
1010 2
1011 6
1012 11
1013 4
1014 28
1015 2
1016 10
1017 14
1018 0
1019 13
1020 0
1021 3
1022 0
1023 0
1024 0
1025 0
1026 0
1027 0
1028 3
1029 0
1030 2
1031 19
1032 11
1033 5
1034 4
1035 4
1036 1
1037 14
1038 1
1039 4
1040 0
1041 0
1042 5
1043 6
1044 3
1045 4
1046 5
1047 7
1048 9
1049 1
1050 0
1051 14
1052 13
1053 9
1054 17
1055 0
1056 0
1057 0
1058 36
1059 4
1060 0
1061 7
1062 0
1063 0
1064 20
1065 0
1066 6
1067 10
1068 2
1069 38
1070 5
1071 44
1072 2
1073 10
1074 4
1075 6
1076 8
1077 3
1078 0
1079 1
1080 7
1081 6
1082 9
1083 34
1084 19
1085 10
1086 0
1087 18
1088 0
1089 0
1090 0
1091 11
1092 2
1093 10
1094 8
1095 4
1096 9
1097 1
1098 4
1099 13
1100 0
1101 7
1102 6
1103 5
1104 22
1105 19
1106 9
1107 10
1108 8
1109 5
1110 1
1111 0
1112 4
1113 0
1114 2
1115 2
1116 3
1117 33
1118 1
1119 0
1120 1
1121 5
1122 4
1123 2
1124 3
1125 2
1126 13
1127 7
1128 5
1129 0
1130 16
1131 23
1132 4
1133 1
1134 1
1135 4
1136 1
1137 1
1138 2
1139 0
1140 2
1141 0
1142 0
1143 4
1144 2
1145 0
1146 5
1147 5
1148 3
1149 12
1150 10
1151 3
1152 69
1153 0
1154 7
1155 5
1156 12
1157 0
1158 12
1159 11
1160 0
1161 11
1162 1
1163 9
1164 3
1165 4
1166 14
1167 6
1168 5
1169 0
1170 18
1171 14
1172 4
1173 6
1174 2
1175 3
1176 1
1177 18
1178 3
1179 19
1180 10
1181 5
1182 18
1183 5
1184 15
1185 5
1186 5
1187 3
1188 0
1189 3
1190 5
1191 2
1192 14
1193 33
1194 2
1195 0
1196 3
1197 4
1198 0
1199 13
1200 3
1201 7
1202 0
1203 0
1204 9
1205 4
1206 1
1207 9
1208 2
1209 11
1210 2
1211 7
1212 0
1213 0
1214 8
1215 2
1216 9
1217 11
1218 4
1219 20
1220 0
1221 1
1222 6
1223 24
1224 4
1225 3
1226 5
1227 0
1228 0
1229 0
1230 5
1231 31
1232 1
1233 10
1234 3
1235 1
1236 0
1237 0
1238 9
1239 7
1240 0
1241 5
1242 4
1243 11
1244 12
1245 0
1246 7
1247 14
1248 4
1249 2
1250 7
1251 6
1252 0
1253 2
1254 0
1255 4
1256 0
1257 4
1258 2
1259 3
1260 5
1261 43
1262 5
1263 14
1264 12
1265 7
1266 2
1267 13
1268 6
1269 0
1270 0
1271 1
1272 3
1273 6
1274 5
1275 16
1276 10
1277 2
1278 8
1279 0
1280 1
1281 15
1282 0
1283 4
1284 0
1285 0
1286 9
1287 0
1288 1
1289 1
1290 1
1291 3
1292 5
1293 30
1294 2
1295 4
1296 3
1297 23
1298 3
1299 0
1300 12
1301 0
1302 0
1303 36
1304 0
1305 0
1306 0
1307 5
1308 1
1309 3
1310 1
1311 6
1312 8
1313 0
1314 5
1315 3
1316 0
1317 0
1318 12
1319 1
1320 8
1321 3
1322 0
1323 18
1324 0
1325 1
1326 4
1327 0
1328 2
1329 3
1330 1
1331 0
1332 0
1333 16
1334 5
1335 8
1336 1
1337 1
1338 21
1339 103
1340 2
1341 0
1342 1
1343 0
1344 5
1345 3
1346 3
1347 2
1348 0
1349 3
1350 12
1351 3
1352 4
1353 4
1354 0
1355 4
1356 6
1357 4
1358 0
1359 15
1360 3
1361 0
1362 5
1363 8
1364 5
1365 0
1366 0
1367 0
1368 3
1369 11
1370 7
1371 0
1372 0
1373 0
1374 8
1375 0
1376 4
1377 0
1378 1
1379 8
1380 12
1381 3
1382 5
1383 8
1384 3
1385 7
1386 4
1387 3
1388 1
1389 3
1390 2
1391 0
1392 0
1393 4
1394 12
1395 12
1396 5
1397 3
1398 0
1399 1
1400 3
1401 6
1402 6
1403 3
1404 6
1405 6
1406 1
1407 23
1408 0
1409 18
1410 8
1411 0
1412 6
1413 5
1414 4
1415 2
1416 1
1417 0
1418 2
1419 0
1420 9
1421 0
1422 2
1423 9
1424 0
1425 2
1426 1
1427 4
1428 1
1429 0
1430 7
1431 1
1432 5
1433 0
1434 1
1435 7
1436 14
1437 8
1438 4
1439 6
1440 1
1441 3
1442 0
1443 4
1444 6
1445 13
1446 5
1447 7
1448 9
1449 14
1450 1
1451 7
1452 9
1453 5
1454 11
1455 3
1456 0
1457 0
1458 6
1459 0
1460 1
1461 0
1462 0
1463 0
1464 2
1465 9
1466 5
1467 14
1468 31
1469 2
1470 39
1471 2
1472 25
1473 12
1474 8
1475 31
1476 6
1477 10
1478 0
1479 27
1480 2
1481 33
1482 9
1483 7
1484 6
1485 5
1486 3
1487 16
1488 3
1489 2
1490 6
1491 4
1492 17
1493 0
1494 6
1495 29
1496 4
1497 6
1498 2
1499 0
1500 2
1501 2
1502 0
1503 1
1504 8
1505 2
1506 5
1507 35
1508 63
1509 3
1510 6
1511 28
1512 7
1513 0
1514 8
1515 5
1516 8
1517 0
1518 6
1519 3
1520 13
1521 29
1522 41
1523 15
1524 0
1525 10
1526 5
1527 5
1528 6
1529 8
1530 0
1531 5
1532 0
1533 0
1534 0
1535 18
1536 4
1537 11
1538 5
1539 7
1540 6
1541 0
1542 0
1543 4
1544 5
1545 7
1546 2
1547 6
1548 8
1549 18
1550 0
1551 1
1552 5
1553 2
1554 8
1555 25
1556 0
1557 1
1558 7
1559 6
1560 2
1561 5
1562 35
1563 2
1564 17
1565 4
1566 7
1567 0
1568 1
1569 10
1570 8
1571 4
1572 4
1573 0
1574 11
1575 4
1576 1
1577 4
1578 19
1579 9
1580 7
1581 5
1582 0
1583 6
1584 13
1585 6
1586 3
1587 2
1588 5
1589 9
1590 11
1591 4
1592 25
1593 9
1594 8
1595 6
1596 25
1597 0
