1 0
2 0
3 15
4 4
5 15
6 25
7 0
8 0
9 11
10 0
11 0
12 12
13 4
14 2
15 4
16 16
17 7
18 7
19 0
20 0
21 2
22 5
23 2
24 6
25 82
26 5
27 12
28 0
29 21
30 3
31 1
32 5
33 2
34 7
35 11
36 2
37 8
38 1
39 8
40 9
41 2
42 0
43 8
44 4
45 0
46 0
47 0
48 6
49 1
50 10
51 36
52 0
53 11
54 0
55 4
56 14
57 0
58 2
59 26
60 16
61 22
62 12
63 2
64 0
65 17
66 3
67 2
68 1
69 1
70 3
71 0
72 23
73 12
74 29
75 10
76 1
77 2
78 0
79 7
80 15
81 22
82 0
83 24
84 8
85 1
86 4
87 3
88 0
89 9
90 4
91 1
92 0
93 7
94 0
95 0
96 6
97 3
98 7
99 7
100 4
101 2
102 0
103 19
104 0
105 2
106 0
107 0
108 8
109 14
110 0
111 3
112 10
113 3
114 3
115 9
116 19
117 10
118 4
119 20
120 9
121 10
122 3
123 11
124 48
125 3
126 10
127 18
128 6
129 5
130 0
131 5
132 2
133 5
134 0
135 2
136 5
137 7
138 5
139 12
140 18
141 8
142 0
143 0
144 34
145 8
146 4
147 6
148 21
149 14
150 0
151 4
152 0
153 1
154 2
155 16
156 2
157 0
158 0
159 10
160 0
161 2
162 3
163 18
164 0
165 12
166 6
167 9
168 2
169 9
170 1
171 3
172 1
173 3
174 2
175 9
176 4
177 2
178 6
179 8
180 3
181 5
182 3
183 3
184 3
185 4
186 1
187 0
188 1
189 0
190 2
191 2
192 3
193 3
194 6
195 2
196 0
197 0
198 2
199 0
200 4
201 1
202 1
203 3
204 0
205 7
206 22
207 0
208 15
209 16
210 2
211 5
212 1
213 0
214 14
215 2
216 1
217 5
218 16
219 4
220 7
221 0
222 7
223 1
224 2
225 9
226 0
227 0
228 6
229 5
230 4
231 5
232 5
233 8
234 0
235 1
236 21
237 3
238 2
239 2
240 5
241 3
242 1
243 15
244 0
245 0
246 5
247 16
248 4
249 4
250 4
251 1
252 0
253 6
254 4
255 3
256 9
257 33
258 7
259 3
260 6
261 7
262 0
263 3
264 0
265 4
266 0
267 16
268 0
269 4
270 0
271 10
272 1
273 0
274 0
275 2
276 1
277 3
278 0
279 0
280 0
281 4
282 0
283 2
284 0
285 2
286 2
287 8
288 1
289 0
290 15
291 5
292 0
293 11
294 0
295 1
296 13
297 0
298 15
299 0
300 0
301 0
302 4
303 2
304 0
305 1
306 2
307 5
308 17
309 9
310 0
311 10
312 5
313 12
314 9
315 13
316 15
317 1
318 14
319 7
320 2
321 7
322 1
323 1
324 8
325 2
326 1
327 1
328 21
329 0
330 1
331 0
332 3
333 14
334 2
335 3
336 0
337 17
338 8
339 8
340 0
341 3
342 16
343 6
344 14
345 13
346 19
347 0
348 0
349 1
350 4
351 14
352 8
353 0
354 9
355 13
356 6
357 7
358 9
359 2
360 0
361 8
362 1
363 0
364 0
365 6
366 0
367 5
368 0
369 2
370 0
371 4
372 1
373 7
374 1
375 1
376 2
377 8
378 9
379 6
380 9
381 5
382 0
383 0
384 8
385 10
386 25
387 31
388 5
389 23
390 0
391 22
392 13
393 4
394 0
395 12
396 1
397 4
398 19
399 0
400 7
401 18
402 6
403 7
404 4
405 1
406 3
407 4
408 6
409 2
410 2
411 4
412 0
413 7
414 0
415 12
416 11
417 3
418 7
419 7
420 16
421 23
422 10
423 5
424 0
425 6
426 2
427 6
428 3
429 0
430 5
431 4
432 12
433 35
434 0
435 2
436 1
437 0
438 21
439 5
440 6
441 3
442 4
443 3
444 0
445 0
446 0
447 2
448 6
449 5
450 7
451 5
452 6
453 3
454 5
455 15
456 3
457 9
458 0
459 8
460 3
461 9
462 15
463 2
464 28
465 0
466 18
467 0
468 3
469 4
470 9
471 20
472 7
473 49
474 5
475 4
476 17
477 0
478 38
479 1
480 2
481 14
482 9
483 0
484 3
485 2
486 1
487 0
488 0
489 6
490 0
491 4
492 0
493 3
494 0
495 9
496 5
497 1
498 21
499 9
500 1
501 6
502 8
503 2
504 0
505 0
506 2
507 1
508 8
509 8
510 3
511 1
512 2
513 16
514 1
515 12
516 0
517 0
518 4
519 1
520 1
521 3
522 7
523 7
524 3
525 4
526 1
527 0
528 1
529 2
530 8
531 0
532 9
533 22
534 0
535 6
536 2
537 8
538 1
539 7
540 11
541 13
542 2
543 2
544 41
545 1
546 0
547 9
548 5
549 7
550 5
551 4
552 4
553 12
554 23
555 18
556 18
557 13
558 6
559 20
560 6
561 8
562 3
563 4
564 6
565 2
566 12
567 5
568 6
569 21
570 1
571 20
572 7
573 19
574 9
575 0
576 1
577 0
578 0
579 19
580 2
581 6
582 12
583 0
584 38
585 12
586 1
587 0
588 1
589 8
590 1
591 7
592 17
593 4
594 7
595 4
596 20
597 21
598 0
599 0
600 8
601 0
602 2
603 17
604 3
605 30
606 28
607 7
608 4
609 2
610 16
611 12
612 0
613 9
614 24
615 43
616 41
617 6
618 1
619 5
620 0
621 15
622 5
623 1
624 13
625 0
626 2
627 8
628 8
629 7
630 42
631 4
632 9
633 15
634 9
635 7
636 2
637 10
638 15
639 0
640 0
641 5
642 1
643 11
644 3
645 9
646 2
647 8
648 2
649 0
650 2
651 8
652 11
653 6
654 8
655 3
656 6
657 1
658 5
659 4
660 8
661 8
662 9
663 2
664 1
665 12
666 3
667 22
668 12
669 17
670 0
671 0
672 6
673 4
674 25
675 0
676 2
677 6
678 60
679 5
680 1
681 23
682 14
683 10
684 6
685 3
686 2
687 15
688 10
689 2
690 1
691 0
692 15
693 1
694 16
695 2
696 46
697 36
698 0
699 2
700 0
701 2
702 4
703 10
704 18
705 6
706 9
707 4
708 1
709 0
710 2
711 26
712 0
713 10
714 0
715 22
716 7
717 5
718 0
719 0
720 2
721 1
722 0
723 4
724 2
725 2
726 4
727 1
728 0
729 19
730 2
731 3
732 3
733 9
734 16
735 3
736 7
737 12
738 6
739 21
740 0
741 0
742 3
743 0
744 10
745 10
746 2
747 10
748 0
749 3
750 26
751 4
752 4
753 2
754 26
755 2
756 16
757 6
758 1
759 0
760 1
761 6
762 0
763 14
764 26
765 9
766 4
767 0
768 9
769 0
770 0
771 5
772 0
773 5
774 4
775 18
776 2
777 5
778 8
779 10
780 0
781 0
782 0
783 0
784 4
785 0
786 6
787 2
788 21
789 4
790 3
791 2
792 0
793 9
794 14
795 3
796 7
797 12
798 3
799 10
800 0
801 0
802 2
803 3
804 2
805 0
806 0
807 2
808 0
809 2
810 7
811 16
812 1
813 2
814 1
815 13
816 0
817 23
818 2
819 4
820 10
821 0
822 19
823 4
824 1
825 10
826 2
827 6
828 6
829 5
830 8
831 3
832 2
833 26
834 0
835 4
836 14
837 20
838 3
839 3
840 0
841 0
842 3
843 1
844 15
845 2
846 16
847 19
848 14
849 9
850 9
851 4
852 1
853 6
854 2
855 4
856 7
857 0
858 3
859 1
860 0
861 15
862 0
863 4
864 16
865 1
866 3
867 18
868 0
869 6
870 1
871 7
872 2
873 10
874 53
875 8
876 2
877 1
878 29
879 11
880 0
881 2
882 3
883 0
884 1
885 1
886 4
887 6
888 12
889 0
890 8
891 45
892 3
893 5
894 6
895 6
896 11
897 2
898 4
899 9
900 7
901 19
902 2
903 0
904 10
905 0
906 0
907 6
908 15
909 0
910 6
911 2
912 25
913 10
914 3
915 7
916 4
917 7
918 0
919 6
920 22
921 4
922 8
923 9
924 8
925 24
926 1
927 1
928 5
929 2
930 20
931 3
932 0
933 6
934 15
935 5
936 1
937 0
938 14
939 8
940 1
941 1
942 4
943 9
944 2
945 1
946 7
947 11
948 9
949 2
950 6
951 4
952 32
953 0
954 1
955 0
956 92
957 25
958 26
959 16
960 2
961 3
962 6
963 3
964 8
965 2
966 10
967 8
968 12
969 0
970 8
971 4
972 1
973 0
974 17
975 6
976 13
977 5
978 8
979 3
980 0
981 0
982 2
983 3
984 0
985 13
986 1
987 10
988 18
989 0
990 10
991 29
992 17
993 0
994 5
995 8
996 4
997 14
998 5
999 2
1000 17
1001 8
1002 21
1003 16
1004 7
1005 2
1006 7
1007 6
1008 38
1009 25
1010 3
1011 1
1012 18
1013 0
1014 24
1015 7
1016 3
1017 6
1018 3
1019 4
1020 4
1021 4
1022 0
1023 0
1024 11
1025 0
1026 1
1027 21
1028 0
1029 5
1030 2
1031 3
1032 8
1033 4
1034 4
1035 2
1036 5
1037 46
1038 0
1039 19
1040 7
1041 3
1042 6
1043 2
1044 1
1045 9
1046 3
1047 1
1048 5
1049 0
1050 1
1051 2
1052 9
1053 12
1054 4
1055 0
1056 5
1057 0
1058 9
1059 5
1060 4
1061 6
1062 1
1063 4
1064 14
1065 0
1066 3
1067 2
1068 8
1069 7
1070 4
1071 13
1072 1
1073 0
1074 6
1075 6
1076 15
1077 0
1078 26
1079 1
1080 3
1081 14
1082 15
1083 12
1084 7
1085 0
1086 0
1087 8
1088 4
1089 1
1090 10
1091 8
1092 0
1093 10
1094 7
1095 2
1096 4
1097 12
1098 24
1099 14
1100 0
1101 0
1102 6
1103 2
1104 9
1105 13
1106 40
1107 27
1108 16
1109 1
1110 5
1111 1
1112 0
1113 3
1114 1
1115 2
1116 0
1117 6
1118 1
1119 0
1120 1
1121 0
1122 1
1123 0
1124 0
1125 2
1126 18
1127 2
1128 22
1129 1
1130 19
1131 20
1132 0
1133 4
1134 3
1135 0
1136 3
1137 1
1138 10
1139 0
1140 5
1141 2
1142 2
1143 0
1144 4
1145 0
1146 10
1147 2
1148 3
1149 2
1150 3
1151 1
1152 18
1153 3
1154 13
1155 8
1156 8
1157 0
1158 7
1159 9
1160 0
1161 16
1162 0
1163 0
1164 0
1165 5
1166 6
1167 7
1168 2
1169 0
1170 7
1171 0
1172 16
1173 8
1174 8
1175 0
1176 1
1177 24
1178 19
1179 15
1180 15
1181 10
1182 2
1183 5
1184 18
1185 0
1186 1
1187 10
1188 4
1189 24
1190 6
1191 9
1192 10
1193 10
1194 2
1195 0
1196 0
1197 2
1198 0
1199 39
1200 0
1201 16
1202 1
1203 0
1204 6
1205 0
1206 0
1207 0
1208 4
1209 4
1210 0
1211 0
1212 0
1213 0
1214 1
1215 6
1216 15
1217 18
1218 0
1219 22
1220 0
1221 1
1222 12
1223 13
1224 4
1225 1
1226 0
1227 0
1228 3
1229 5
1230 15
1231 20
1232 0
1233 9
1234 2
1235 0
1236 3
1237 2
1238 6
1239 9
1240 1
1241 0
1242 9
1243 0
1244 0
1245 2
1246 6
1247 12
1248 0
1249 0
1250 2
1251 4
1252 0
1253 2
1254 7
1255 2
1256 5
1257 17
1258 2
1259 0
1260 4
1261 5
1262 6
1263 8
1264 0
1265 19
1266 8
1267 3
1268 1
1269 0
1270 0
1271 0
1272 2
1273 15
1274 2
1275 11
1276 10
1277 0
1278 14
1279 0
1280 0
1281 8
1282 1
1283 14
1284 1
1285 0
1286 19
1287 1
1288 3
1289 4
1290 0
1291 1
1292 4
1293 19
1294 5
1295 6
1296 1
1297 16
1298 2
1299 1
1300 19
1301 0
1302 4
1303 16
1304 2
1305 14
1306 2
1307 9
1308 1
1309 3
1310 5
1311 36
1312 10
1313 2
1314 3
1315 1
1316 1
1317 0
1318 9
1319 2
1320 16
1321 2
1322 0
1323 9
1324 0
1325 10
1326 11
1327 0
1328 8
1329 0
1330 15
1331 0
1332 0
1333 12
1334 8
1335 10
1336 1
1337 0
1338 1
1339 8
1340 0
1341 1
1342 1
1343 1
1344 3
1345 0
1346 5
1347 3
1348 0
1349 10
1350 19
1351 17
1352 21
1353 7
1354 0
1355 9
1356 1
1357 11
1358 0
1359 8
1360 19
1361 0
1362 0
1363 20
1364 9
1365 2
1366 13
1367 1
1368 18
1369 2
1370 4
1371 0
1372 0
1373 7
1374 1
1375 8
1376 20
1377 0
1378 0
1379 6
1380 10
1381 2
1382 30
1383 8
1384 8
1385 13
1386 6
1387 0
1388 15
1389 0
1390 4
1391 1
1392 0
1393 10
1394 16
1395 6
1396 12
1397 5
1398 0
1399 2
1400 2
1401 3
1402 1
1403 0
1404 3
1405 1
1406 21
1407 4
1408 4
1409 4
1410 29
1411 0
1412 6
1413 1
1414 5
1415 1
1416 3
1417 0
1418 3
1419 1
1420 0
1421 4
1422 6
1423 2
1424 0
1425 10
1426 3
1427 5
1428 7
1429 0
1430 3
1431 0
1432 5
1433 0
1434 1
1435 2
1436 11
1437 3
1438 4
1439 0
1440 1
1441 5
1442 0
1443 4
1444 1
1445 4
1446 4
1447 4
1448 9
1449 5
1450 2
1451 1
1452 6
1453 16
1454 10
1455 10
1456 0
1457 0
1458 14
1459 1
1460 11
1461 0
1462 3
1463 0
1464 0
1465 4
1466 6
1467 31
1468 31
1469 13
1470 23
1471 3
1472 7
1473 1
1474 5
1475 1
1476 4
1477 11
1478 5
1479 4
1480 3
1481 18
1482 9
1483 10
1484 10
1485 4
1486 5
1487 14
1488 0
1489 1
1490 1
1491 8
1492 4
1493 2
1494 3
1495 26
1496 14
1497 0
1498 2
1499 0
1500 10
1501 8
1502 0
1503 0
1504 2
1505 0
1506 7
1507 75
1508 20
1509 8
1510 0
1511 12
1512 2
1513 0
1514 2
1515 2
1516 2
1517 2
1518 3
1519 0
1520 5
1521 17
1522 10
1523 23
1524 5
1525 39
1526 1
1527 0
1528 24
1529 2
1530 5
1531 0
1532 5
1533 4
1534 0
1535 5
1536 11
1537 5
1538 0
1539 2
1540 1
1541 0
1542 0
1543 1
1544 5
1545 11
1546 4
1547 0
1548 2
1549 4
1550 0
1551 6
1552 15
1553 0
1554 23
1555 7
1556 0
1557 1
1558 0
1559 0
1560 0
1561 1
1562 24
1563 6
1564 11
1565 0
1566 11
1567 0
1568 1
1569 3
1570 0
1571 30
1572 4
1573 2
1574 7
1575 7
1576 0
1577 4
1578 19
1579 10
1580 0
1581 1
1582 1
1583 2
1584 8
1585 0
1586 3
1587 5
1588 2
1589 4
1590 5
1591 8
1592 8
1593 6
1594 3
1595 2
1596 22
1597 0
