1 1
2 0
3 3
4 8
5 11
6 13
7 0
8 2
9 15
10 0
11 0
12 13
13 2
14 0
15 0
16 11
17 11
18 7
19 0
20 0
21 6
22 0
23 0
24 51
25 15
26 38
27 16
28 5
29 19
30 8
31 17
32 6
33 4
34 13
35 21
36 12
37 12
38 10
39 52
40 24
41 2
42 3
43 9
44 13
45 2
46 0
47 0
48 20
49 7
50 38
51 28
52 0
53 4
54 5
55 0
56 22
57 0
58 32
59 20
60 70
61 33
62 42
63 5
64 2
65 25
66 31
67 3
68 0
69 12
70 17
71 1
72 62
73 91
74 33
75 65
76 7
77 22
78 11
79 28
80 6
81 14
82 1
83 6
84 15
85 8
86 10
87 6
88 1
89 25
90 13
91 2
92 0
93 5
94 6
95 10
96 25
97 1
98 3
99 14
100 8
101 1
102 0
103 15
104 0
105 0
106 7
107 6
108 22
109 6
110 1
111 4
112 53
113 1
114 1
115 2
116 13
117 15
118 22
119 16
120 19
121 6
122 1
123 6
124 35
125 2
126 22
127 32
128 3
129 9
130 5
131 12
132 31
133 4
134 2
135 0
136 6
137 4
138 18
139 11
140 23
141 16
142 4
143 0
144 13
145 8
146 5
147 7
148 12
149 5
150 10
151 7
152 1
153 1
154 5
155 0
156 1
157 4
158 12
159 15
160 4
161 6
162 3
163 17
164 6
165 28
166 7
167 13
168 11
169 9
170 1
171 2
172 9
173 2
174 11
175 32
176 5
177 6
178 5
179 13
180 22
181 19
182 17
183 19
184 17
185 5
186 13
187 2
188 74
189 17
190 3
191 4
192 2
193 18
194 42
195 8
196 0
197 0
198 5
199 2
200 5
201 0
202 1
203 3
204 0
205 5
206 7
207 6
208 15
209 22
210 5
211 10
212 0
213 4
214 1
215 5
216 2
217 20
218 24
219 16
220 29
221 6
222 39
223 1
224 0
225 7
226 0
227 2
228 3
229 13
230 13
231 4
232 30
233 7
234 0
235 6
236 49
237 31
238 6
239 32
240 18
241 5
242 0
243 26
244 2
245 3
246 20
247 36
248 21
249 10
250 6
251 0
252 6
253 3
254 3
255 0
256 12
257 15
258 10
259 0
260 26
261 1
262 2
263 16
264 16
265 10
266 0
267 16
268 4
269 6
270 7
271 16
272 23
273 0
274 0
275 43
276 0
277 8
278 1
279 0
280 15
281 34
282 0
283 25
284 4
285 0
286 1
287 15
288 10
289 6
290 15
291 9
292 4
293 20
294 8
295 3
296 1
297 0
298 6
299 0
300 4
301 0
302 20
303 13
304 9
305 2
306 3
307 38
308 14
309 19
310 0
311 43
312 11
313 28
314 38
315 33
316 34
317 0
318 26
319 2
320 33
321 13
322 1
323 19
324 16
325 8
326 5
327 13
328 14
329 4
330 6
331 3
332 4
333 19
334 1
335 25
336 0
337 58
338 25
339 2
340 2
341 17
342 21
343 17
344 45
345 42
346 19
347 9
348 6
349 0
350 17
351 10
352 8
353 31
354 0
355 59
356 19
357 1
358 12
359 5
360 0
361 9
362 20
363 0
364 28
365 3
366 5
367 22
368 0
369 1
370 9
371 28
372 0
373 0
374 14
375 10
376 3
377 11
378 58
379 14
380 11
381 1
382 0
383 1
384 15
385 13
386 17
387 92
388 43
389 28
390 2
391 39
392 14
393 12
394 6
395 14
396 5
397 22
398 30
399 4
400 24
401 24
402 12
403 0
404 1
405 27
406 31
407 6
408 18
409 3
410 26
411 29
412 4
413 18
414 3
415 28
416 15
417 0
418 56
419 21
420 15
421 26
422 29
423 3
424 2
425 32
426 6
427 21
428 1
429 0
430 4
431 16
432 23
433 17
434 0
435 6
436 13
437 5
438 9
439 27
440 11
441 24
442 9
443 13
444 0
445 0
446 72
447 4
448 11
449 6
450 6
451 9
452 14
453 13
454 13
455 29
456 65
457 17
458 2
459 21
460 12
461 4
462 12
463 65
464 13
465 8
466 29
467 3
468 9
469 0
470 18
471 13
472 20
473 16
474 12
475 31
476 25
477 1
478 23
479 4
480 3
481 4
482 9
483 0
484 1
485 16
486 5
487 1
488 1
489 13
490 2
491 15
492 2
493 5
494 9
495 14
496 3
497 2
498 28
499 18
500 0
501 5
502 6
503 2
504 0
505 17
506 6
507 2
508 15
509 14
510 2
511 5
512 0
513 41
514 2
515 12
516 0
517 12
518 7
519 0
520 9
521 0
522 17
523 27
524 0
525 20
526 12
527 5
528 0
529 0
530 5
531 0
532 7
533 10
534 1
535 7
536 4
537 2
538 2
539 9
540 9
541 31
542 5
543 6
544 48
545 3
546 0
547 8
548 0
549 71
550 4
551 0
552 5
553 14
554 18
555 2
556 11
557 9
558 8
559 33
560 6
561 9
562 10
563 6
564 15
565 0
566 0
567 11
568 11
569 1
570 13
571 45
572 16
573 25
574 11
575 4
576 6
577 6
578 7
579 5
580 7
581 7
582 3
583 6
584 13
585 4
586 2
587 5
588 9
589 5
590 10
591 6
592 40
593 1
594 12
595 14
596 24
597 7
598 24
599 14
600 10
601 4
602 0
603 0
604 9
605 26
606 12
607 20
608 17
609 2
610 6
611 26
612 2
613 3
614 22
615 19
616 24
617 12
618 5
619 1
620 0
621 26
622 7
623 27
624 7
625 14
626 17
627 51
628 16
629 18
630 24
631 10
632 9
633 13
634 12
635 17
636 2
637 25
638 29
639 4
640 0
641 9
642 24
643 27
644 0
645 43
646 5
647 23
648 12
649 6
650 2
651 42
652 12
653 4
654 12
655 34
656 15
657 1
658 16
659 3
660 37
661 13
662 17
663 1
664 3
665 12
666 6
667 13
668 4
669 23
670 6
671 16
672 12
673 10
674 18
675 2
676 13
677 17
678 52
679 22
680 39
681 50
682 10
683 21
684 11
685 4
686 75
687 36
688 5
689 18
690 6
691 0
692 22
693 4
694 63
695 1
696 146
697 41
698 11
699 9
700 0
701 0
702 2
703 29
704 29
705 3
706 23
707 7
708 5
709 9
710 10
711 43
712 0
713 35
714 4
715 12
716 9
717 5
718 0
719 1
720 23
721 4
722 6
723 60
724 0
725 0
726 2
727 0
728 2
729 5
730 4
731 15
732 22
733 27
734 42
735 0
736 7
737 3
738 8
739 6
740 1
741 0
742 29
743 3
744 89
745 2
746 8
747 9
748 14
749 11
750 11
751 34
752 17
753 3
754 54
755 14
756 13
757 1
758 79
759 3
760 5
761 49
762 0
763 31
764 34
765 20
766 9
767 4
768 33
769 1
770 14
771 0
772 0
773 5
774 2
775 32
776 3
777 25
778 19
779 40
780 1
781 0
782 0
783 20
784 5
785 0
786 20
787 22
788 13
789 7
790 5
791 19
792 2
793 13
794 6
795 16
796 62
797 6
798 29
799 12
800 3
801 18
802 11
803 11
804 16
805 1
806 2
807 0
808 5
809 1
810 4
811 16
812 18
813 0
814 12
815 46
816 4
817 22
818 27
819 7
820 18
821 3
822 38
823 4
824 12
825 19
826 28
827 13
828 0
829 19
830 20
831 11
832 14
833 3
834 0
835 17
836 5
837 39
838 47
839 11
840 3
841 2
842 11
843 25
844 6
845 2
846 22
847 37
848 33
849 83
850 55
851 43
852 6
853 6
854 0
855 12
856 23
857 6
858 2
859 3
860 8
861 32
862 0
863 11
864 18
865 5
866 6
867 33
868 3
869 5
870 8
871 20
872 5
873 9
874 52
875 11
876 1
877 14
878 13
879 12
880 2
881 3
882 0
883 0
884 22
885 6
886 2
887 17
888 3
889 0
890 0
891 3
892 2
893 8
894 10
895 17
896 0
897 0
898 6
899 1
900 7
901 3
902 0
903 0
904 0
905 7
906 10
907 5
908 9
909 0
910 2
911 0
912 7
913 14
914 0
915 8
916 13
917 9
918 4
919 40
920 8
921 3
922 12
923 3
924 16
925 32
926 1
927 5
928 2
929 3
930 6
931 11
932 0
933 8
934 5
935 2
936 22
937 1
938 6
939 5
940 1
941 0
942 16
943 8
944 0
945 3
946 1
947 10
948 2
949 12
950 4
951 0
952 6
953 0
954 2
955 2
956 95
957 39
958 37
959 6
960 20
961 11
962 5
963 2
964 15
965 5
966 16
967 6
968 0
969 0
970 14
971 3
972 3
973 6
974 29
975 11
976 17
977 25
978 1
979 0
980 7
981 1
982 8
983 1
984 47
985 18
986 39
987 1
988 24
989 0
990 38
991 35
992 21
993 9
994 20
995 12
996 9
997 23
998 23
999 1
1000 0
1001 11
1002 62
1003 1
1004 15
1005 1
1006 27
1007 3
1008 51
1009 48
1010 4
1011 3
1012 57
1013 17
1014 33
1015 25
1016 17
1017 14
1018 2
1019 31
1020 3
1021 33
1022 0
1023 0
1024 1
1025 3
1026 4
1027 12
1028 6
1029 6
1030 9
1031 6
1032 46
1033 34
1034 14
1035 17
1036 38
1037 31
1038 3
1039 1
1040 5
1041 1
1042 26
1043 0
1044 2
1045 37
1046 14
1047 4
1048 12
1049 3
1050 5
1051 29
1052 30
1053 10
1054 21
1055 8
1056 8
1057 0
1058 25
1059 28
1060 14
1061 18
1062 0
1063 3
1064 13
1065 2
1066 20
1067 2
1068 7
1069 0
1070 0
1071 50
1072 5
1073 5
1074 28
1075 29
1076 28
1077 19
1078 6
1079 4
1080 31
1081 34
1082 13
1083 42
1084 17
1085 9
1086 0
1087 25
1088 39
1089 0
1090 9
1091 17
1092 3
1093 24
1094 35
1095 34
1096 30
1097 7
1098 35
1099 25
1100 2
1101 5
1102 2
1103 22
1104 67
1105 23
1106 38
1107 65
1108 15
1109 12
1110 0
1111 33
1112 0
1113 7
1114 7
1115 15
1116 1
1117 6
1118 8
1119 0
1120 1
1121 0
1122 2
1123 0
1124 4
1125 0
1126 15
1127 1
1128 2
1129 4
1130 7
1131 50
1132 8
1133 3
1134 1
1135 3
1136 0
1137 4
1138 8
1139 1
1140 0
1141 0
1142 11
1143 0
1144 6
1145 0
1146 9
1147 2
1148 3
1149 33
1150 7
1151 13
1152 23
1153 0
1154 5
1155 1
1156 20
1157 1
1158 0
1159 16
1160 1
1161 25
1162 15
1163 10
1164 5
1165 2
1166 4
1167 3
1168 17
1169 0
1170 24
1171 0
1172 0
1173 2
1174 5
1175 4
1176 2
1177 14
1178 4
1179 7
1180 12
1181 21
1182 5
1183 3
1184 56
1185 1
1186 8
1187 5
1188 0
1189 24
1190 25
1191 7
1192 17
1193 23
1194 15
1195 0
1196 2
1197 1
1198 2
1199 28
1200 17
1201 14
1202 5
1203 0
1204 19
1205 0
1206 8
1207 13
1208 2
1209 10
1210 1
1211 4
1212 5
1213 0
1214 2
1215 0
1216 21
1217 44
1218 7
1219 24
1220 0
1221 4
1222 30
1223 22
1224 4
1225 1
1226 0
1227 1
1228 8
1229 1
1230 25
1231 23
1232 3
1233 19
1234 9
1235 8
1236 19
1237 8
1238 44
1239 21
1240 8
1241 7
1242 11
1243 6
1244 14
1245 1
1246 7
1247 21
1248 1
1249 2
1250 14
1251 1
1252 4
1253 0
1254 0
1255 14
1256 3
1257 5
1258 2
1259 2
1260 11
1261 39
1262 6
1263 41
1264 23
1265 43
1266 12
1267 19
1268 7
1269 0
1270 0
1271 9
1272 13
1273 47
1274 8
1275 25
1276 5
1277 1
1278 14
1279 4
1280 13
1281 17
1282 4
1283 0
1284 13
1285 3
1286 18
1287 0
1288 4
1289 5
1290 0
1291 9
1292 4
1293 18
1294 5
1295 60
1296 6
1297 70
1298 6
1299 0
1300 23
1301 5
1302 11
1303 57
1304 0
1305 5
1306 2
1307 45
1308 8
1309 8
1310 18
1311 30
1312 16
1313 5
1314 17
1315 3
1316 0
1317 6
1318 26
1319 8
1320 26
1321 3
1322 6
1323 8
1324 0
1325 9
1326 8
1327 0
1328 12
1329 2
1330 15
1331 1
1332 0
1333 2
1334 7
1335 40
1336 0
1337 0
1338 41
1339 36
1340 8
1341 4
1342 11
1343 0
1344 46
1345 4
1346 7
1347 11
1348 3
1349 10
1350 29
1351 12
1352 15
1353 4
1354 0
1355 11
1356 13
1357 7
1358 0
1359 66
1360 16
1361 0
1362 3
1363 16
1364 16
1365 5
1366 7
1367 5
1368 24
1369 20
1370 20
1371 0
1372 7
1373 4
1374 34
1375 25
1376 49
1377 0
1378 20
1379 51
1380 13
1381 9
1382 3
1383 26
1384 16
1385 3
1386 46
1387 17
1388 29
1389 12
1390 5
1391 0
1392 0
1393 0
1394 12
1395 8
1396 17
1397 6
1398 2
1399 17
1400 12
1401 7
1402 13
1403 11
1404 23
1405 10
1406 0
1407 21
1408 1
1409 19
1410 13
1411 14
1412 8
1413 8
1414 0
1415 6
1416 1
1417 0
1418 0
1419 2
1420 4
1421 3
1422 33
1423 6
1424 0
1425 38
1426 5
1427 1
1428 4
1429 0
1430 24
1431 10
1432 24
1433 0
1434 5
1435 27
1436 34
1437 7
1438 28
1439 1
1440 17
1441 2
1442 0
1443 30
1444 0
1445 11
1446 3
1447 18
1448 6
1449 20
1450 37
1451 6
1452 2
1453 15
1454 26
1455 51
1456 9
1457 3
1458 18
1459 20
1460 33
1461 2
1462 2
1463 10
1464 4
1465 32
1466 9
1467 32
1468 20
1469 43
1470 26
1471 21
1472 26
1473 12
1474 19
1475 31
1476 18
1477 29
1478 12
1479 16
1480 0
1481 18
1482 3
1483 11
1484 7
1485 8
1486 21
1487 30
1488 2
1489 2
1490 20
1491 15
1492 10
1493 0
1494 12
1495 58
1496 5
1497 2
1498 0
1499 0
1500 16
1501 8
1502 6
1503 2
1504 10
1505 2
1506 0
1507 4
1508 64
1509 6
1510 5
1511 11
1512 8
1513 1
1514 4
1515 3
1516 2
1517 2
1518 7
1519 12
1520 22
1521 10
1522 31
1523 38
1524 0
1525 4
1526 0
1527 6
1528 16
1529 2
1530 1
1531 0
1532 6
1533 0
1534 0
1535 12
1536 21
1537 44
1538 0
1539 7
1540 11
1541 1
1542 0
1543 0
1544 10
1545 0
1546 2
1547 1
1548 6
1549 5
1550 1
1551 3
1552 10
1553 1
1554 14
1555 33
1556 0
1557 3
1558 2
1559 0
1560 1
1561 4
1562 27
1563 3
1564 1
1565 3
1566 5
1567 0
1568 5
1569 5
1570 0
1571 1
1572 11
1573 0
1574 5
1575 3
1576 5
1577 8
1578 16
1579 13
1580 0
1581 1
1582 0
1583 1
1584 0
1585 3
1586 3
1587 10
1588 0
1589 3
1590 12
1591 7
1592 14
1593 3
1594 9
1595 22
1596 70
1597 13
