1 0
2 0
3 3
4 9
5 49
6 35
7 0
8 4
9 2
10 0
11 0
12 7
13 3
14 7
15 1
16 8
17 9
18 4
19 1
20 2
21 3
22 2
23 1
24 24
25 33
26 2
27 9
28 11
29 14
30 0
31 14
32 42
33 2
34 6
35 21
36 3
37 24
38 8
39 14
40 4
41 21
42 2
43 1
44 0
45 1
46 0
47 0
48 17
49 4
50 9
51 17
52 3
53 3
54 2
55 0
56 6
57 0
58 13
59 20
60 25
61 31
62 16
63 1
64 0
65 67
66 5
67 0
68 2
69 9
70 6
71 0
72 34
73 7
74 34
75 35
76 34
77 14
78 11
79 11
80 6
81 40
82 0
83 18
84 3
85 25
86 10
87 0
88 3
89 4
90 17
91 4
92 6
93 23
94 22
95 7
96 9
97 0
98 9
99 3
100 5
101 2
102 3
103 38
104 3
105 0
106 10
107 0
108 7
109 3
110 0
111 2
112 15
113 2
114 2
115 8
116 13
117 4
118 9
119 5
120 7
121 1
122 4
123 4
124 6
125 2
126 13
127 0
128 22
129 13
130 26
131 26
132 6
133 26
134 3
135 9
136 10
137 1
138 7
139 8
140 4
141 8
142 0
143 0
144 24
145 10
146 18
147 13
148 9
149 6
150 0
151 22
152 7
153 5
154 7
155 2
156 0
157 7
158 21
159 18
160 5
161 4
162 5
163 13
164 0
165 2
166 1
167 4
168 13
169 9
170 0
171 0
172 14
173 1
174 6
175 5
176 5
177 18
178 5
179 15
180 11
181 2
182 1
183 21
184 0
185 0
186 4
187 1
188 22
189 0
190 0
191 5
192 2
193 14
194 14
195 2
196 3
197 0
198 0
199 0
200 2
201 2
202 7
203 1
204 7
205 2
206 20
207 2
208 5
209 23
210 3
211 6
212 2
213 0
214 11
215 2
216 6
217 13
218 23
219 15
220 8
221 1
222 5
223 2
224 4
225 14
226 1
227 1
228 6
229 2
230 5
231 3
232 5
233 33
234 0
235 14
236 6
237 10
238 5
239 11
240 11
241 4
242 2
243 4
244 3
245 0
246 2
247 3
248 47
249 3
250 9
251 0
252 0
253 13
254 38
255 2
256 49
257 10
258 6
259 8
260 25
261 5
262 0
263 39
264 14
265 18
266 1
267 3
268 0
269 1
270 0
271 20
272 5
273 0
274 0
275 50
276 9
277 5
278 2
279 1
280 3
281 8
282 4
283 49
284 19
285 2
286 2
287 11
288 7
289 5
290 10
291 5
292 4
293 7
294 0
295 5
296 10
297 0
298 6
299 1
300 3
301 4
302 12
303 39
304 1
305 16
306 0
307 35
308 56
309 16
310 0
311 12
312 0
313 65
314 14
315 8
316 9
317 0
318 15
319 5
320 10
321 8
322 0
323 41
324 12
325 0
326 3
327 6
328 65
329 0
330 4
331 10
332 7
333 30
334 5
335 7
336 1
337 13
338 10
339 5
340 8
341 20
342 18
343 9
344 33
345 5
346 6
347 7
348 0
349 0
350 1
351 19
352 9
353 6
354 1
355 12
356 11
357 1
358 27
359 11
360 12
361 7
362 2
363 0
364 12
365 0
366 10
367 13
368 0
369 0
370 2
371 16
372 5
373 0
374 4
375 3
376 6
377 16
378 39
379 23
380 17
381 13
382 2
383 9
384 0
385 27
386 2
387 30
388 2
389 25
390 3
391 4
392 6
393 5
394 5
395 23
396 1
397 55
398 6
399 0
400 11
401 22
402 5
403 0
404 4
405 13
406 15
407 0
408 4
409 0
410 14
411 7
412 1
413 14
414 1
415 27
416 4
417 0
418 6
419 9
420 8
421 14
422 2
423 1
424 0
425 14
426 2
427 8
428 4
429 2
430 5
431 3
432 15
433 18
434 1
435 1
436 2
437 2
438 2
439 21
440 15
441 9
442 3
443 13
444 0
445 1
446 8
447 1
448 9
449 6
450 1
451 5
452 4
453 16
454 0
455 3
456 3
457 9
458 3
459 32
460 0
461 7
462 2
463 2
464 5
465 1
466 6
467 6
468 2
469 0
470 13
471 6
472 2
473 8
474 4
475 23
476 6
477 12
478 1
479 0
480 3
481 5
482 2
483 0
484 2
485 5
486 1
487 1
488 4
489 8
490 38
491 6
492 1
493 1
494 21
495 16
496 3
497 11
498 19
499 20
500 4
501 9
502 12
503 4
504 1
505 8
506 3
507 1
508 3
509 10
510 6
511 0
512 1
513 10
514 6
515 22
516 1
517 1
518 0
519 5
520 2
521 16
522 27
523 22
524 1
525 2
526 1
527 0
528 7
529 1
530 7
531 9
532 7
533 29
534 0
535 28
536 3
537 11
538 0
539 27
540 14
541 1
542 0
543 15
544 20
545 1
546 9
547 9
548 1
549 9
550 3
551 11
552 2
553 41
554 29
555 11
556 11
557 13
558 33
559 11
560 16
561 91
562 10
563 6
564 5
565 1
566 2
567 7
568 6
569 9
570 3
571 8
572 15
573 30
574 10
575 6
576 8
577 9
578 15
579 13
580 10
581 1
582 4
583 2
584 26
585 6
586 16
587 0
588 12
589 0
590 5
591 10
592 6
593 0
594 4
595 48
596 24
597 18
598 7
599 1
600 7
601 2
602 0
603 13
604 13
605 10
606 8
607 7
608 3
609 0
610 2
611 14
612 0
613 1
614 7
615 113
616 12
617 3
618 8
619 4
620 0
621 0
622 7
623 52
624 3
625 0
626 1
627 11
628 5
629 8
630 41
631 7
632 6
633 14
634 8
635 19
636 0
637 27
638 3
639 3
640 0
641 17
642 4
643 10
644 0
645 19
646 2
647 3
648 1
649 5
650 1
651 15
652 0
653 2
654 7
655 3
656 3
657 6
658 5
659 5
660 18
661 4
662 3
663 2
664 3
665 9
666 2
667 9
668 7
669 17
670 4
671 10
672 5
673 15
674 12
675 1
676 15
677 25
678 1
679 1
680 7
681 5
682 2
683 7
684 3
685 2
686 23
687 8
688 9
689 9
690 4
691 0
692 8
693 5
694 4
695 5
696 18
697 16
698 27
699 7
700 1
701 9
702 8
703 10
704 27
705 15
706 17
707 0
708 0
709 9
710 3
711 19
712 3
713 13
714 0
715 21
716 28
717 7
718 2
719 18
720 5
721 0
722 3
723 18
724 1
725 6
726 32
727 8
728 2
729 74
730 5
731 0
732 0
733 10
734 22
735 0
736 1
737 32
738 8
739 16
740 1
741 0
742 6
743 2
744 11
745 0
746 1
747 8
748 16
749 5
750 20
751 34
752 6
753 1
754 6
755 2
756 3
757 3
758 18
759 13
760 2
761 4
762 3
763 10
764 4
765 24
766 25
767 0
768 24
769 0
770 0
771 0
772 0
773 14
774 2
775 22
776 0
777 15
778 7
779 15
780 5
781 0
782 6
783 0
784 6
785 4
786 10
787 20
788 37
789 43
790 10
791 4
792 1
793 32
794 21
795 24
796 32
797 34
798 25
799 0
800 7
801 0
802 26
803 7
804 14
805 7
806 1
807 3
808 14
809 18
810 1
811 5
812 5
813 8
814 1
815 14
816 1
817 3
818 108
819 17
820 22
821 11
822 10
823 4
824 3
825 16
826 17
827 12
828 8
829 23
830 43
831 8
832 12
833 11
834 5
835 17
836 6
837 29
838 7
839 0
840 5
841 0
842 5
843 20
844 19
845 2
846 10
847 41
848 15
849 9
850 13
851 6
852 0
853 5
854 1
855 4
856 30
857 1
858 14
859 1
860 6
861 11
862 1
863 9
864 4
865 1
866 10
867 44
868 5
869 4
870 3
871 5
872 7
873 0
874 25
875 5
876 2
877 8
878 23
879 5
880 1
881 5
882 2
883 0
884 3
885 5
886 7
887 18
888 0
889 0
890 5
891 3
892 2
893 5
894 6
895 20
896 6
897 0
898 14
899 0
900 4
901 3
902 7
903 2
904 2
905 4
906 0
907 2
908 6
909 0
910 0
911 0
912 4
913 4
914 14
915 69
916 13
917 6
918 4
919 28
920 5
921 44
922 9
923 13
924 0
925 14
926 1
927 6
928 13
929 3
930 0
931 2
932 1
933 5
934 2
935 0
936 10
937 1
938 6
939 3
940 0
941 11
942 5
943 7
944 1
945 5
946 7
947 10
948 11
949 7
950 7
951 0
952 1
953 1
954 4
955 1
956 14
957 4
958 12
959 6
960 2
961 3
962 0
963 2
964 0
965 5
966 7
967 6
968 0
969 6
970 4
971 0
972 0
973 0
974 6
975 9
976 13
977 18
978 5
979 1
980 0
981 1
982 0
983 0
984 14
985 38
986 5
987 0
988 31
989 0
990 4
991 15
992 21
993 0
994 9
995 22
996 4
997 19
998 11
999 2
1000 3
1001 13
1002 21
1003 0
1004 5
1005 2
1006 10
1007 0
1008 11
1009 5
1010 2
1011 0
1012 18
1013 0
1014 17
1015 6
1016 12
1017 7
1018 1
1019 0
1020 1
1021 2
1022 1
1023 0
1024 3
1025 0
1026 0
1027 37
1028 0
1029 5
1030 2
1031 2
1032 22
1033 7
1034 32
1035 17
1036 9
1037 7
1038 3
1039 22
1040 3
1041 1
1042 5
1043 2
1044 2
1045 7
1046 6
1047 8
1048 25
1049 0
1050 0
1051 7
1052 13
1053 4
1054 13
1055 0
1056 14
1057 0
1058 12
1059 56
1060 4
1061 12
1062 0
1063 8
1064 8
1065 1
1066 13
1067 2
1068 9
1069 6
1070 2
1071 14
1072 1
1073 4
1074 3
1075 9
1076 18
1077 6
1078 13
1079 10
1080 0
1081 4
1082 9
1083 28
1084 14
1085 8
1086 0
1087 32
1088 0
1089 12
1090 7
1091 5
1092 0
1093 32
1094 17
1095 7
1096 7
1097 11
1098 11
1099 6
1100 0
1101 9
1102 5
1103 12
1104 19
1105 33
1106 5
1107 7
1108 12
1109 1
1110 0
1111 4
1112 18
1113 6
1114 14
1115 7
1116 4
1117 2
1118 0
1119 0
1120 15
1121 10
1122 2
1123 3
1124 14
1125 3
1126 40
1127 6
1128 4
1129 2
1130 21
1131 48
1132 0
1133 21
1134 3
1135 4
1136 4
1137 7
1138 4
1139 2
1140 7
1141 1
1142 6
1143 2
1144 1
1145 0
1146 8
1147 8
1148 1
1149 3
1150 9
1151 15
1152 12
1153 3
1154 33
1155 7
1156 17
1157 0
1158 3
1159 24
1160 0
1161 7
1162 2
1163 4
1164 19
1165 9
1166 10
1167 22
1168 6
1169 3
1170 13
1171 2
1172 6
1173 8
1174 3
1175 5
1176 4
1177 111
1178 37
1179 10
1180 11
1181 3
1182 8
1183 15
1184 22
1185 1
1186 2
1187 6
1188 1
1189 16
1190 19
1191 10
1192 45
1193 10
1194 9
1195 10
1196 4
1197 5
1198 1
1199 26
1200 4
1201 9
1202 8
1203 0
1204 38
1205 7
1206 0
1207 10
1208 20
1209 2
1210 3
1211 7
1212 12
1213 0
1214 14
1215 20
1216 12
1217 3
1218 2
1219 9
1220 0
1221 5
1222 41
1223 17
1224 12
1225 3
1226 14
1227 4
1228 15
1229 6
1230 11
1231 15
1232 2
1233 16
1234 6
1235 8
1236 9
1237 17
1238 24
1239 19
1240 0
1241 4
1242 1
1243 1
1244 4
1245 0
1246 10
1247 10
1248 2
1249 5
1250 7
1251 18
1252 0
1253 7
1254 1
1255 1
1256 1
1257 9
1258 8
1259 2
1260 3
1261 24
1262 0
1263 38
1264 5
1265 28
1266 12
1267 4
1268 6
1269 0
1270 13
1271 5
1272 56
1273 14
1274 2
1275 56
1276 70
1277 16
1278 29
1279 0
1280 4
1281 38
1282 7
1283 3
1284 11
1285 3
1286 12
1287 0
1288 8
1289 27
1290 0
1291 32
1292 0
1293 12
1294 2
1295 20
1296 17
1297 122
1298 3
1299 0
1300 8
1301 1
1302 15
1303 20
1304 0
1305 1
1306 0
1307 17
1308 10
1309 3
1310 31
1311 15
1312 15
1313 3
1314 8
1315 5
1316 6
1317 3
1318 9
1319 1
1320 40
1321 7
1322 6
1323 13
1324 1
1325 0
1326 9
1327 0
1328 12
1329 1
1330 12
1331 0
1332 6
1333 23
1334 0
1335 21
1336 7
1337 1
1338 7
1339 17
1340 7
1341 4
1342 5
1343 2
1344 19
1345 4
1346 10
1347 2
1348 2
1349 8
1350 43
1351 7
1352 13
1353 7
1354 0
1355 3
1356 2
1357 6
1358 4
1359 12
1360 3
1361 4
1362 3
1363 5
1364 8
1365 6
1366 3
1367 1
1368 11
1369 10
1370 14
1371 14
1372 6
1373 3
1374 6
1375 8
1376 4
1377 1
1378 6
1379 37
1380 8
1381 4
1382 14
1383 10
1384 11
1385 5
1386 19
1387 35
1388 6
1389 6
1390 1
1391 17
1392 0
1393 0
1394 9
1395 9
1396 5
1397 7
1398 3
1399 0
1400 20
1401 6
1402 4
1403 2
1404 11
1405 5
1406 0
1407 12
1408 0
1409 10
1410 12
1411 0
1412 7
1413 11
1414 4
1415 19
1416 3
1417 0
1418 18
1419 0
1420 0
1421 3
1422 15
1423 5
1424 0
1425 26
1426 0
1427 2
1428 9
1429 0
1430 8
1431 15
1432 12
1433 7
1434 1
1435 17
1436 41
1437 5
1438 1
1439 1
1440 9
1441 2
1442 0
1443 18
1444 0
1445 4
1446 20
1447 5
1448 14
1449 1
1450 38
1451 2
1452 7
1453 14
1454 7
1455 15
1456 18
1457 0
1458 2
1459 14
1460 2
1461 0
1462 1
1463 2
1464 7
1465 22
1466 22
1467 14
1468 16
1469 7
1470 9
1471 5
1472 26
1473 2
1474 10
1475 7
1476 17
1477 5
1478 0
1479 8
1480 10
1481 4
1482 23
1483 7
1484 20
1485 5
1486 5
1487 19
1488 0
1489 2
1490 22
1491 27
1492 2
1493 0
1494 7
1495 18
1496 0
1497 0
1498 0
1499 0
1500 23
1501 4
1502 0
1503 0
1504 14
1505 6
1506 0
1507 9
1508 30
1509 10
1510 11
1511 5
1512 6
1513 0
1514 28
1515 3
1516 0
1517 0
1518 3
1519 1
1520 8
1521 10
1522 5
1523 8
1524 1
1525 39
1526 3
1527 14
1528 32
1529 9
1530 3
1531 0
1532 0
1533 1
1534 0
1535 16
1536 14
1537 17
1538 0
1539 1
1540 0
1541 0
1542 0
1543 3
1544 0
1545 1
1546 4
1547 8
1548 16
1549 3
1550 0
1551 4
1552 7
1553 1
1554 7
1555 8
1556 0
1557 1
1558 1
1559 0
1560 0
1561 3
1562 13
1563 5
1564 5
1565 3
1566 2
1567 0
1568 3
1569 2
1570 0
1571 21
1572 16
1573 0
1574 1
1575 10
1576 14
1577 4
1578 12
1579 21
1580 0
1581 25
1582 0
1583 3
1584 18
1585 17
1586 12
1587 3
1588 7
1589 4
1590 2
1591 1
1592 34
1593 3
1594 1
1595 6
1596 36
1597 7
