1 0
2 1
3 11
4 18
5 16
6 15
7 0
8 1
9 16
10 0
11 0
12 3
13 7
14 2
15 5
16 14
17 8
18 22
19 16
20 2
21 19
22 18
23 12
24 89
25 23
26 14
27 14
28 20
29 18
30 49
31 49
32 38
33 17
34 38
35 65
36 23
37 25
38 27
39 22
40 35
41 17
42 16
43 47
44 17
45 29
46 18
47 39
48 34
49 19
50 30
51 77
52 19
53 16
54 29
55 5
56 49
57 10
58 71
59 37
60 100
61 112
62 78
63 26
64 16
65 31
66 21
67 8
68 19
69 20
70 32
71 5
72 18
73 9
74 8
75 32
76 10
77 8
78 3
79 24
80 15
81 27
82 7
83 5
84 15
85 79
86 14
87 21
88 6
89 14
90 24
91 75
92 4
93 59
94 10
95 6
96 54
97 24
98 5
99 39
100 8
101 8
102 1
103 17
104 1
105 13
106 6
107 7
108 52
109 5
110 10
111 11
112 48
113 17
114 45
115 10
116 55
117 18
118 17
119 18
120 44
121 13
122 10
123 23
124 50
125 32
126 40
127 2
128 13
129 12
130 9
131 25
132 16
133 19
134 27
135 16
136 29
137 18
138 41
139 10
140 20
141 57
142 13
143 66
144 5
145 23
146 50
147 45
148 44
149 22
150 12
151 27
152 34
153 24
154 34
155 7
156 16
157 6
158 33
159 20
160 70
161 33
162 10
163 21
164 24
165 37
166 56
167 14
168 9
169 33
170 9
171 13
172 9
173 68
174 37
175 88
176 27
177 49
178 39
179 96
180 75
181 33
182 11
183 32
184 15
185 16
186 10
187 9
188 33
189 11
190 15
191 42
192 37
193 28
194 19
195 29
196 10
197 43
198 14
199 23
200 29
201 98
202 56
203 17
204 124
205 14
206 26
207 22
208 53
209 61
210 20
211 20
212 39
213 22
214 42
215 16
216 9
217 35
218 49
219 36
220 23
221 35
222 51
223 63
224 12
225 116
226 9
227 32
228 21
229 10
230 43
231 88
232 35
233 92
234 17
235 37
236 31
237 63
238 35
239 78
240 41
241 37
242 8
243 25
244 6
245 31
246 40
247 23
248 3
249 17
250 46
251 29
252 7
253 31
254 51
255 62
256 15
257 51
258 49
259 22
260 49
261 26
262 3
263 62
264 13
265 62
266 26
267 63
268 18
269 15
270 9
271 60
272 12
273 12
274 9
275 65
276 14
277 182
278 892
279 68
280 16
281 60
282 22
283 51
284 48
285 24
286 178
287 349
288 296
289 12
290 553
291 710
292 119
293 129
294 150
295 235
296 38
297 142
298 62
299 419
300 208
301 161
302 17
303 29
304 149
305 64
306 196
307 666
308 449
309 226
310 456
311 91
312 155
313 121
314 275
315 184
316 195
317 139
318 164
319 194
320 42
321 67
322 434
323 308
324 105
325 42
326 96
327 151
328 36
329 48
330 6
331 7
332 37
333 81
334 55
335 65
336 111
337 29
338 9
339 42
340 32
341 9
342 18
343 27
344 43
345 14
346 32
347 15
348 37
349 56
350 2
351 24
352 20
353 8
354 3
355 30
356 11
357 3
358 11
359 10
360 7
361 14
362 2
363 282
364 209
365 191
366 249
367 130
368 221
369 769
370 315
371 753
372 49
373 104
374 54
375 5
376 6
377 33
378 24
379 24
380 47
381 30
382 14
383 18
384 34
385 30
386 16
387 75
388 11
389 44
390 16
391 54
392 44
393 17
394 8
395 40
396 20
397 27
398 30
399 2
400 38
401 62
402 11
403 24
404 14
405 14
406 15
407 9
408 9
409 12
410 6
411 12
412 1
413 24
414 11
415 36
416 35
417 17
418 41
419 52
420 45
421 66
422 47
423 6
424 38
425 23
426 6
427 42
428 38
429 6
430 15
431 9
432 53
433 31
434 7
435 36
436 26
437 2
438 9
439 59
440 50
441 5
442 34
443 19
444 30
445 2
446 34
447 10
448 22
449 26
450 12
451 8
452 33
453 22
454 40
455 27
456 27
457 19
458 16
459 43
460 18
461 26
462 32
463 21
464 36
465 29
466 46
467 12
468 7
469 9
470 63
471 48
472 31
473 41
474 4
475 22
476 28
477 26
478 13
479 12
480 6
481 8
482 24
483 2
484 4
485 14
486 15
487 11
488 11
489 4
490 12
491 36
492 10
493 72
494 11
495 24
496 17
497 7
498 33
499 11
500 4
501 5
502 24
503 18
504 10
505 9
506 8
507 24
508 7
509 16
510 14
511 4
512 3
513 28
514 29
515 32
516 7
517 7
518 4
519 6
520 15
521 28
522 7
523 22
524 9
525 6
526 28
527 2
528 11
529 2
530 25
531 5
532 25
533 13
534 8
535 5
536 58
537 28
538 8
539 61
540 26
541 12
542 10
543 7
544 27
545 13
546 2
547 10
548 15
549 29
550 33
551 11
552 44
553 13
554 10
555 23
556 23
557 52
558 21
559 35
560 17
561 16
562 22
563 9
564 34
565 5
566 1
567 55
568 17
569 6
570 13
571 26
572 7
573 75
574 33
575 17
576 62
577 6
578 4
579 25
580 25
581 18
582 30
583 32
584 27
585 13
586 34
587 11
588 10
589 21
590 21
591 52
592 92
593 20
594 27
595 68
596 98
597 54
598 20
599 15
600 24
601 15
602 17
603 24
604 41
605 68
606 28
607 41
608 43
609 16
610 45
611 85
612 13
613 19
614 88
615 70
616 24
617 42
618 11
619 14
620 25
621 34
622 35
623 36
624 33
625 7
626 29
627 55
628 38
629 32
630 51
631 29
632 26
633 70
634 31
635 19
636 22
637 76
638 65
639 18
640 6
641 28
642 34
643 53
644 7
645 65
646 29
647 62
648 23
649 39
650 23
651 60
652 28
653 20
654 33
655 27
656 17
657 5
658 39
659 53
660 49
661 43
662 52
663 27
664 13
665 38
666 21
667 86
668 57
669 71
670 28
671 50
672 26
673 55
674 47
675 27
676 40
677 46
678 17
679 26
680 40
681 12
682 33
683 13
684 21
685 35
686 62
687 26
688 16
689 41
690 6
691 14
692 28
693 11
694 47
695 11
696 46
697 30
698 14
699 23
700 25
701 11
702 9
703 14
704 75
705 12
706 26
707 18
708 56
709 29
710 24
711 71
712 39
713 6
714 9
715 38
716 21
717 26
718 24
719 22
720 13
721 6
722 74
723 68
724 8
725 30
726 23
727 5
728 7
729 28
730 29
731 3
732 2
733 27
734 49
735 3
736 34
737 35
738 24
739 22
740 8
741 23
742 32
743 50
744 52
745 45
746 15
747 24
748 33
749 33
750 21
751 35
752 27
753 15
754 55
755 48
756 24
757 17
758 25
759 16
760 12
761 51
762 12
763 44
764 39
765 27
766 22
767 16
768 93
769 31
770 5
771 5
772 10
773 28
774 13
775 84
776 9
777 51
778 40
779 42
780 25
781 4
782 33
783 11
784 25
785 11
786 35
787 24
788 80
789 35
790 15
791 8
792 3
793 50
794 7
795 16
796 35
797 49
798 24
799 32
800 6
801 9
802 37
803 21
804 31
805 5
806 8
807 3
808 4
809 11
810 40
811 26
812 15
813 48
814 17
815 28
816 3
817 20
818 15
819 16
820 20
821 14
822 62
823 16
824 9
825 40
826 22
827 13
828 26
829 26
830 25
831 18
832 19
833 12
834 8
835 19
836 21
837 51
838 26
839 4
840 23
841 0
842 9
843 27
844 33
845 12
846 47
847 28
848 38
849 22
850 19
851 22
852 13
853 26
854 12
855 16
856 12
857 16
858 7
859 1
860 26
861 43
862 44
863 7
864 32
865 38
866 6
867 67
868 8
869 6
870 32
871 22
872 38
873 26
874 33
875 2
876 15
877 5
878 40
879 36
880 10
881 13
882 13
883 38
884 17
885 14
886 6
887 15
888 16
889 2
890 10
891 8
892 19
893 14
894 7
895 7
896 7
897 24
898 32
899 46
900 27
901 17
902 7
903 13
904 6
905 5
906 7
907 7
908 23
909 0
910 19
911 6
912 8
913 16
914 9
915 13
916 9
917 35
918 8
919 6
920 16
921 11
922 29
923 22
924 14
925 17
926 15
927 3
928 22
929 6
930 17
931 26
932 10
933 21
934 20
935 4
936 17
937 4
938 28
939 24
940 11
941 4
942 16
943 18
944 6
945 3
946 9
947 36
948 34
949 12
950 12
951 10
952 14
953 11
954 75
955 20
956 44
957 34
958 57
959 68
960 15
961 18
962 10
963 13
964 21
965 11
966 29
967 10
968 4
969 7
970 24
971 31
972 36
973 15
974 76
975 14
976 31
977 56
978 5
979 14
980 34
981 16
982 47
983 7
984 11
985 57
986 13
987 11
988 71
989 8
990 25
991 67
992 41
993 16
994 25
995 26
996 30
997 67
998 56
999 7
1000 10
1001 28
1002 99
1003 21
1004 45
1005 8
1006 51
1007 10
1008 83
1009 35
1010 9
1011 35
1012 82
1013 8
1014 75
1015 110
1016 49
1017 60
1018 25
1019 30
1020 44
1021 46
1022 15
1023 3
1024 6
1025 5
1026 25
1027 35
1028 14
1029 41
1030 13
1031 10
1032 87
1033 19
1034 43
1035 20
1036 29
1037 40
1038 9
1039 28
1040 17
1041 50
1042 38
1043 9
1044 15
1045 54
1046 28
1047 5
1048 57
1049 3
1050 9
1051 29
1052 26
1053 28
1054 55
1055 37
1056 7
1057 0
1058 67
1059 35
1060 11
1061 43
1062 13
1063 9
1064 41
1065 10
1066 33
1067 5
1068 29
1069 47
1070 64
1071 41
1072 4
1073 31
1074 33
1075 46
1076 87
1077 14
1078 12
1079 5
1080 42
1081 30
1082 87
1083 28
1084 66
1085 7
1086 4
1087 50
1088 21
1089 8
1090 52
1091 33
1092 7
1093 8
1094 15
1095 8
1096 59
1097 26
1098 57
1099 60
1100 21
1101 7
1102 9
1103 56
1104 139
1105 108
1106 56
1107 60
1108 32
1109 6
1110 15
1111 36
1112 13
1113 22
1114 22
1115 18
1116 6
1117 12
1118 29
1119 5
1120 11
1121 7
1122 4
1123 8
1124 5
1125 26
1126 41
1127 9
1128 9
1129 6
1130 31
1131 60
1132 7
1133 10
1134 8
1135 6
1136 4
1137 4
1138 5
1139 7
1140 13
1141 2
1142 11
1143 3
1144 1
1145 2
1146 21
1147 6
1148 4
1149 9
1150 13
1151 11
1152 31
1153 7
1154 25
1155 14
1156 43
1157 1
1158 11
1159 79
1160 3
1161 20
1162 41
1163 3
1164 11
1165 26
1166 3
1167 42
1168 0
1169 1
1170 6
1171 1
1172 3
1173 17
1174 4
1175 40
1176 1
1177 18
1178 5
1179 5
1180 23
1181 1
1182 31
1183 8
1184 10
1185 16
1186 8
1187 17
1188 33
1189 19
1190 10
1191 11
1192 37
1193 70
1194 31
1195 54
1196 8
1197 15
1198 51
1199 39
1200 37
1201 69
1202 15
1203 10
1204 13
1205 13
1206 4
1207 13
1208 30
1209 7
1210 51
1211 9
1212 5
1213 26
1214 4
1215 12
1216 52
1217 15
1218 19
1219 30
1220 5
1221 8
1222 27
1223 31
1224 47
1225 12
1226 13
1227 5
1228 4
1229 7
1230 26
1231 71
1232 3
1233 45
1234 11
1235 3
1236 24
1237 12
1238 56
1239 38
1240 4
1241 14
1242 11
1243 18
1244 5
1245 24
1246 14
1247 135
1248 5
1249 25
1250 12
1251 17
1252 13
1253 11
1254 7
1255 26
1256 17
1257 13
1258 10
1259 19
1260 18
1261 50
1262 21
1263 22
1264 5
1265 39
1266 26
1267 47
1268 16
1269 48
1270 13
1271 35
1272 41
1273 33
1274 24
1275 36
1276 22
1277 13
1278 62
1279 42
1280 18
1281 105
1282 46
1283 28
1284 34
1285 58
1286 81
1287 13
1288 20
1289 28
1290 19
1291 26
1292 29
1293 84
1294 30
1295 79
1296 18
1297 124
1298 28
1299 17
1300 70
1301 9
1302 22
1303 58
1304 41
1305 17
1306 29
1307 103
1308 15
1309 23
1310 20
1311 35
1312 13
1313 14
1314 52
1315 22
1316 16
1317 48
1318 31
1319 18
1320 73
1321 24
1322 11
1323 50
1324 11
1325 27
1326 61
1327 7
1328 39
1329 8
1330 20
1331 18
1332 20
1333 41
1334 31
1335 68
1336 31
1337 15
1338 22
1339 60
1340 5
1341 20
1342 49
1343 27
1344 89
1345 30
1346 16
1347 15
1348 6
1349 78
1350 22
1351 37
1352 64
1353 76
1354 23
1355 27
1356 24
1357 68
1358 74
1359 78
1360 37
1361 14
1362 13
1363 56
1364 35
1365 21
1366 42
1367 47
1368 68
1369 61
1370 34
1371 23
1372 19
1373 11
1374 33
1375 21
1376 69
1377 12
1378 16
1379 88
1380 50
1381 29
1382 49
1383 29
1384 39
1385 17
1386 32
1387 6
1388 64
1389 27
1390 35
1391 13
1392 46
1393 14
1394 55
1395 57
1396 36
1397 27
1398 11
1399 16
1400 19
1401 27
1402 19
1403 22
1404 42
1405 40
1406 91
1407 34
1408 9
1409 48
1410 93
1411 11
1412 47
1413 16
1414 22
1415 21
1416 30
1417 15
1418 20
1419 15
1420 20
1421 12
1422 18
1423 35
1424 11
1425 25
1426 8
1427 33
1428 24
1429 22
1430 33
1431 14
1432 12
1433 13
1434 9
1435 21
1436 47
1437 24
1438 9
1439 10
1440 30
1441 8
1442 16
1443 33
1444 3
1445 18
1446 20
1447 58
1448 49
1449 86
1450 28
1451 7
1452 17
1453 51
1454 13
1455 23
1456 7
1457 6
1458 37
1459 24
1460 75
1461 14
1462 19
1463 22
1464 11
1465 61
1466 82
1467 63
1468 56
1469 44
1470 86
1471 41
1472 70
1473 29
1474 63
1475 54
1476 75
1477 34
1478 14
1479 40
1480 21
1481 32
1482 33
1483 46
1484 35
1485 22
1486 45
1487 64
1488 14
1489 25
1490 81
1491 12
1492 11
1493 3
1494 10
1495 44
1496 36
1497 12
1498 24
1499 14
1500 23
1501 12
1502 13
1503 8
1504 12
1505 19
1506 14
1507 29
1508 68
1509 10
1510 6
1511 43
1512 11
1513 20
1514 36
1515 3
1516 8
1517 1
1518 14
1519 22
1520 39
1521 17
1522 44
1523 59
1524 1
1525 19
1526 5
1527 51
1528 16
1529 60
1530 7
1531 10
1532 4
1533 6
1534 7
1535 45
1536 15
1537 24
1538 3
1539 8
1540 7
1541 2
1542 5
1543 4
1544 4
1545 17
1546 8
1547 15
1548 13
1549 11
1550 4
1551 19
1552 22
1553 5
1554 33
1555 15
1556 12
1557 4
1558 8
1559 5
1560 6
1561 6
1562 75
1563 3
1564 12
1565 18
1566 36
1567 1
1568 18
1569 12
1570 4
1571 8
1572 12
1573 4
1574 2
1575 2
1576 12
1577 29
1578 5
1579 13
1580 6
1581 38
1582 30
1583 18
1584 57
1585 4
1586 1
1587 13
1588 16
1589 10
1590 37
1591 19
1592 7
1593 6
1594 20
1595 36
1596 86
1597 4
