1 1
2 1
3 18
4 33
5 31
6 31
7 2
8 4
9 33
10 2
11 1
12 4
13 7
14 10
15 5
16 23
17 22
18 33
19 36
20 23
21 27
22 61
23 41
24 112
25 66
26 40
27 24
28 41
29 29
30 19
31 78
32 61
33 54
34 51
35 92
36 47
37 65
38 44
39 55
40 58
41 66
42 53
43 79
44 31
45 67
46 23
47 10
48 43
49 16
50 54
51 82
52 45
53 20
54 49
55 23
56 72
57 36
58 57
59 44
60 128
61 154
62 121
63 28
64 41
65 35
66 77
67 20
68 34
69 49
70 63
71 7
72 9
73 5
74 8
75 22
76 30
77 21
78 18
79 54
80 23
81 43
82 17
83 22
84 47
85 47
86 22
87 25
88 9
89 41
90 30
91 26
92 22
93 35
94 24
95 17
96 43
97 14
98 8
99 25
100 10
101 16
102 17
103 28
104 2
105 10
106 15
107 4
108 72
109 16
110 5
111 10
112 68
113 21
114 64
115 7
116 57
117 34
118 23
119 16
120 60
121 21
122 8
123 24
124 40
125 19
126 38
127 3
128 23
129 14
130 8
131 4
132 32
133 63
134 56
135 40
136 25
137 7
138 32
139 11
140 50
141 71
142 24
143 14
144 5
145 44
146 95
147 64
148 62
149 27
150 32
151 49
152 24
153 59
154 72
155 20
156 25
157 14
158 61
159 28
160 4
161 11
162 12
163 37
164 19
165 41
166 81
167 25
168 16
169 75
170 20
171 63
172 27
173 12
174 31
175 99
176 72
177 98
178 70
179 150
180 167
181 59
182 52
183 49
184 26
185 48
186 29
187 20
188 89
189 33
190 31
191 88
192 75
193 26
194 33
195 64
196 29
197 15
198 30
199 66
200 42
201 29
202 38
203 17
204 16
205 54
206 68
207 23
208 127
209 88
210 50
211 34
212 45
213 49
214 42
215 51
216 24
217 99
218 76
219 81
220 44
221 17
222 114
223 77
224 85
225 102
226 15
227 115
228 36
229 73
230 68
231 109
232 104
233 148
234 24
235 69
236 29
237 94
238 99
239 118
240 49
241 111
242 18
243 25
244 40
245 45
246 72
247 5
248 19
249 51
250 63
251 41
252 26
253 8
254 57
255 59
256 36
257 84
258 81
259 96
260 91
261 90
262 11
263 82
264 39
265 126
266 9
267 44
268 52
269 14
270 25
271 86
272 24
273 63
274 25
275 113
276 18
277 7
278 35
279 15
280 43
281 40
282 33
283 14
284 29
285 14
286 53
287 92
288 86
289 8
290 48
291 47
292 54
293 100
294 15
295 26
296 3
297 10
298 51
299 27
300 34
301 30
302 36
303 47
304 26
305 16
306 30
307 166
308 93
309 40
310 25
311 54
312 33
313 67
314 112
315 71
316 50
317 11
318 68
319 68
320 67
321 75
322 102
323 119
324 53
325 15
326 30
327 105
328 71
329 26
330 20
331 42
332 71
333 63
334 36
335 65
336 50
337 57
338 46
339 70
340 41
341 38
342 46
343 156
344 92
345 39
346 150
347 56
348 20
349 22
350 9
351 72
352 78
353 39
354 17
355 102
356 60
357 32
358 45
359 28
360 22
361 69
362 28
363 6
364 13
365 22
366 30
367 58
368 32
369 42
370 70
371 162
372 28
373 10
374 27
375 22
376 18
377 26
378 18
379 61
380 22
381 38
382 7
383 33
384 63
385 34
386 15
387 84
388 49
389 65
390 42
391 114
392 63
393 35
394 38
395 129
396 41
397 79
398 66
399 13
400 77
401 111
402 52
403 29
404 61
405 45
406 49
407 15
408 25
409 51
410 17
411 29
412 30
413 69
414 76
415 102
416 89
417 30
418 92
419 57
420 74
421 67
422 86
423 20
424 39
425 89
426 23
427 85
428 54
429 15
430 40
431 46
432 59
433 68
434 13
435 38
436 90
437 17
438 41
439 78
440 129
441 40
442 69
443 52
444 25
445 8
446 87
447 37
448 92
449 51
450 50
451 59
452 64
453 39
454 92
455 51
456 52
457 52
458 60
459 76
460 34
461 54
462 65
463 38
464 58
465 27
466 93
467 50
468 20
469 19
470 118
471 138
472 59
473 136
474 13
475 87
476 36
477 32
478 23
479 8
480 6
481 30
482 50
483 7
484 18
485 10
486 29
487 13
488 20
489 23
490 18
491 33
492 13
493 35
494 6
495 18
496 31
497 21
498 43
499 40
500 19
501 15
502 23
503 29
504 12
505 38
506 11
507 5
508 23
509 30
510 22
511 19
512 6
513 45
514 29
515 94
516 9
517 3
518 11
519 19
520 18
521 34
522 46
523 97
524 9
525 1
526 4
527 1
528 29
529 15
530 35
531 18
532 13
533 13
534 15
535 15
536 40
537 42
538 25
539 124
540 62
541 14
542 15
543 40
544 74
545 18
546 12
547 19
548 11
549 50
550 66
551 12
552 54
553 20
554 39
555 16
556 32
557 57
558 34
559 31
560 24
561 40
562 47
563 22
564 20
565 7
566 7
567 11
568 12
569 8
570 6
571 42
572 36
573 95
574 55
575 33
576 25
577 9
578 8
579 51
580 36
581 28
582 65
583 74
584 40
585 19
586 40
587 45
588 23
589 42
590 48
591 74
592 105
593 29
594 25
595 91
596 82
597 76
598 70
599 36
600 29
601 24
602 41
603 26
604 70
605 126
606 43
607 82
608 53
609 18
610 55
611 140
612 21
613 24
614 68
615 103
616 26
617 35
618 30
619 35
620 24
621 28
622 51
623 47
624 43
625 7
626 85
627 87
628 66
629 70
630 63
631 32
632 30
633 95
634 52
635 15
636 22
637 96
638 100
639 46
640 47
641 27
642 31
643 84
644 6
645 73
646 10
647 110
648 58
649 59
650 56
651 87
652 65
653 33
654 66
655 37
656 32
657 6
658 36
659 48
660 51
661 46
662 77
663 30
664 48
665 62
666 31
667 69
668 51
669 95
670 34
671 73
672 33
673 60
674 47
675 55
676 22
677 43
678 35
679 70
680 33
681 29
682 44
683 29
684 46
685 19
686 117
687 40
688 40
689 60
690 18
691 22
692 79
693 32
694 98
695 22
696 98
697 74
698 22
699 54
700 21
701 27
702 13
703 49
704 81
705 19
706 47
707 43
708 28
709 62
710 95
711 125
712 8
713 27
714 21
715 84
716 50
717 29
718 27
719 46
720 40
721 5
722 18
723 49
724 35
725 34
726 36
727 41
728 14
729 31
730 42
731 17
732 21
733 39
734 88
735 5
736 26
737 41
738 41
739 38
740 10
741 21
742 99
743 48
744 89
745 37
746 49
747 53
748 53
749 49
750 68
751 105
752 44
753 50
754 81
755 45
756 34
757 33
758 47
759 32
760 22
761 122
762 31
763 55
764 37
765 65
766 39
767 33
768 146
769 13
770 10
771 15
772 11
773 59
774 31
775 141
776 29
777 69
778 66
779 102
780 39
781 14
782 19
783 55
784 64
785 75
786 62
787 46
788 134
789 67
790 54
791 46
792 16
793 109
794 10
795 20
796 102
797 69
798 87
799 38
800 31
801 30
802 113
803 65
804 87
805 30
806 36
807 5
808 20
809 22
810 41
811 45
812 43
813 11
814 26
815 34
816 26
817 50
818 51
819 63
820 81
821 20
822 86
823 38
824 36
825 80
826 22
827 45
828 55
829 47
830 44
831 34
832 54
833 20
834 19
835 98
836 55
837 55
838 47
839 10
840 13
841 15
842 21
843 44
844 73
845 21
846 135
847 24
848 44
849 41
850 54
851 40
852 12
853 11
854 27
855 37
856 39
857 42
858 15
859 13
860 17
861 104
862 21
863 49
864 25
865 50
866 5
867 90
868 41
869 33
870 81
871 31
872 46
873 33
874 32
875 28
876 21
877 33
878 75
879 40
880 12
881 40
882 17
883 28
884 45
885 37
886 26
887 45
888 6
889 4
890 33
891 16
892 4
893 11
894 13
895 31
896 18
897 21
898 56
899 26
900 46
901 21
902 16
903 16
904 29
905 4
906 21
907 34
908 37
909 6
910 12
911 12
912 15
913 28
914 32
915 24
916 27
917 20
918 10
919 27
920 11
921 34
922 15
923 39
924 54
925 32
926 38
927 4
928 45
929 22
930 20
931 56
932 13
933 10
934 18
935 8
936 31
937 2
938 52
939 14
940 6
941 4
942 40
943 16
944 10
945 12
946 15
947 27
948 19
949 23
950 9
951 27
952 18
953 9
954 29
955 15
956 58
957 105
958 44
959 58
960 21
961 13
962 12
963 26
964 34
965 21
966 39
967 15
968 8
969 16
970 57
971 153
972 108
973 18
974 124
975 37
976 31
977 79
978 20
979 16
980 11
981 23
982 16
983 83
984 15
985 78
986 29
987 7
988 83
989 5
990 47
991 64
992 50
993 17
994 37
995 23
996 41
997 154
998 31
999 28
1000 32
1001 48
1002 71
1003 16
1004 57
1005 47
1006 48
1007 35
1008 108
1009 58
1010 17
1011 7
1012 98
1013 12
1014 80
1015 68
1016 75
1017 18
1018 11
1019 59
1020 22
1021 61
1022 19
1023 17
1024 14
1025 25
1026 60
1027 38
1028 11
1029 54
1030 14
1031 16
1032 47
1033 41
1034 84
1035 23
1036 38
1037 37
1038 16
1039 17
1040 33
1041 13
1042 45
1043 20
1044 30
1045 32
1046 43
1047 14
1048 53
1049 11
1050 19
1051 32
1052 33
1053 28
1054 51
1055 16
1056 28
1057 4
1058 92
1059 74
1060 24
1061 36
1062 46
1063 4
1064 40
1065 6
1066 35
1067 8
1068 28
1069 69
1070 7
1071 7
1072 3
1073 43
1074 25
1075 52
1076 57
1077 21
1078 29
1079 14
1080 38
1081 29
1082 145
1083 37
1084 103
1085 7
1086 39
1087 39
1088 36
1089 11
1090 69
1091 50
1092 23
1093 31
1094 25
1095 8
1096 36
1097 51
1098 35
1099 50
1100 11
1101 7
1102 21
1103 72
1104 58
1105 83
1106 18
1107 37
1108 17
1109 5
1110 4
1111 31
1112 20
1113 11
1114 5
1115 14
1116 2
1117 18
1118 14
1119 4
1120 17
1121 9
1122 9
1123 34
1124 15
1125 22
1126 38
1127 9
1128 43
1129 7
1130 22
1131 41
1132 6
1133 10
1134 9
1135 15
1136 9
1137 8
1138 8
1139 28
1140 31
1141 10
1142 15
1143 21
1144 12
1145 2
1146 37
1147 20
1148 18
1149 19
1150 12
1151 11
1152 41
1153 16
1154 17
1155 28
1156 18
1157 7
1158 39
1159 59
1160 1
1161 19
1162 6
1163 7
1164 8
1165 4
1166 22
1167 9
1168 6
1169 4
1170 12
1171 1
1172 3
1173 0
1174 7
1175 8
1176 4
1177 30
1178 9
1179 9
1180 25
1181 13
1182 7
1183 12
1184 21
1185 8
1186 9
1187 33
1188 15
1189 12
1190 13
1191 4
1192 49
1193 100
1194 50
1195 32
1196 44
1197 56
1198 15
1199 29
1200 49
1201 104
1202 16
1203 46
1204 40
1205 35
1206 21
1207 21
1208 41
1209 22
1210 36
1211 24
1212 25
1213 15
1214 40
1215 36
1216 79
1217 63
1218 70
1219 77
1220 4
1221 27
1222 37
1223 53
1224 109
1225 32
1226 22
1227 11
1228 40
1229 50
1230 49
1231 89
1232 25
1233 96
1234 14
1235 13
1236 19
1237 28
1238 74
1239 80
1240 20
1241 36
1242 26
1243 33
1244 52
1245 24
1246 17
1247 124
1248 22
1249 19
1250 37
1251 57
1252 11
1253 6
1254 31
1255 46
1256 64
1257 68
1258 60
1259 38
1260 30
1261 88
1262 45
1263 55
1264 37
1265 91
1266 47
1267 59
1268 41
1269 7
1270 4
1271 8
1272 9
1273 16
1274 5
1275 30
1276 14
1277 18
1278 49
1279 13
1280 28
1281 57
1282 22
1283 34
1284 78
1285 44
1286 65
1287 20
1288 9
1289 18
1290 22
1291 20
1292 21
1293 80
1294 18
1295 78
1296 31
1297 151
1298 50
1299 26
1300 92
1301 6
1302 34
1303 111
1304 8
1305 14
1306 14
1307 47
1308 32
1309 31
1310 12
1311 18
1312 9
1313 25
1314 64
1315 14
1316 22
1317 15
1318 26
1319 12
1320 57
1321 20
1322 9
1323 26
1324 13
1325 40
1326 68
1327 15
1328 28
1329 4
1330 13
1331 2
1332 5
1333 22
1334 54
1335 81
1336 29
1337 17
1338 35
1339 69
1340 40
1341 20
1342 27
1343 29
1344 64
1345 8
1346 16
1347 16
1348 20
1349 90
1350 10
1351 12
1352 30
1353 30
1354 13
1355 31
1356 17
1357 40
1358 20
1359 89
1360 30
1361 20
1362 26
1363 27
1364 39
1365 45
1366 19
1367 51
1368 28
1369 58
1370 20
1371 20
1372 47
1373 22
1374 25
1375 32
1376 46
1377 26
1378 50
1379 92
1380 15
1381 28
1382 45
1383 57
1384 12
1385 27
1386 49
1387 14
1388 44
1389 21
1390 48
1391 20
1392 35
1393 27
1394 84
1395 71
1396 51
1397 57
1398 31
1399 53
1400 34
1401 45
1402 38
1403 47
1404 65
1405 62
1406 20
1407 56
1408 21
1409 82
1410 66
1411 25
1412 36
1413 5
1414 27
1415 35
1416 10
1417 15
1418 36
1419 24
1420 17
1421 31
1422 17
1423 38
1424 32
1425 33
1426 15
1427 40
1428 20
1429 26
1430 105
1431 29
1432 36
1433 12
1434 21
1435 54
1436 61
1437 32
1438 13
1439 12
1440 35
1441 23
1442 12
1443 64
1444 36
1445 21
1446 43
1447 48
1448 53
1449 105
1450 54
1451 21
1452 28
1453 73
1454 44
1455 25
1456 12
1457 17
1458 36
1459 50
1460 57
1461 26
1462 27
1463 22
1464 32
1465 77
1466 32
1467 119
1468 59
1469 51
1470 69
1471 40
1472 123
1473 64
1474 59
1475 55
1476 110
1477 54
1478 32
1479 74
1480 34
1481 52
1482 49
1483 20
1484 57
1485 58
1486 45
1487 81
1488 28
1489 35
1490 111
1491 5
1492 29
1493 4
1494 44
1495 15
1496 34
1497 19
1498 13
1499 17
1500 12
1501 27
1502 10
1503 19
1504 38
1505 53
1506 14
1507 16
1508 64
1509 32
1510 12
1511 82
1512 10
1513 19
1514 87
1515 12
1516 27
1517 16
1518 39
1519 27
1520 37
1521 29
1522 113
1523 64
1524 16
1525 31
1526 16
1527 43
1528 43
1529 45
1530 19
1531 9
1532 37
1533 11
1534 7
1535 72
1536 25
1537 33
1538 4
1539 25
1540 9
1541 5
1542 12
1543 10
1544 9
1545 19
1546 13
1547 34
1548 11
1549 54
1550 6
1551 46
1552 36
1553 20
1554 42
1555 26
1556 18
1557 10
1558 10
1559 9
1560 5
1561 10
1562 149
1563 17
1564 12
1565 31
1566 39
1567 6
1568 16
1569 21
1570 15
1571 19
1572 55
1573 5
1574 16
1575 18
1576 73
1577 62
1578 18
1579 16
1580 16
1581 11
1582 9
1583 22
1584 22
1585 24
1586 9
1587 42
1588 25
1589 12
1590 75
1591 0
1592 19
1593 6
1594 38
1595 98
1596 157
1597 21
