1 0
2 1
3 9
4 35
5 43
6 48
7 1
8 2
9 29
10 0
11 1
12 2
13 4
14 2
15 14
16 42
17 27
18 36
19 68
20 7
21 35
22 53
23 21
24 205
25 101
26 60
27 56
28 43
29 87
30 29
31 125
32 93
33 24
34 86
35 191
36 58
37 135
38 50
39 64
40 69
41 50
42 56
43 101
44 26
45 52
46 5
47 13
48 99
49 35
50 102
51 135
52 11
53 68
54 37
55 7
56 170
57 14
58 99
59 79
60 206
61 272
62 176
63 68
64 9
65 91
66 59
67 14
68 8
69 66
70 80
71 10
72 49
73 4
74 20
75 39
76 3
77 4
78 9
79 43
80 8
81 29
82 3
83 12
84 23
85 15
86 35
87 19
88 7
89 21
90 50
91 12
92 13
93 17
94 40
95 22
96 47
97 14
98 7
99 12
100 24
101 13
102 13
103 51
104 7
105 6
106 13
107 8
108 70
109 15
110 6
111 4
112 99
113 20
114 58
115 17
116 50
117 20
118 43
119 20
120 62
121 17
122 21
123 19
124 87
125 19
126 42
127 3
128 24
129 21
130 11
131 21
132 36
133 50
134 45
135 69
136 74
137 30
138 71
139 12
140 45
141 49
142 18
143 0
144 18
145 70
146 51
147 121
148 73
149 39
150 16
151 67
152 14
153 29
154 57
155 8
156 10
157 16
158 77
159 44
160 8
161 14
162 8
163 58
164 12
165 28
166 123
167 52
168 30
169 58
170 14
171 33
172 24
173 21
174 64
175 146
176 74
177 113
178 40
179 129
180 207
181 76
182 30
183 58
184 11
185 45
186 20
187 13
188 147
189 13
190 15
191 109
192 48
193 60
194 39
195 88
196 23
197 19
198 31
199 42
200 60
201 16
202 25
203 32
204 18
205 37
206 55
207 66
208 91
209 107
210 41
211 35
212 18
213 14
214 50
215 30
216 49
217 103
218 128
219 107
220 77
221 18
222 124
223 41
224 23
225 53
226 13
227 37
228 61
229 25
230 56
231 163
232 133
233 152
234 11
235 21
236 50
237 156
238 80
239 114
240 70
241 75
242 13
243 69
244 4
245 2
246 110
247 12
248 8
249 20
250 43
251 26
252 9
253 10
254 82
255 26
256 55
257 114
258 49
259 50
260 102
261 43
262 8
263 68
264 13
265 115
266 6
267 51
268 19
269 8
270 10
271 93
272 6
273 18
274 2
275 92
276 13
277 10
278 24
279 7
280 27
281 46
282 24
283 24
284 14
285 41
286 35
287 94
288 16
289 2
290 55
291 63
292 24
293 93
294 13
295 40
296 24
297 10
298 61
299 38
300 19
301 13
302 27
303 63
304 24
305 30
306 13
307 155
308 145
309 70
310 11
311 61
312 19
313 83
314 126
315 90
316 79
317 8
318 94
319 36
320 52
321 48
322 31
323 122
324 51
325 14
326 22
327 51
328 97
329 13
330 3
331 25
332 50
333 69
334 48
335 76
336 39
337 91
338 48
339 96
340 46
341 37
342 66
343 128
344 126
345 48
346 127
347 32
348 17
349 20
350 21
351 106
352 69
353 52
354 22
355 133
356 39
357 18
358 59
359 56
360 8
361 105
362 26
363 6
364 18
365 24
366 16
367 66
368 9
369 21
370 19
371 87
372 17
373 12
374 22
375 12
376 14
377 50
378 44
379 52
380 33
381 52
382 17
383 27
384 41
385 81
386 37
387 127
388 47
389 129
390 11
391 156
392 108
393 16
394 22
395 114
396 36
397 48
398 83
399 4
400 119
401 139
402 66
403 33
404 58
405 51
406 67
407 9
408 23
409 24
410 18
411 46
412 18
413 92
414 49
415 86
416 123
417 14
418 98
419 122
420 125
421 104
422 109
423 18
424 21
425 88
426 18
427 97
428 57
429 8
430 36
431 44
432 83
433 105
434 12
435 30
436 90
437 19
438 45
439 101
440 115
441 51
442 61
443 68
444 36
445 5
446 81
447 41
448 70
449 66
450 39
451 53
452 53
453 77
454 105
455 90
456 61
457 69
458 61
459 121
460 51
461 59
462 90
463 72
464 90
465 21
466 116
467 48
468 9
469 7
470 166
471 108
472 59
473 130
474 12
475 70
476 90
477 32
478 25
479 8
480 17
481 16
482 33
483 3
484 10
485 30
486 30
487 8
488 15
489 15
490 21
491 64
492 17
493 21
494 16
495 41
496 40
497 15
498 75
499 48
500 5
501 20
502 18
503 53
504 14
505 45
506 31
507 42
508 57
509 43
510 24
511 21
512 6
513 76
514 23
515 79
516 10
517 15
518 7
519 24
520 29
521 36
522 23
523 109
524 13
525 3
526 0
527 7
528 3
529 10
530 65
531 19
532 10
533 29
534 10
535 15
536 25
537 32
538 50
539 102
540 52
541 49
542 37
543 31
544 71
545 25
546 11
547 43
548 15
549 37
550 55
551 22
552 68
553 29
554 26
555 4
556 67
557 87
558 26
559 55
560 29
561 61
562 48
563 20
564 9
565 1
566 7
567 4
568 33
569 8
570 8
571 53
572 21
573 95
574 78
575 21
576 19
577 6
578 11
579 41
580 36
581 28
582 31
583 106
584 54
585 10
586 39
587 48
588 17
589 35
590 34
591 66
592 134
593 64
594 40
595 76
596 87
597 73
598 20
599 24
600 56
601 22
602 18
603 44
604 67
605 144
606 58
607 122
608 54
609 29
610 72
611 144
612 21
613 7
614 121
615 93
616 47
617 60
618 29
619 43
620 3
621 56
622 57
623 65
624 58
625 18
626 88
627 130
628 91
629 62
630 78
631 23
632 32
633 111
634 111
635 51
636 23
637 79
638 141
639 11
640 12
641 53
642 70
643 99
644 10
645 81
646 38
647 91
648 54
649 58
650 47
651 176
652 24
653 29
654 81
655 52
656 44
657 24
658 75
659 46
660 62
661 64
662 74
663 31
664 22
665 86
666 25
667 101
668 134
669 118
670 45
671 88
672 39
673 101
674 90
675 34
676 84
677 86
678 48
679 59
680 61
681 32
682 60
683 53
684 95
685 4
686 129
687 100
688 73
689 93
690 23
691 7
692 105
693 36
694 159
695 60
696 164
697 124
698 36
699 53
700 14
701 35
702 24
703 90
704 169
705 53
706 97
707 37
708 26
709 41
710 33
711 202
712 9
713 41
714 23
715 117
716 85
717 89
718 11
719 40
720 45
721 9
722 26
723 132
724 23
725 28
726 89
727 38
728 22
729 58
730 65
731 22
732 31
733 79
734 162
735 11
736 32
737 80
738 38
739 82
740 15
741 14
742 111
743 30
744 174
745 17
746 24
747 44
748 55
749 72
750 103
751 108
752 66
753 41
754 138
755 77
756 51
757 40
758 80
759 24
760 28
761 163
762 14
763 118
764 69
765 85
766 44
767 18
768 176
769 21
770 5
771 8
772 11
773 79
774 21
775 201
776 22
777 152
778 132
779 122
780 29
781 5
782 9
783 28
784 40
785 10
786 74
787 26
788 94
789 63
790 34
791 48
792 16
793 132
794 16
795 41
796 151
797 133
798 88
799 22
800 10
801 27
802 124
803 114
804 87
805 26
806 30
807 6
808 21
809 42
810 42
811 69
812 49
813 13
814 54
815 88
816 8
817 76
818 75
819 72
820 137
821 22
822 147
823 30
824 37
825 91
826 39
827 56
828 28
829 87
830 61
831 64
832 74
833 47
834 18
835 81
836 88
837 90
838 59
839 13
840 11
841 16
842 63
843 64
844 139
845 21
846 120
847 83
848 97
849 79
850 99
851 106
852 12
853 26
854 22
855 62
856 88
857 41
858 25
859 40
860 10
861 103
862 11
863 83
864 31
865 69
866 4
867 184
868 33
869 69
870 94
871 77
872 79
873 24
874 103
875 27
876 20
877 20
878 175
879 81
880 18
881 66
882 15
883 16
884 32
885 31
886 36
887 74
888 12
889 3
890 37
891 11
892 2
893 53
894 19
895 14
896 19
897 12
898 37
899 34
900 48
901 26
902 10
903 8
904 18
905 5
906 5
907 32
908 63
909 4
910 14
911 8
912 33
913 33
914 25
915 27
916 26
917 30
918 16
919 31
920 11
921 22
922 15
923 57
924 46
925 31
926 23
927 15
928 22
929 13
930 25
931 40
932 16
933 31
934 37
935 25
936 47
937 4
938 87
939 13
940 8
941 16
942 26
943 30
944 9
945 11
946 21
947 25
948 14
949 49
950 17
951 7
952 22
953 9
954 10
955 22
956 91
957 64
958 81
959 94
960 34
961 20
962 9
963 24
964 28
965 23
966 78
967 22
968 38
969 21
970 91
971 35
972 45
973 50
974 207
975 38
976 73
977 152
978 39
979 18
980 8
981 52
982 26
983 15
984 18
985 129
986 33
987 35
988 173
989 7
990 92
991 150
992 127
993 24
994 70
995 57
996 59
997 165
998 71
999 35
1000 30
1001 97
1002 145
1003 26
1004 153
1005 31
1006 116
1007 21
1008 178
1009 111
1010 12
1011 3
1012 158
1013 23
1014 168
1015 109
1016 100
1017 39
1018 12
1019 70
1020 38
1021 98
1022 13
1023 23
1024 25
1025 11
1026 40
1027 42
1028 15
1029 92
1030 11
1031 25
1032 119
1033 77
1034 89
1035 51
1036 43
1037 38
1038 5
1039 49
1040 33
1041 9
1042 68
1043 26
1044 52
1045 125
1046 56
1047 14
1048 57
1049 5
1050 12
1051 52
1052 45
1053 48
1054 66
1055 11
1056 27
1057 3
1058 118
1059 98
1060 18
1061 61
1062 10
1063 4
1064 82
1065 9
1066 51
1067 11
1068 59
1069 64
1070 7
1071 33
1072 13
1073 21
1074 60
1075 97
1076 118
1077 31
1078 51
1079 16
1080 123
1081 85
1082 156
1083 90
1084 129
1085 8
1086 12
1087 112
1088 47
1089 20
1090 92
1091 58
1092 18
1093 19
1094 37
1095 7
1096 115
1097 90
1098 84
1099 94
1100 8
1101 27
1102 5
1103 116
1104 123
1105 121
1106 97
1107 88
1108 62
1109 9
1110 4
1111 83
1112 3
1113 16
1114 16
1115 19
1116 6
1117 38
1118 17
1119 4
1120 20
1121 23
1122 26
1123 7
1124 18
1125 36
1126 79
1127 13
1128 26
1129 7
1130 85
1131 79
1132 4
1133 11
1134 19
1135 24
1136 4
1137 5
1138 13
1139 13
1140 10
1141 12
1142 20
1143 9
1144 12
1145 4
1146 74
1147 26
1148 16
1149 44
1150 23
1151 24
1152 63
1153 3
1154 18
1155 24
1156 80
1157 11
1158 45
1159 83
1160 2
1161 50
1162 3
1163 24
1164 7
1165 7
1166 9
1167 13
1168 3
1169 2
1170 19
1171 4
1172 10
1173 3
1174 9
1175 7
1176 4
1177 61
1178 42
1179 10
1180 49
1181 11
1182 21
1183 20
1184 50
1185 28
1186 13
1187 36
1188 6
1189 37
1190 22
1191 14
1192 90
1193 99
1194 24
1195 18
1196 12
1197 20
1198 8
1199 74
1200 53
1201 127
1202 16
1203 11
1204 42
1205 41
1206 17
1207 43
1208 78
1209 27
1210 24
1211 29
1212 12
1213 11
1214 26
1215 40
1216 137
1217 76
1218 50
1219 130
1220 7
1221 24
1222 61
1223 81
1224 113
1225 27
1226 13
1227 11
1228 35
1229 13
1230 60
1231 166
1232 25
1233 141
1234 18
1235 12
1236 29
1237 22
1238 129
1239 152
1240 26
1241 37
1242 53
1243 44
1244 54
1245 11
1246 45
1247 163
1248 35
1249 48
1250 48
1251 45
1252 7
1253 29
1254 24
1255 38
1256 44
1257 42
1258 37
1259 38
1260 46
1261 136
1262 37
1263 82
1264 42
1265 171
1266 81
1267 121
1268 59
1269 5
1270 29
1271 30
1272 28
1273 62
1274 34
1275 70
1276 21
1277 42
1278 66
1279 16
1280 26
1281 82
1282 13
1283 42
1284 53
1285 26
1286 138
1287 13
1288 48
1289 52
1290 40
1291 93
1292 85
1293 147
1294 36
1295 137
1296 67
1297 291
1298 65
1299 32
1300 161
1301 11
1302 60
1303 243
1304 15
1305 32
1306 12
1307 181
1308 22
1309 54
1310 39
1311 57
1312 60
1313 24
1314 97
1315 21
1316 17
1317 15
1318 63
1319 25
1320 145
1321 50
1322 39
1323 90
1324 17
1325 41
1326 152
1327 26
1328 88
1329 13
1330 37
1331 4
1332 11
1333 73
1334 74
1335 166
1336 39
1337 48
1338 70
1339 102
1340 41
1341 40
1342 57
1343 39
1344 142
1345 40
1346 37
1347 50
1348 11
1349 129
1350 90
1351 84
1352 101
1353 115
1354 10
1355 82
1356 40
1357 103
1358 19
1359 152
1360 88
1361 33
1362 62
1363 64
1364 104
1365 48
1366 78
1367 50
1368 86
1369 126
1370 84
1371 73
1372 68
1373 34
1374 50
1375 40
1376 92
1377 26
1378 67
1379 176
1380 25
1381 66
1382 42
1383 45
1384 22
1385 9
1386 49
1387 17
1388 49
1389 12
1390 64
1391 15
1392 13
1393 10
1394 62
1395 76
1396 48
1397 50
1398 7
1399 11
1400 26
1401 47
1402 47
1403 31
1404 76
1405 61
1406 17
1407 99
1408 15
1409 120
1410 133
1411 21
1412 76
1413 58
1414 18
1415 55
1416 3
1417 13
1418 45
1419 32
1420 17
1421 34
1422 55
1423 68
1424 12
1425 69
1426 13
1427 39
1428 58
1429 22
1430 73
1431 31
1432 57
1433 9
1434 19
1435 110
1436 98
1437 23
1438 20
1439 16
1440 60
1441 15
1442 8
1443 88
1444 14
1445 40
1446 48
1447 95
1448 95
1449 106
1450 85
1451 22
1452 48
1453 92
1454 80
1455 37
1456 11
1457 8
1458 83
1459 80
1460 84
1461 18
1462 26
1463 21
1464 42
1465 161
1466 130
1467 147
1468 75
1469 72
1470 145
1471 105
1472 195
1473 47
1474 106
1475 78
1476 142
1477 59
1478 22
1479 114
1480 58
1481 74
1482 84
1483 20
1484 90
1485 49
1486 71
1487 99
1488 10
1489 16
1490 129
1491 26
1492 29
1493 1
1494 25
1495 27
1496 38
1497 20
1498 7
1499 3
1500 15
1501 33
1502 8
1503 12
1504 20
1505 22
1506 26
1507 49
1508 80
1509 17
1510 25
1511 51
1512 19
1513 21
1514 43
1515 12
1516 14
1517 9
1518 17
1519 11
1520 54
1521 42
1522 123
1523 117
1524 10
1525 35
1526 29
1527 45
1528 77
1529 31
1530 19
1531 9
1532 30
1533 8
1534 4
1535 102
1536 19
1537 37
1538 10
1539 39
1540 13
1541 2
1542 7
1543 17
1544 12
1545 20
1546 17
1547 11
1548 26
1549 38
1550 7
1551 42
1552 29
1553 19
1554 62
1555 49
1556 11
1557 21
1558 12
1559 9
1560 8
1561 39
1562 185
1563 16
1564 24
1565 19
1566 38
1567 7
1568 25
1569 35
1570 5
1571 31
1572 35
1573 1
1574 19
1575 10
1576 30
1577 42
1578 12
1579 16
1580 30
1581 19
1582 13
1583 11
1584 17
1585 38
1586 2
1587 34
1588 36
1589 19
1590 79
1591 2
1592 25
1593 20
1594 31
1595 51
1596 173
1597 26
