1 0
2 4
3 40
4 33
5 23
6 66
7 4
8 3
9 15
10 1
11 1
12 8
13 11
14 7
15 18
16 14
17 20
18 47
19 10
20 3
21 16
22 7
23 5
24 27
25 39
26 27
27 13
28 31
29 19
30 20
31 41
32 27
33 11
34 15
35 35
36 33
37 43
38 15
39 23
40 24
41 23
42 10
43 23
44 19
45 23
46 4
47 14
48 14
49 13
50 26
51 37
52 8
53 10
54 9
55 8
56 42
57 13
58 24
59 28
60 46
61 46
62 46
63 28
64 11
65 15
66 37
67 6
68 4
69 32
70 16
71 4
72 11
73 1
74 5
75 10
76 4
77 2
78 6
79 7
80 4
81 6
82 9
83 7
84 18
85 22
86 26
87 29
88 14
89 20
90 24
91 15
92 15
93 25
94 32
95 18
96 16
97 26
98 4
99 23
100 13
101 20
102 5
103 15
104 0
105 7
106 10
107 7
108 13
109 9
110 8
111 6
112 54
113 8
114 18
115 8
116 29
117 15
118 16
119 17
120 42
121 18
122 6
123 19
124 27
125 14
126 19
127 0
128 13
129 3
130 4
131 10
132 16
133 32
134 21
135 11
136 17
137 2
138 23
139 7
140 31
141 29
142 8
143 3
144 5
145 30
146 65
147 38
148 31
149 17
150 16
151 16
152 24
153 21
154 24
155 4
156 16
157 5
158 26
159 14
160 2
161 15
162 6
163 40
164 9
165 17
166 25
167 22
168 7
169 23
170 10
171 17
172 19
173 17
174 17
175 47
176 24
177 46
178 39
179 60
180 63
181 24
182 26
183 33
184 13
185 12
186 5
187 12
188 30
189 25
190 23
191 41
192 27
193 18
194 27
195 33
196 26
197 6
198 18
199 18
200 29
201 16
202 24
203 12
204 25
205 24
206 16
207 16
208 50
209 30
210 7
211 18
212 30
213 15
214 20
215 18
216 10
217 26
218 30
219 40
220 30
221 21
222 45
223 69
224 27
225 40
226 8
227 34
228 28
229 15
230 23
231 30
232 42
233 61
234 17
235 29
236 15
237 44
238 44
239 74
240 29
241 51
242 12
243 17
244 15
245 13
246 41
247 1
248 2
249 20
250 13
251 24
252 8
253 3
254 9
255 9
256 30
257 66
258 15
259 37
260 20
261 31
262 0
263 15
264 2
265 66
266 4
267 15
268 18
269 13
270 2
271 36
272 13
273 13
274 20
275 34
276 4
277 8
278 45
279 8
280 25
281 35
282 22
283 6
284 5
285 28
286 20
287 29
288 5
289 1
290 34
291 46
292 12
293 33
294 12
295 19
296 5
297 14
298 25
299 17
300 15
301 18
302 13
303 14
304 32
305 11
306 7
307 47
308 39
309 32
310 24
311 23
312 18
313 38
314 42
315 37
316 29
317 4
318 19
319 14
320 20
321 30
322 23
323 55
324 29
325 5
326 15
327 26
328 34
329 21
330 5
331 11
332 20
333 35
334 43
335 21
336 37
337 38
338 41
339 38
340 19
341 26
342 20
343 120
344 42
345 26
346 46
347 15
348 16
349 23
350 14
351 55
352 34
353 24
354 10
355 41
356 20
357 22
358 34
359 35
360 13
361 66
362 20
363 12
364 9
365 12
366 17
367 31
368 15
369 34
370 11
371 45
372 7
373 15
374 34
375 12
376 5
377 15
378 15
379 17
380 8
381 17
382 13
383 16
384 16
385 23
386 12
387 63
388 14
389 34
390 16
391 62
392 42
393 12
394 3
395 20
396 14
397 30
398 22
399 7
400 33
401 43
402 17
403 35
404 26
405 18
406 18
407 5
408 17
409 17
410 16
411 8
412 20
413 22
414 28
415 24
416 30
417 10
418 25
419 38
420 37
421 35
422 34
423 19
424 17
425 26
426 8
427 24
428 19
429 8
430 30
431 25
432 20
433 26
434 16
435 19
436 36
437 13
438 24
439 21
440 27
441 23
442 33
443 16
444 17
445 4
446 28
447 17
448 33
449 24
450 17
451 18
452 30
453 35
454 27
455 33
456 27
457 25
458 26
459 28
460 27
461 21
462 36
463 25
464 25
465 20
466 22
467 13
468 2
469 19
470 44
471 22
472 21
473 44
474 20
475 15
476 37
477 23
478 23
479 13
480 11
481 9
482 28
483 5
484 6
485 17
486 10
487 13
488 9
489 7
490 13
491 37
492 13
493 18
494 9
495 10
496 21
497 16
498 42
499 6
500 6
501 14
502 10
503 18
504 5
505 6
506 5
507 18
508 15
509 10
510 17
511 12
512 5
513 25
514 33
515 27
516 8
517 1
518 7
519 8
520 20
521 41
522 25
523 64
524 10
525 0
526 1
527 2
528 7
529 10
530 41
531 10
532 2
533 7
534 14
535 8
536 41
537 14
538 14
539 55
540 60
541 10
542 15
543 21
544 18
545 17
546 11
547 6
548 9
549 36
550 41
551 10
552 57
553 9
554 10
555 7
556 18
557 28
558 15
559 27
560 10
561 23
562 21
563 23
564 17
565 0
566 1
567 5
568 3
569 5
570 2
571 14
572 9
573 51
574 33
575 29
576 27
577 9
578 23
579 62
580 27
581 31
582 33
583 46
584 19
585 6
586 25
587 13
588 17
589 17
590 16
591 63
592 49
593 35
594 8
595 25
596 55
597 54
598 29
599 18
600 14
601 19
602 13
603 15
604 21
605 56
606 30
607 32
608 29
609 16
610 37
611 39
612 16
613 11
614 38
615 41
616 15
617 28
618 22
619 26
620 13
621 26
622 21
623 36
624 36
625 8
626 45
627 49
628 31
629 20
630 25
631 45
632 13
633 48
634 50
635 15
636 9
637 39
638 77
639 14
640 14
641 18
642 29
643 38
644 9
645 35
646 18
647 50
648 42
649 34
650 58
651 50
652 18
653 27
654 37
655 26
656 13
657 5
658 32
659 36
660 47
661 25
662 33
663 30
664 15
665 42
666 20
667 31
668 49
669 70
670 29
671 56
672 16
673 33
674 30
675 12
676 22
677 32
678 24
679 41
680 35
681 7
682 15
683 14
684 22
685 8
686 22
687 16
688 21
689 27
690 6
691 12
692 32
693 7
694 46
695 21
696 37
697 29
698 17
699 14
700 15
701 16
702 10
703 22
704 34
705 10
706 23
707 22
708 26
709 25
710 20
711 57
712 2
713 14
714 22
715 32
716 12
717 34
718 3
719 33
720 13
721 5
722 17
723 45
724 25
725 22
726 16
727 14
728 8
729 18
730 21
731 13
732 21
733 19
734 40
735 3
736 11
737 17
738 24
739 10
740 7
741 15
742 26
743 44
744 32
745 21
746 16
747 20
748 69
749 38
750 29
751 29
752 28
753 15
754 52
755 26
756 16
757 14
758 17
759 15
760 17
761 45
762 12
763 42
764 26
765 15
766 14
767 11
768 37
769 9
770 2
771 13
772 10
773 42
774 8
775 65
776 21
777 33
778 49
779 31
780 4
781 13
782 12
783 6
784 8
785 1
786 17
787 18
788 27
789 44
790 35
791 10
792 16
793 27
794 3
795 15
796 51
797 17
798 26
799 21
800 9
801 21
802 37
803 23
804 34
805 9
806 11
807 4
808 14
809 13
810 32
811 11
812 15
813 6
814 14
815 15
816 11
817 25
818 14
819 15
820 28
821 23
822 39
823 19
824 15
825 29
826 8
827 26
828 27
829 18
830 25
831 19
832 21
833 23
834 16
835 29
836 10
837 20
838 25
839 8
840 5
841 3
842 13
843 26
844 26
845 13
846 25
847 23
848 30
849 20
850 13
851 30
852 7
853 20
854 16
855 13
856 22
857 26
858 8
859 12
860 17
861 52
862 10
863 16
864 20
865 19
866 5
867 37
868 22
869 23
870 33
871 39
872 24
873 3
874 22
875 0
876 15
877 10
878 44
879 32
880 10
881 18
882 22
883 17
884 14
885 7
886 16
887 7
888 5
889 1
890 9
891 8
892 0
893 12
894 3
895 11
896 6
897 6
898 25
899 23
900 30
901 18
902 4
903 6
904 13
905 1
906 5
907 14
908 23
909 2
910 15
911 17
912 16
913 22
914 14
915 15
916 7
917 18
918 7
919 5
920 5
921 12
922 18
923 14
924 8
925 13
926 16
927 2
928 10
929 7
930 12
931 9
932 14
933 9
934 11
935 15
936 14
937 3
938 20
939 8
940 7
941 5
942 16
943 20
944 11
945 6
946 3
947 7
948 6
949 9
950 11
951 7
952 18
953 16
954 14
955 13
956 24
957 16
958 32
959 49
960 12
961 12
962 13
963 30
964 21
965 27
966 44
967 17
968 10
969 10
970 18
971 24
972 18
973 11
974 43
975 14
976 23
977 36
978 12
979 41
980 6
981 21
982 31
983 14
984 3
985 24
986 13
987 6
988 56
989 10
990 25
991 41
992 33
993 14
994 12
995 14
996 20
997 68
998 26
999 30
1000 12
1001 34
1002 55
1003 5
1004 27
1005 24
1006 39
1007 29
1008 41
1009 23
1010 11
1011 2
1012 50
1013 8
1014 41
1015 33
1016 28
1017 15
1018 5
1019 32
1020 17
1021 43
1022 15
1023 7
1024 10
1025 6
1026 26
1027 13
1028 13
1029 23
1030 5
1031 9
1032 37
1033 16
1034 21
1035 15
1036 26
1037 14
1038 3
1039 12
1040 6
1041 7
1042 23
1043 9
1044 13
1045 25
1046 16
1047 3
1048 21
1049 2
1050 9
1051 14
1052 12
1053 11
1054 18
1055 7
1056 13
1057 3
1058 35
1059 20
1060 4
1061 26
1062 14
1063 10
1064 15
1065 5
1066 19
1067 6
1068 22
1069 12
1070 7
1071 13
1072 3
1073 11
1074 12
1075 24
1076 30
1077 10
1078 6
1079 7
1080 33
1081 13
1082 26
1083 10
1084 25
1085 6
1086 7
1087 24
1088 28
1089 10
1090 14
1091 23
1092 4
1093 3
1094 7
1095 2
1096 27
1097 21
1098 20
1099 21
1100 4
1101 6
1102 2
1103 33
1104 18
1105 35
1106 27
1107 34
1108 28
1109 15
1110 8
1111 41
1112 12
1113 1
1114 4
1115 8
1116 1
1117 13
1118 9
1119 7
1120 11
1121 10
1122 3
1123 3
1124 3
1125 15
1126 15
1127 5
1128 4
1129 6
1130 13
1131 23
1132 2
1133 4
1134 6
1135 9
1136 4
1137 1
1138 2
1139 10
1140 10
1141 7
1142 11
1143 4
1144 5
1145 2
1146 20
1147 14
1148 5
1149 10
1150 6
1151 2
1152 18
1153 12
1154 11
1155 7
1156 19
1157 4
1158 13
1159 34
1160 1
1161 9
1162 8
1163 4
1164 4
1165 4
1166 3
1167 5
1168 5
1169 3
1170 9
1171 3
1172 6
1173 1
1174 6
1175 7
1176 7
1177 23
1178 15
1179 11
1180 3
1181 5
1182 5
1183 7
1184 14
1185 12
1186 9
1187 6
1188 5
1189 15
1190 7
1191 15
1192 26
1193 34
1194 10
1195 21
1196 21
1197 15
1198 0
1199 7
1200 20
1201 52
1202 9
1203 3
1204 8
1205 13
1206 13
1207 24
1208 38
1209 2
1210 2
1211 1
1212 2
1213 4
1214 9
1215 19
1216 47
1217 50
1218 14
1219 49
1220 4
1221 19
1222 6
1223 17
1224 36
1225 18
1226 6
1227 0
1228 18
1229 8
1230 24
1231 30
1232 9
1233 53
1234 3
1235 3
1236 19
1237 12
1238 44
1239 71
1240 17
1241 19
1242 16
1243 17
1244 10
1245 9
1246 7
1247 47
1248 18
1249 11
1250 26
1251 17
1252 1
1253 4
1254 15
1255 32
1256 20
1257 37
1258 31
1259 32
1260 28
1261 48
1262 30
1263 29
1264 21
1265 33
1266 25
1267 41
1268 14
1269 8
1270 1
1271 9
1272 15
1273 28
1274 5
1275 9
1276 22
1277 21
1278 24
1279 23
1280 17
1281 32
1282 21
1283 21
1284 18
1285 18
1286 53
1287 15
1288 15
1289 18
1290 3
1291 7
1292 14
1293 68
1294 27
1295 49
1296 48
1297 61
1298 10
1299 17
1300 60
1301 7
1302 35
1303 51
1304 9
1305 9
1306 11
1307 41
1308 4
1309 17
1310 10
1311 24
1312 6
1313 13
1314 69
1315 8
1316 15
1317 23
1318 12
1319 15
1320 43
1321 22
1322 10
1323 34
1324 11
1325 12
1326 44
1327 12
1328 40
1329 13
1330 11
1331 4
1332 12
1333 18
1334 44
1335 33
1336 15
1337 29
1338 11
1339 30
1340 22
1341 12
1342 23
1343 25
1344 46
1345 14
1346 12
1347 19
1348 13
1349 44
1350 20
1351 16
1352 42
1353 24
1354 19
1355 27
1356 16
1357 23
1358 8
1359 57
1360 28
1361 5
1362 22
1363 20
1364 26
1365 23
1366 18
1367 24
1368 16
1369 32
1370 26
1371 14
1372 61
1373 27
1374 18
1375 15
1376 18
1377 24
1378 11
1379 53
1380 13
1381 15
1382 8
1383 22
1384 13
1385 1
1386 23
1387 10
1388 25
1389 35
1390 18
1391 9
1392 5
1393 3
1394 40
1395 15
1396 14
1397 21
1398 13
1399 7
1400 12
1401 26
1402 17
1403 24
1404 24
1405 31
1406 17
1407 28
1408 25
1409 40
1410 46
1411 16
1412 20
1413 21
1414 12
1415 11
1416 1
1417 23
1418 18
1419 8
1420 28
1421 16
1422 12
1423 20
1424 15
1425 15
1426 12
1427 25
1428 20
1429 15
1430 36
1431 19
1432 9
1433 12
1434 11
1435 16
1436 21
1437 15
1438 9
1439 15
1440 20
1441 11
1442 6
1443 28
1444 3
1445 22
1446 17
1447 28
1448 23
1449 26
1450 21
1451 19
1452 22
1453 55
1454 28
1455 10
1456 6
1457 12
1458 17
1459 25
1460 18
1461 20
1462 14
1463 12
1464 26
1465 43
1466 34
1467 33
1468 46
1469 36
1470 43
1471 36
1472 36
1473 27
1474 37
1475 42
1476 55
1477 26
1478 28
1479 24
1480 16
1481 17
1482 25
1483 6
1484 34
1485 15
1486 33
1487 26
1488 19
1489 26
1490 48
1491 5
1492 7
1493 1
1494 0
1495 8
1496 6
1497 16
1498 1
1499 6
1500 12
1501 10
1502 7
1503 6
1504 15
1505 16
1506 5
1507 19
1508 19
1509 22
1510 13
1511 29
1512 10
1513 25
1514 26
1515 15
1516 19
1517 17
1518 43
1519 14
1520 30
1521 13
1522 20
1523 45
1524 10
1525 5
1526 14
1527 22
1528 18
1529 20
1530 8
1531 14
1532 2
1533 4
1534 7
1535 30
1536 3
1537 20
1538 12
1539 29
1540 7
1541 3
1542 7
1543 10
1544 10
1545 12
1546 12
1547 16
1548 13
1549 13
1550 13
1551 16
1552 20
1553 21
1554 23
1555 8
1556 10
1557 11
1558 8
1559 4
1560 6
1561 20
1562 104
1563 10
1564 14
1565 19
1566 49
1567 8
1568 9
1569 8
1570 6
1571 20
1572 43
1573 6
1574 13
1575 12
1576 12
1577 21
1578 1
1579 3
1580 10
1581 18
1582 20
1583 22
1584 5
1585 4
1586 6
1587 13
1588 12
1589 4
1590 40
1591 3
1592 9
1593 5
1594 11
1595 10
1596 64
1597 3
