1 0
2 0
3 7
4 27
5 11
6 27
7 2
8 2
9 31
10 0
11 0
12 5
13 0
14 5
15 8
16 46
17 12
18 43
19 12
20 1
21 13
22 3
23 3
24 51
25 37
26 1
27 4
28 8
29 4
30 3
31 7
32 8
33 1
34 7
35 53
36 4
37 38
38 9
39 7
40 6
41 1
42 7
43 0
44 0
45 14
46 0
47 0
48 42
49 0
50 4
51 21
52 5
53 4
54 3
55 2
56 25
57 5
58 65
59 12
60 23
61 9
62 13
63 0
64 14
65 39
66 16
67 6
68 2
69 9
70 3
71 0
72 17
73 9
74 28
75 18
76 11
77 22
78 5
79 18
80 8
81 9
82 3
83 31
84 46
85 72
86 36
87 12
88 8
89 6
90 14
91 19
92 0
93 15
94 3
95 4
96 24
97 8
98 3
99 27
100 3
101 23
102 3
103 35
104 4
105 5
106 17
107 0
108 8
109 6
110 19
111 0
112 27
113 7
114 11
115 14
116 19
117 7
118 37
119 12
120 21
121 2
122 12
123 17
124 22
125 18
126 28
127 1
128 17
129 3
130 8
131 12
132 26
133 29
134 25
135 5
136 6
137 3
138 10
139 7
140 8
141 14
142 0
143 6
144 16
145 43
146 2
147 24
148 29
149 28
150 17
151 7
152 3
153 16
154 7
155 1
156 1
157 7
158 9
159 11
160 0
161 28
162 36
163 31
164 0
165 14
166 14
167 27
168 5
169 6
170 37
171 4
172 1
173 0
174 11
175 15
176 15
177 43
178 17
179 19
180 38
181 17
182 22
183 9
184 8
185 7
186 7
187 3
188 28
189 3
190 0
191 3
192 5
193 41
194 3
195 31
196 9
197 0
198 16
199 6
200 10
201 0
202 1
203 7
204 6
205 8
206 32
207 16
208 24
209 31
210 1
211 17
212 0
213 3
214 16
215 2
216 1
217 16
218 21
219 11
220 5
221 1
222 33
223 9
224 7
225 83
226 0
227 3
228 8
229 1
230 4
231 21
232 18
233 39
234 0
235 2
236 10
237 17
238 6
239 21
240 10
241 7
242 4
243 8
244 1
245 3
246 10
247 25
248 28
249 46
250 8
251 1
252 7
253 19
254 29
255 17
256 3
257 46
258 24
259 16
260 4
261 2
262 0
263 23
264 1
265 8
266 3
267 17
268 0
269 2
270 4
271 57
272 0
273 0
274 0
275 20
276 0
277 6
278 3
279 3
280 5
281 6
282 2
283 63
284 14
285 1
286 7
287 31
288 11
289 6
290 26
291 27
292 9
293 84
294 9
295 14
296 2
297 5
298 25
299 3
300 1
301 2
302 42
303 17
304 0
305 9
306 0
307 138
308 18
309 73
310 0
311 25
312 1
313 11
314 45
315 23
316 28
317 11
318 46
319 26
320 23
321 14
322 6
323 60
324 34
325 1
326 5
327 11
328 30
329 0
330 3
331 1
332 15
333 18
334 2
335 29
336 4
337 7
338 28
339 28
340 5
341 7
342 104
343 39
344 35
345 15
346 60
347 41
348 2
349 3
350 2
351 49
352 13
353 31
354 4
355 22
356 7
357 6
358 13
359 9
360 2
361 18
362 12
363 2
364 6
365 0
366 12
367 11
368 14
369 2
370 1
371 22
372 7
373 3
374 10
375 6
376 25
377 36
378 13
379 17
380 1
381 5
382 3
383 0
384 6
385 36
386 49
387 35
388 19
389 32
390 9
391 28
392 27
393 7
394 31
395 38
396 8
397 23
398 55
399 3
400 33
401 14
402 8
403 0
404 8
405 18
406 25
407 8
408 7
409 26
410 8
411 17
412 2
413 12
414 16
415 27
416 15
417 0
418 35
419 29
420 13
421 27
422 31
423 2
424 23
425 82
426 13
427 14
428 46
429 0
430 26
431 25
432 28
433 9
434 0
435 0
436 7
437 1
438 0
439 12
440 15
441 29
442 18
443 14
444 6
445 0
446 26
447 7
448 19
449 3
450 6
451 4
452 16
453 11
454 19
455 31
456 5
457 35
458 13
459 9
460 9
461 4
462 29
463 22
464 14
465 0
466 9
467 9
468 8
469 1
470 22
471 14
472 18
473 27
474 12
475 11
476 24
477 0
478 8
479 1
480 13
481 11
482 15
483 0
484 0
485 0
486 10
487 0
488 1
489 1
490 15
491 18
492 3
493 0
494 5
495 10
496 1
497 0
498 35
499 29
500 0
501 2
502 5
503 3
504 0
505 11
506 3
507 8
508 11
509 6
510 6
511 5
512 2
513 25
514 9
515 30
516 5
517 4
518 5
519 12
520 7
521 1
522 7
523 33
524 8
525 6
526 1
527 2
528 4
529 2
530 12
531 4
532 9
533 18
534 1
535 1
536 1
537 46
538 22
539 13
540 11
541 15
542 18
543 21
544 56
545 0
546 0
547 9
548 11
549 15
550 10
551 2
552 15
553 34
554 8
555 18
556 38
557 9
558 36
559 26
560 25
561 33
562 27
563 13
564 16
565 10
566 6
567 4
568 28
569 9
570 5
571 55
572 7
573 101
574 36
575 8
576 9
577 2
578 3
579 33
580 9
581 13
582 2
583 32
584 10
585 8
586 9
587 0
588 13
589 11
590 12
591 22
592 45
593 4
594 5
595 19
596 27
597 17
598 16
599 30
600 15
601 3
602 5
603 14
604 12
605 45
606 11
607 46
608 5
609 9
610 17
611 27
612 0
613 1
614 19
615 45
616 44
617 7
618 6
619 0
620 3
621 15
622 17
623 17
624 9
625 14
626 12
627 29
628 3
629 11
630 27
631 22
632 2
633 28
634 4
635 19
636 0
637 15
638 14
639 0
640 0
641 8
642 10
643 17
644 6
645 13
646 4
647 35
648 13
649 21
650 2
651 32
652 3
653 2
654 15
655 14
656 2
657 3
658 8
659 9
660 19
661 18
662 20
663 1
664 1
665 10
666 0
667 15
668 11
669 21
670 4
671 14
672 6
673 15
674 13
675 2
676 15
677 33
678 30
679 10
680 16
681 13
682 39
683 15
684 13
685 7
686 23
687 27
688 65
689 53
690 0
691 0
692 15
693 3
694 3
695 1
696 60
697 67
698 1
699 12
700 4
701 11
702 9
703 51
704 35
705 7
706 10
707 3
708 7
709 0
710 9
711 46
712 0
713 7
714 6
715 26
716 24
717 1
718 0
719 5
720 6
721 0
722 1
723 11
724 2
725 6
726 1
727 13
728 19
729 7
730 16
731 2
732 6
733 6
734 18
735 1
736 3
737 30
738 8
739 9
740 3
741 1
742 32
743 2
744 23
745 2
746 5
747 8
748 15
749 18
750 45
751 23
752 9
753 7
754 20
755 17
756 15
757 5
758 17
759 5
760 2
761 19
762 3
763 29
764 7
765 45
766 4
767 0
768 61
769 5
770 0
771 0
772 2
773 1
774 0
775 15
776 2
777 54
778 29
779 39
780 13
781 1
782 10
783 10
784 25
785 1
786 8
787 10
788 11
789 10
790 5
791 6
792 6
793 43
794 1
795 2
796 12
797 68
798 16
799 15
800 13
801 2
802 30
803 15
804 29
805 2
806 2
807 4
808 7
809 6
810 2
811 31
812 8
813 0
814 25
815 47
816 0
817 12
818 14
819 14
820 14
821 18
822 33
823 7
824 0
825 31
826 5
827 14
828 15
829 2
830 28
831 39
832 9
833 1
834 0
835 16
836 45
837 28
838 7
839 13
840 0
841 6
842 7
843 3
844 35
845 3
846 5
847 18
848 24
849 13
850 15
851 15
852 2
853 14
854 8
855 23
856 5
857 9
858 0
859 10
860 2
861 11
862 0
863 7
864 3
865 20
866 2
867 15
868 1
869 16
870 9
871 16
872 46
873 7
874 21
875 5
876 4
877 1
878 31
879 3
880 5
881 12
882 0
883 0
884 1
885 1
886 5
887 9
888 1
889 2
890 10
891 6
892 0
893 4
894 7
895 2
896 6
897 0
898 17
899 65
900 23
901 11
902 2
903 9
904 0
905 0
906 0
907 8
908 13
909 3
910 3
911 1
912 27
913 4
914 0
915 38
916 72
917 16
918 0
919 27
920 4
921 14
922 17
923 39
924 41
925 43
926 9
927 3
928 15
929 2
930 8
931 27
932 0
933 21
934 11
935 17
936 13
937 0
938 21
939 20
940 10
941 2
942 6
943 1
944 6
945 5
946 4
947 4
948 3
949 9
950 3
951 5
952 6
953 2
954 3
955 3
956 20
957 17
958 18
959 9
960 3
961 9
962 1
963 2
964 19
965 1
966 20
967 9
968 0
969 0
970 23
971 7
972 7
973 3
974 29
975 15
976 8
977 39
978 4
979 0
980 4
981 0
982 6
983 0
984 14
985 53
986 0
987 0
988 19
989 0
990 21
991 37
992 23
993 2
994 13
995 3
996 28
997 19
998 21
999 3
1000 3
1001 42
1002 40
1003 1
1004 13
1005 0
1006 22
1007 7
1008 5
1009 22
1010 0
1011 1
1012 61
1013 0
1014 16
1015 12
1016 11
1017 12
1018 0
1019 16
1020 3
1021 29
1022 2
1023 0
1024 0
1025 2
1026 0
1027 9
1028 0
1029 11
1030 17
1031 11
1032 15
1033 14
1034 7
1035 3
1036 4
1037 7
1038 2
1039 6
1040 3
1041 0
1042 30
1043 0
1044 3
1045 23
1046 5
1047 8
1048 6
1049 0
1050 2
1051 1
1052 2
1053 5
1054 15
1055 4
1056 19
1057 0
1058 12
1059 16
1060 11
1061 13
1062 2
1063 0
1064 22
1065 15
1066 12
1067 1
1068 8
1069 12
1070 0
1071 22
1072 0
1073 6
1074 21
1075 8
1076 22
1077 13
1078 7
1079 4
1080 3
1081 37
1082 39
1083 10
1084 15
1085 8
1086 4
1087 39
1088 25
1089 3
1090 46
1091 12
1092 0
1093 27
1094 32
1095 10
1096 17
1097 8
1098 9
1099 27
1100 3
1101 10
1102 4
1103 53
1104 24
1105 30
1106 24
1107 13
1108 4
1109 0
1110 0
1111 6
1112 0
1113 8
1114 0
1115 16
1116 1
1117 6
1118 2
1119 0
1120 3
1121 0
1122 11
1123 0
1124 3
1125 13
1126 20
1127 3
1128 6
1129 9
1130 25
1131 38
1132 0
1133 4
1134 2
1135 20
1136 1
1137 2
1138 2
1139 4
1140 0
1141 4
1142 15
1143 1
1144 2
1145 0
1146 10
1147 16
1148 3
1149 2
1150 20
1151 22
1152 33
1153 2
1154 15
1155 0
1156 22
1157 1
1158 5
1159 44
1160 2
1161 24
1162 0
1163 4
1164 13
1165 2
1166 15
1167 21
1168 1
1169 0
1170 16
1171 0
1172 10
1173 4
1174 5
1175 0
1176 18
1177 39
1178 5
1179 5
1180 13
1181 4
1182 7
1183 5
1184 19
1185 6
1186 8
1187 25
1188 0
1189 30
1190 15
1191 15
1192 14
1193 57
1194 14
1195 1
1196 13
1197 7
1198 0
1199 19
1200 13
1201 123
1202 8
1203 18
1204 58
1205 15
1206 3
1207 1
1208 13
1209 2
1210 6
1211 7
1212 5
1213 2
1214 0
1215 1
1216 5
1217 12
1218 23
1219 55
1220 0
1221 1
1222 8
1223 19
1224 11
1225 0
1226 3
1227 6
1228 1
1229 18
1230 21
1231 14
1232 9
1233 28
1234 15
1235 12
1236 4
1237 8
1238 7
1239 41
1240 0
1241 0
1242 3
1243 9
1244 5
1245 0
1246 0
1247 19
1248 10
1249 24
1250 6
1251 4
1252 4
1253 6
1254 1
1255 1
1256 11
1257 11
1258 4
1259 4
1260 4
1261 44
1262 9
1263 53
1264 6
1265 35
1266 13
1267 20
1268 6
1269 4
1270 2
1271 18
1272 21
1273 66
1274 14
1275 8
1276 14
1277 55
1278 42
1279 17
1280 0
1281 19
1282 0
1283 7
1284 22
1285 20
1286 105
1287 12
1288 1
1289 14
1290 0
1291 13
1292 5
1293 29
1294 4
1295 40
1296 10
1297 27
1298 7
1299 10
1300 49
1301 9
1302 22
1303 60
1304 3
1305 6
1306 1
1307 10
1308 25
1309 31
1310 9
1311 4
1312 3
1313 0
1314 26
1315 21
1316 1
1317 1
1318 6
1319 36
1320 74
1321 24
1322 3
1323 22
1324 7
1325 7
1326 10
1327 5
1328 36
1329 0
1330 6
1331 7
1332 0
1333 10
1334 8
1335 12
1336 0
1337 5
1338 4
1339 95
1340 12
1341 8
1342 23
1343 0
1344 14
1345 18
1346 2
1347 10
1348 4
1349 28
1350 15
1351 8
1352 5
1353 15
1354 0
1355 15
1356 8
1357 37
1358 0
1359 22
1360 10
1361 17
1362 5
1363 37
1364 26
1365 2
1366 20
1367 7
1368 2
1369 15
1370 26
1371 8
1372 1
1373 3
1374 6
1375 0
1376 17
1377 0
1378 8
1379 26
1380 30
1381 90
1382 46
1383 16
1384 22
1385 7
1386 30
1387 13
1388 6
1389 6
1390 28
1391 4
1392 0
1393 2
1394 17
1395 21
1396 20
1397 9
1398 1
1399 0
1400 13
1401 3
1402 10
1403 6
1404 7
1405 8
1406 0
1407 8
1408 9
1409 69
1410 18
1411 2
1412 11
1413 3
1414 3
1415 12
1416 0
1417 0
1418 12
1419 7
1420 0
1421 2
1422 6
1423 6
1424 2
1425 4
1426 2
1427 12
1428 5
1429 7
1430 14
1431 9
1432 5
1433 3
1434 15
1435 64
1436 9
1437 5
1438 0
1439 3
1440 9
1441 8
1442 0
1443 6
1444 15
1445 12
1446 4
1447 15
1448 5
1449 23
1450 4
1451 4
1452 17
1453 13
1454 18
1455 6
1456 9
1457 0
1458 7
1459 17
1460 22
1461 2
1462 7
1463 5
1464 3
1465 28
1466 8
1467 33
1468 18
1469 10
1470 9
1471 9
1472 28
1473 7
1474 6
1475 2
1476 10
1477 4
1478 4
1479 7
1480 4
1481 13
1482 36
1483 7
1484 32
1485 13
1486 7
1487 20
1488 0
1489 0
1490 22
1491 7
1492 29
1493 0
1494 3
1495 35
1496 11
1497 1
1498 11
1499 5
1500 2
1501 0
1502 1
1503 13
1504 33
1505 10
1506 12
1507 40
1508 45
1509 4
1510 10
1511 57
1512 9
1513 0
1514 8
1515 6
1516 2
1517 4
1518 2
1519 0
1520 8
1521 12
1522 23
1523 36
1524 0
1525 31
1526 19
1527 5
1528 41
1529 3
1530 7
1531 1
1532 0
1533 0
1534 2
1535 23
1536 12
1537 54
1538 0
1539 18
1540 0
1541 0
1542 4
1543 0
1544 4
1545 4
1546 11
1547 3
1548 12
1549 7
1550 4
1551 5
1552 19
1553 1
1554 24
1555 19
1556 3
1557 3
1558 0
1559 12
1560 8
1561 8
1562 54
1563 4
1564 10
1565 0
1566 4
1567 0
1568 2
1569 11
1570 0
1571 40
1572 12
1573 11
1574 15
1575 109
1576 0
1577 0
1578 7
1579 15
1580 7
1581 8
1582 2
1583 2
1584 9
1585 5
1586 1
1587 6
1588 0
1589 5
1590 6
1591 0
1592 38
1593 48
1594 8
1595 12
1596 88
1597 5
