1 0
2 0
3 8
4 30
5 14
6 5
7 0
8 8
9 6
10 0
11 0
12 7
13 0
14 4
15 1
16 3
17 9
18 8
19 7
20 0
21 3
22 6
23 8
24 42
25 45
26 11
27 3
28 4
29 8
30 5
31 4
32 4
33 0
34 6
35 7
36 14
37 7
38 2
39 12
40 4
41 0
42 1
43 6
44 2
45 1
46 0
47 0
48 9
49 1
50 12
51 20
52 3
53 9
54 0
55 3
56 23
57 1
58 29
59 8
60 9
61 7
62 17
63 3
64 0
65 11
66 8
67 5
68 0
69 2
70 2
71 0
72 8
73 4
74 30
75 9
76 0
77 2
78 1
79 10
80 1
81 7
82 1
83 10
84 22
85 8
86 13
87 5
88 2
89 4
90 3
91 3
92 0
93 2
94 4
95 7
96 33
97 2
98 6
99 7
100 2
101 3
102 0
103 18
104 1
105 0
106 2
107 1
108 3
109 9
110 1
111 6
112 51
113 1
114 2
115 1
116 10
117 4
118 5
119 1
120 11
121 4
122 1
123 18
124 21
125 5
126 4
127 0
128 15
129 3
130 3
131 4
132 2
133 1
134 5
135 5
136 19
137 2
138 9
139 0
140 16
141 2
142 0
143 0
144 1
145 7
146 12
147 4
148 5
149 2
150 6
151 15
152 0
153 0
154 5
155 1
156 0
157 1
158 2
159 28
160 0
161 5
162 7
163 1
164 4
165 2
166 5
167 3
168 7
169 3
170 3
171 4
172 12
173 0
174 0
175 8
176 2
177 8
178 2
179 6
180 12
181 7
182 2
183 8
184 3
185 3
186 4
187 0
188 16
189 2
190 0
191 3
192 1
193 3
194 7
195 18
196 0
197 0
198 4
199 8
200 5
201 0
202 5
203 3
204 0
205 0
206 3
207 11
208 18
209 17
210 5
211 4
212 0
213 2
214 20
215 5
216 0
217 6
218 9
219 8
220 2
221 4
222 4
223 1
224 2
225 1
226 0
227 0
228 15
229 0
230 1
231 5
232 16
233 7
234 6
235 0
236 45
237 9
238 0
239 3
240 0
241 0
242 0
243 3
244 0
245 4
246 2
247 99
248 8
249 1
250 0
251 1
252 0
253 10
254 1
255 4
256 2
257 11
258 1
259 2
260 15
261 1
262 0
263 0
264 0
265 4
266 0
267 4
268 4
269 0
270 0
271 1
272 0
273 0
274 0
275 29
276 0
277 0
278 0
279 0
280 0
281 1
282 4
283 8
284 2
285 5
286 8
287 7
288 1
289 2
290 5
291 5
292 2
293 9
294 0
295 4
296 1
297 0
298 23
299 1
300 0
301 0
302 2
303 11
304 12
305 4
306 5
307 16
308 5
309 4
310 1
311 4
312 3
313 9
314 14
315 7
316 11
317 2
318 5
319 7
320 7
321 3
322 2
323 24
324 6
325 0
326 1
327 4
328 26
329 0
330 1
331 2
332 6
333 14
334 11
335 6
336 2
337 4
338 3
339 1
340 1
341 5
342 10
343 3
344 8
345 5
346 10
347 2
348 0
349 7
350 1
351 4
352 6
353 2
354 1
355 21
356 0
357 4
358 10
359 1
360 0
361 7
362 1
363 1
364 2
365 2
366 0
367 8
368 0
369 3
370 0
371 12
372 0
373 0
374 20
375 17
376 2
377 0
378 30
379 2
380 1
381 1
382 0
383 1
384 1
385 1
386 5
387 9
388 17
389 10
390 4
391 7
392 19
393 0
394 0
395 23
396 0
397 6
398 6
399 1
400 4
401 17
402 4
403 6
404 15
405 5
406 9
407 13
408 0
409 8
410 0
411 2
412 0
413 10
414 6
415 14
416 22
417 10
418 12
419 4
420 3
421 8
422 2
423 3
424 7
425 13
426 2
427 12
428 6
429 0
430 0
431 4
432 13
433 27
434 0
435 5
436 2
437 2
438 5
439 13
440 2
441 2
442 4
443 2
444 1
445 0
446 1
447 34
448 0
449 4
450 1
451 6
452 7
453 3
454 10
455 19
456 13
457 5
458 1
459 13
460 0
461 2
462 9
463 3
464 30
465 0
466 9
467 3
468 0
469 0
470 20
471 17
472 1
473 8
474 0
475 6
476 11
477 0
478 1
479 0
480 1
481 0
482 41
483 2
484 2
485 6
486 10
487 1
488 0
489 6
490 6
491 5
492 3
493 3
494 7
495 1
496 9
497 5
498 3
499 2
500 1
501 0
502 0
503 4
504 0
505 4
506 3
507 1
508 8
509 3
510 0
511 4
512 0
513 2
514 0
515 5
516 0
517 2
518 7
519 0
520 9
521 0
522 2
523 3
524 0
525 0
526 0
527 0
528 0
529 6
530 5
531 0
532 9
533 7
534 9
535 4
536 1
537 4
538 6
539 4
540 4
541 9
542 0
543 12
544 10
545 2
546 0
547 8
548 6
549 6
550 0
551 2
552 4
553 3
554 13
555 11
556 21
557 6
558 14
559 20
560 9
561 15
562 10
563 6
564 1
565 0
566 11
567 3
568 5
569 13
570 13
571 17
572 3
573 13
574 10
575 0
576 4
577 3
578 2
579 19
580 11
581 4
582 2
583 15
584 2
585 5
586 1
587 0
588 6
589 8
590 0
591 8
592 22
593 3
594 10
595 7
596 4
597 19
598 1
599 4
600 5
601 0
602 1
603 7
604 4
605 20
606 15
607 18
608 11
609 0
610 5
611 11
612 0
613 0
614 3
615 17
616 9
617 7
618 0
619 3
620 1
621 21
622 8
623 5
624 36
625 0
626 8
627 17
628 19
629 14
630 15
631 2
632 4
633 22
634 9
635 12
636 1
637 6
638 14
639 3
640 0
641 3
642 11
643 9
644 0
645 13
646 2
647 14
648 6
649 8
650 8
651 12
652 10
653 0
654 9
655 5
656 29
657 0
658 3
659 7
660 15
661 9
662 1
663 2
664 49
665 19
666 4
667 5
668 32
669 34
670 9
671 8
672 7
673 16
674 29
675 5
676 13
677 4
678 36
679 6
680 22
681 10
682 0
683 5
684 21
685 1
686 5
687 11
688 17
689 3
690 4
691 0
692 3
693 0
694 1
695 8
696 27
697 27
698 101
699 6
700 0
701 5
702 14
703 9
704 16
705 1
706 5
707 0
708 4
709 1
710 3
711 14
712 5
713 0
714 3
715 17
716 2
717 9
718 0
719 3
720 0
721 0
722 2
723 10
724 3
725 8
726 2
727 1
728 3
729 4
730 3
731 1
732 4
733 18
734 8
735 0
736 4
737 4
738 3
739 12
740 2
741 0
742 22
743 0
744 39
745 0
746 10
747 6
748 29
749 3
750 8
751 9
752 11
753 8
754 10
755 0
756 11
757 5
758 41
759 0
760 3
761 5
762 0
763 26
764 9
765 11
766 6
767 0
768 9
769 0
770 0
771 0
772 0
773 3
774 0
775 19
776 0
777 3
778 12
779 4
780 0
781 0
782 0
783 9
784 0
785 0
786 7
787 0
788 18
789 3
790 16
791 1
792 0
793 14
794 0
795 3
796 11
797 15
798 12
799 3
800 0
801 0
802 8
803 18
804 3
805 3
806 3
807 3
808 14
809 2
810 2
811 9
812 4
813 3
814 7
815 4
816 0
817 4
818 1
819 0
820 21
821 0
822 5
823 0
824 10
825 8
826 6
827 4
828 0
829 2
830 9
831 1
832 5
833 0
834 0
835 2
836 11
837 6
838 3
839 0
840 0
841 4
842 14
843 10
844 17
845 1
846 7
847 17
848 11
849 10
850 11
851 9
852 0
853 1
854 0
855 9
856 10
857 0
858 6
859 11
860 0
861 1
862 0
863 29
864 1
865 5
866 0
867 6
868 1
869 9
870 0
871 13
872 12
873 6
874 10
875 3
876 0
877 1
878 10
879 9
880 4
881 7
882 6
883 0
884 2
885 3
886 5
887 8
888 0
889 0
890 0
891 0
892 0
893 4
894 1
895 10
896 8
897 1
898 9
899 3
900 4
901 8
902 0
903 0
904 9
905 0
906 0
907 0
908 7
909 0
910 0
911 2
912 2
913 7
914 0
915 9
916 0
917 6
918 0
919 16
920 2
921 3
922 1
923 6
924 5
925 1
926 0
927 8
928 4
929 6
930 1
931 4
932 1
933 0
934 4
935 1
936 2
937 0
938 9
939 2
940 0
941 0
942 9
943 5
944 0
945 1
946 1
947 2
948 7
949 10
950 3
951 0
952 4
953 3
954 1
955 1
956 20
957 7
958 6
959 14
960 1
961 1
962 0
963 0
964 3
965 4
966 6
967 1
968 3
969 0
970 3
971 6
972 2
973 5
974 7
975 5
976 2
977 17
978 3
979 0
980 0
981 3
982 3
983 0
984 6
985 2
986 6
987 1
988 18
989 0
990 3
991 9
992 10
993 0
994 9
995 4
996 3
997 13
998 4
999 1
1000 0
1001 25
1002 15
1003 1
1004 13
1005 0
1006 10
1007 12
1008 27
1009 108
1010 0
1011 1
1012 10
1013 0
1014 21
1015 4
1016 5
1017 2
1018 0
1019 2
1020 0
1021 12
1022 3
1023 0
1024 4
1025 0
1026 1
1027 0
1028 0
1029 2
1030 0
1031 14
1032 9
1033 9
1034 37
1035 9
1036 2
1037 7
1038 0
1039 2
1040 1
1041 0
1042 11
1043 2
1044 14
1045 5
1046 2
1047 0
1048 9
1049 2
1050 0
1051 0
1052 11
1053 12
1054 3
1055 0
1056 0
1057 0
1058 15
1059 3
1060 9
1061 4
1062 3
1063 4
1064 18
1065 1
1066 2
1067 3
1068 2
1069 4
1070 0
1071 18
1072 3
1073 4
1074 3
1075 20
1076 4
1077 3
1078 4
1079 3
1080 15
1081 10
1082 27
1083 8
1084 18
1085 9
1086 0
1087 7
1088 4
1089 4
1090 6
1091 6
1092 2
1093 0
1094 18
1095 3
1096 13
1097 4
1098 31
1099 29
1100 0
1101 1
1102 3
1103 19
1104 16
1105 12
1106 3
1107 2
1108 41
1109 0
1110 0
1111 11
1112 0
1113 0
1114 4
1115 1
1116 0
1117 2
1118 6
1119 0
1120 4
1121 1
1122 5
1123 0
1124 1
1125 3
1126 2
1127 1
1128 0
1129 1
1130 15
1131 19
1132 0
1133 2
1134 6
1135 0
1136 0
1137 3
1138 1
1139 3
1140 4
1141 0
1142 4
1143 0
1144 9
1145 0
1146 1
1147 3
1148 9
1149 0
1150 4
1151 3
1152 7
1153 2
1154 6
1155 2
1156 2
1157 3
1158 4
1159 10
1160 0
1161 1
1162 0
1163 11
1164 3
1165 5
1166 7
1167 6
1168 13
1169 5
1170 22
1171 0
1172 17
1173 1
1174 13
1175 11
1176 2
1177 9
1178 7
1179 11
1180 13
1181 11
1182 15
1183 0
1184 5
1185 3
1186 5
1187 1
1188 2
1189 15
1190 5
1191 2
1192 3
1193 21
1194 3
1195 1
1196 0
1197 1
1198 0
1199 12
1200 0
1201 9
1202 1
1203 2
1204 10
1205 0
1206 1
1207 2
1208 6
1209 0
1210 0
1211 6
1212 5
1213 0
1214 0
1215 2
1216 14
1217 6
1218 1
1219 41
1220 2
1221 0
1222 47
1223 9
1224 4
1225 1
1226 0
1227 2
1228 3
1229 2
1230 4
1231 21
1232 1
1233 4
1234 6
1235 0
1236 3
1237 3
1238 6
1239 6
1240 0
1241 4
1242 4
1243 2
1244 8
1245 3
1246 2
1247 13
1248 1
1249 2
1250 20
1251 2
1252 0
1253 2
1254 0
1255 0
1256 0
1257 2
1258 4
1259 2
1260 0
1261 8
1262 4
1263 0
1264 1
1265 15
1266 4
1267 8
1268 4
1269 0
1270 0
1271 0
1272 0
1273 3
1274 0
1275 7
1276 0
1277 5
1278 6
1279 0
1280 1
1281 1
1282 0
1283 10
1284 6
1285 2
1286 6
1287 0
1288 6
1289 1
1290 0
1291 4
1292 12
1293 10
1294 4
1295 20
1296 1
1297 22
1298 1
1299 7
1300 10
1301 0
1302 1
1303 13
1304 2
1305 0
1306 0
1307 6
1308 0
1309 4
1310 1
1311 0
1312 0
1313 0
1314 15
1315 0
1316 2
1317 0
1318 13
1319 7
1320 3
1321 4
1322 0
1323 1
1324 0
1325 2
1326 8
1327 5
1328 6
1329 1
1330 2
1331 2
1332 0
1333 9
1334 6
1335 21
1336 0
1337 0
1338 15
1339 17
1340 1
1341 7
1342 3
1343 2
1344 4
1345 4
1346 4
1347 0
1348 0
1349 9
1350 21
1351 10
1352 24
1353 15
1354 0
1355 4
1356 0
1357 7
1358 1
1359 2
1360 5
1361 0
1362 10
1363 2
1364 11
1365 1
1366 9
1367 10
1368 0
1369 6
1370 4
1371 0
1372 5
1373 0
1374 6
1375 0
1376 9
1377 0
1378 6
1379 17
1380 0
1381 11
1382 6
1383 6
1384 3
1385 0
1386 3
1387 3
1388 3
1389 0
1390 8
1391 0
1392 2
1393 0
1394 4
1395 3
1396 2
1397 2
1398 0
1399 0
1400 1
1401 0
1402 0
1403 5
1404 7
1405 8
1406 4
1407 13
1408 7
1409 10
1410 10
1411 5
1412 10
1413 4
1414 2
1415 1
1416 0
1417 0
1418 2
1419 6
1420 3
1421 3
1422 9
1423 4
1424 0
1425 3
1426 4
1427 18
1428 3
1429 2
1430 17
1431 6
1432 1
1433 0
1434 1
1435 10
1436 9
1437 1
1438 3
1439 1
1440 4
1441 2
1442 0
1443 11
1444 2
1445 7
1446 1
1447 7
1448 16
1449 33
1450 9
1451 5
1452 3
1453 10
1454 9
1455 8
1456 5
1457 0
1458 7
1459 26
1460 5
1461 4
1462 16
1463 5
1464 0
1465 17
1466 4
1467 28
1468 31
1469 1
1470 20
1471 1
1472 21
1473 2
1474 15
1475 19
1476 15
1477 5
1478 0
1479 18
1480 3
1481 17
1482 7
1483 7
1484 3
1485 9
1486 9
1487 30
1488 3
1489 1
1490 8
1491 2
1492 0
1493 0
1494 29
1495 2
1496 16
1497 0
1498 0
1499 1
1500 12
1501 0
1502 0
1503 3
1504 3
1505 0
1506 0
1507 5
1508 13
1509 3
1510 3
1511 5
1512 17
1513 0
1514 12
1515 0
1516 2
1517 4
1518 0
1519 1
1520 3
1521 11
1522 19
1523 12
1524 4
1525 1
1526 0
1527 5
1528 1
1529 3
1530 2
1531 0
1532 8
1533 6
1534 0
1535 15
1536 9
1537 23
1538 8
1539 7
1540 5
1541 1
1542 0
1543 0
1544 5
1545 9
1546 1
1547 2
1548 6
1549 1
1550 1
1551 3
1552 9
1553 9
1554 9
1555 6
1556 0
1557 12
1558 1
1559 6
1560 0
1561 1
1562 20
1563 1
1564 10
1565 9
1566 15
1567 0
1568 0
1569 5
1570 0
1571 23
1572 10
1573 6
1574 2
1575 10
1576 3
1577 0
1578 13
1579 1
1580 3
1581 0
1582 0
1583 6
1584 1
1585 0
1586 0
1587 0
1588 1
1589 1
1590 9
1591 1
1592 6
1593 1
1594 8
1595 0
1596 23
1597 1
