1 3
2 7
3 71
4 93
5 69
6 147
7 18
8 5
9 89
10 3
11 13
12 73
13 150
14 36
15 97
16 91
17 147
18 135
19 6
20 0
21 4
22 13
23 6
24 17
25 22
26 35
27 16
28 31
29 12
30 11
31 53
32 21
33 17
34 13
35 26
36 28
37 22
38 11
39 13
40 9
41 18
42 13
43 14
44 11
45 11
46 10
47 7
48 10
49 4
50 7
51 27
52 20
53 19
54 15
55 7
56 20
57 10
58 16
59 23
60 35
61 28
62 42
63 18
64 12
65 8
66 33
67 17
68 21
69 20
70 17
71 2
72 30
73 23
74 16
75 60
76 39
77 21
78 39
79 31
80 44
81 36
82 29
83 36
84 70
85 103
86 42
87 150
88 51
89 57
90 37
91 36
92 22
93 51
94 79
95 99
96 30
97 16
98 21
99 59
100 60
101 64
102 13
103 52
104 5
105 12
106 83
107 51
108 47
109 32
110 11
111 31
112 62
113 6
114 55
115 14
116 45
117 34
118 38
119 53
120 65
121 27
122 21
123 115
124 112
125 66
126 86
127 12
128 30
129 37
130 12
131 18
132 23
133 50
134 35
135 33
136 7
137 11
138 12
139 16
140 44
141 57
142 9
143 11
144 12
145 21
146 154
147 48
148 30
149 26
150 21
151 22
152 30
153 43
154 73
155 16
156 54
157 12
158 48
159 13
160 16
161 17
162 6
163 27
164 12
165 11
166 53
167 25
168 13
169 39
170 16
171 50
172 22
173 30
174 13
175 41
176 22
177 76
178 64
179 57
180 47
181 44
182 41
183 65
184 9
185 22
186 13
187 14
188 41
189 25
190 33
191 47
192 47
193 16
194 50
195 50
196 38
197 12
198 13
199 57
200 40
201 12
202 27
203 24
204 82
205 46
206 24
207 37
208 76
209 45
210 17
211 15
212 69
213 33
214 35
215 11
216 25
217 28
218 25
219 55
220 16
221 13
222 60
223 133
224 90
225 55
226 31
227 53
228 35
229 36
230 54
231 56
232 65
233 51
234 64
235 73
236 35
237 81
238 100
239 50
240 44
241 53
242 20
243 15
244 24
245 26
246 79
247 11
248 10
249 42
250 29
251 31
252 40
253 20
254 50
255 26
256 9
257 124
258 49
259 53
260 45
261 66
262 13
263 50
264 12
265 134
266 18
267 49
268 41
269 22
270 18
271 83
272 18
273 47
274 25
275 28
276 6
277 15
278 105
279 9
280 13
281 41
282 16
283 16
284 16
285 5
286 26
287 49
288 43
289 6
290 44
291 57
292 32
293 27
294 27
295 23
296 13
297 18
298 36
299 34
300 18
301 16
302 18
303 16
304 56
305 12
306 21
307 130
308 57
309 35
310 52
311 20
312 42
313 31
314 76
315 38
316 24
317 24
318 29
319 35
320 43
321 58
322 80
323 79
324 58
325 20
326 26
327 103
328 45
329 21
330 8
331 17
332 55
333 71
334 65
335 40
336 54
337 47
338 39
339 41
340 37
341 22
342 41
343 94
344 50
345 20
346 105
347 38
348 34
349 40
350 14
351 43
352 46
353 24
354 29
355 64
356 41
357 45
358 38
359 19
360 8
361 206
362 34
363 25
364 33
365 31
366 33
367 58
368 24
369 51
370 56
371 97
372 7
373 23
374 21
375 11
376 13
377 31
378 16
379 33
380 16
381 44
382 19
383 25
384 56
385 96
386 27
387 26
388 15
389 38
390 34
391 15
392 17
393 31
394 16
395 27
396 16
397 28
398 28
399 9
400 18
401 49
402 21
403 25
404 17
405 13
406 22
407 20
408 15
409 6
410 18
411 15
412 24
413 17
414 27
415 25
416 35
417 28
418 49
419 35
420 74
421 39
422 36
423 18
424 33
425 45
426 18
427 65
428 21
429 23
430 27
431 29
432 26
433 32
434 35
435 36
436 60
437 10
438 11
439 43
440 51
441 21
442 38
443 26
444 20
445 11
446 39
447 23
448 56
449 34
450 26
451 27
452 39
453 52
454 59
455 48
456 55
457 17
458 64
459 116
460 28
461 86
462 49
463 23
464 22
465 26
466 34
467 18
468 5
469 15
470 25
471 30
472 18
473 46
474 13
475 54
476 9
477 18
478 6
479 3
480 6
481 5
482 10
483 3
484 2
485 6
486 3
487 8
488 7
489 11
490 12
491 11
492 7
493 12
494 2
495 3
496 23
497 11
498 16
499 13
500 6
501 9
502 6
503 9
504 1
505 11
506 2
507 2
508 5
509 9
510 6
511 6
512 4
513 13
514 8
515 48
516 9
517 5
518 2
519 7
520 22
521 13
522 13
523 38
524 2
525 5
526 6
527 2
528 8
529 11
530 62
531 12
532 3
533 10
534 4
535 6
536 13
537 4
538 15
539 71
540 39
541 10
542 8
543 17
544 16
545 11
546 7
547 8
548 5
549 16
550 28
551 9
552 27
553 25
554 31
555 10
556 25
557 15
558 42
559 33
560 22
561 47
562 48
563 60
564 50
565 15
566 22
567 27
568 59
569 7
570 14
571 35
572 34
573 141
574 57
575 51
576 34
577 17
578 33
579 85
580 84
581 131
582 51
583 26
584 17
585 9
586 29
587 36
588 17
589 19
590 28
591 30
592 43
593 41
594 9
595 31
596 90
597 24
598 49
599 16
600 18
601 10
602 23
603 16
604 39
605 45
606 18
607 40
608 51
609 22
610 28
611 42
612 29
613 39
614 24
615 29
616 9
617 13
618 34
619 26
620 26
621 19
622 16
623 13
624 24
625 9
626 101
627 26
628 30
629 14
630 25
631 25
632 19
633 82
634 47
635 13
636 12
637 43
638 71
639 32
640 12
641 27
642 39
643 32
644 5
645 48
646 6
647 52
648 20
649 25
650 59
651 37
652 31
653 25
654 49
655 31
656 16
657 2
658 28
659 51
660 25
661 57
662 50
663 44
664 32
665 72
666 39
667 29
668 149
669 21
670 40
671 57
672 23
673 19
674 41
675 21
676 29
677 54
678 26
679 58
680 37
681 13
682 42
683 55
684 18
685 17
686 23
687 21
688 29
689 54
690 19
691 22
692 49
693 38
694 59
695 10
696 60
697 44
698 23
699 51
700 48
701 13
702 7
703 14
704 63
705 11
706 40
707 26
708 62
709 63
710 53
711 54
712 4
713 16
714 57
715 54
716 29
717 33
718 16
719 66
720 10
721 4
722 31
723 73
724 36
725 61
726 22
727 25
728 21
729 20
730 34
731 26
732 22
733 44
734 40
735 10
736 44
737 61
738 61
739 31
740 13
741 44
742 60
743 88
744 36
745 72
746 49
747 90
748 76
749 68
750 77
751 51
752 64
753 57
754 66
755 37
756 48
757 104
758 43
759 49
760 37
761 48
762 70
763 96
764 38
765 44
766 23
767 29
768 166
769 52
770 8
771 26
772 33
773 58
774 62
775 153
776 36
777 29
778 25
779 23
780 21
781 24
782 30
783 48
784 15
785 23
786 60
787 12
788 54
789 15
790 33
791 24
792 14
793 29
794 8
795 7
796 29
797 40
798 13
799 37
800 21
801 20
802 52
803 25
804 45
805 23
806 25
807 8
808 9
809 14
810 42
811 13
812 21
813 21
814 20
815 27
816 14
817 16
818 12
819 25
820 38
821 23
822 31
823 29
824 20
825 78
826 17
827 37
828 22
829 19
830 37
831 29
832 26
833 16
834 30
835 35
836 19
837 29
838 25
839 27
840 30
841 13
842 22
843 34
844 19
845 14
846 40
847 31
848 43
849 38
850 35
851 41
852 14
853 39
854 13
855 12
856 20
857 37
858 23
859 29
860 52
861 59
862 32
863 57
864 85
865 38
866 6
867 46
868 18
869 32
870 74
871 55
872 26
873 15
874 16
875 4
876 13
877 31
878 51
879 79
880 22
881 149
882 44
883 72
884 95
885 13
886 22
887 15
888 23
889 6
890 119
891 14
892 20
893 10
894 10
895 27
896 10
897 17
898 35
899 62
900 29
901 13
902 6
903 13
904 10
905 1
906 4
907 20
908 37
909 2
910 12
911 6
912 27
913 18
914 8
915 8
916 15
917 20
918 29
919 5
920 9
921 11
922 19
923 6
924 8
925 12
926 13
927 5
928 18
929 8
930 16
931 11
932 8
933 8
934 10
935 13
936 16
937 12
938 15
939 13
940 37
941 1
942 32
943 26
944 12
945 12
946 8
947 35
948 18
949 42
950 15
951 17
952 28
953 21
954 33
955 15
956 28
957 24
958 38
959 40
960 7
961 36
962 32
963 19
964 24
965 40
966 89
967 18
968 9
969 5
970 15
971 10
972 22
973 6
974 39
975 10
976 13
977 15
978 4
979 7
980 4
981 13
982 10
983 17
984 3
985 11
986 9
987 6
988 8
989 13
990 7
991 14
992 17
993 6
994 6
995 16
996 18
997 17
998 15
999 5
1000 10
1001 13
1002 16
1003 6
1004 14
1005 12
1006 19
1007 7
1008 38
1009 10
1010 6
1011 0
1012 8
1013 1
1014 20
1015 19
1016 6
1017 9
1018 4
1019 32
1020 10
1021 26
1022 5
1023 3
1024 7
1025 12
1026 18
1027 13
1028 5
1029 14
1030 9
1031 5
1032 20
1033 15
1034 10
1035 7
1036 14
1037 2
1038 7
1039 5
1040 7
1041 3
1042 19
1043 5
1044 8
1045 8
1046 8
1047 4
1048 13
1049 0
1050 6
1051 10
1052 14
1053 6
1054 11
1055 5
1056 5
1057 2
1058 15
1059 13
1060 13
1061 17
1062 10
1063 10
1064 18
1065 7
1066 16
1067 3
1068 5
1069 25
1070 1
1071 3
1072 3
1073 3
1074 10
1075 7
1076 13
1077 3
1078 7
1079 4
1080 8
1081 6
1082 14
1083 8
1084 16
1085 2
1086 6
1087 9
1088 8
1089 1
1090 15
1091 7
1092 12
1093 2
1094 9
1095 5
1096 21
1097 12
1098 9
1099 15
1100 2
1101 1
1102 6
1103 13
1104 17
1105 20
1106 8
1107 11
1108 14
1109 3
1110 11
1111 34
1112 8
1113 6
1114 9
1115 8
1116 2
1117 8
1118 2
1119 1
1120 4
1121 4
1122 1
1123 5
1124 3
1125 8
1126 8
1127 1
1128 5
1129 4
1130 6
1131 11
1132 1
1133 6
1134 4
1135 1
1136 6
1137 6
1138 5
1139 2
1140 0
1141 2
1142 6
1143 1
1144 5
1145 0
1146 3
1147 8
1148 2
1149 3
1150 3
1151 3
1152 17
1153 2
1154 19
1155 12
1156 2
1157 1
1158 10
1159 10
1160 1
1161 3
1162 21
1163 15
1164 10
1165 8
1166 27
1167 7
1168 11
1169 21
1170 13
1171 35
1172 29
1173 7
1174 17
1175 22
1176 4
1177 17
1178 13
1179 7
1180 23
1181 10
1182 16
1183 11
1184 31
1185 27
1186 20
1187 14
1188 14
1189 55
1190 22
1191 20
1192 32
1193 40
1194 17
1195 68
1196 25
1197 20
1198 16
1199 31
1200 36
1201 27
1202 31
1203 20
1204 26
1205 24
1206 35
1207 31
1208 33
1209 18
1210 34
1211 8
1212 20
1213 12
1214 23
1215 19
1216 92
1217 60
1218 32
1219 33
1220 5
1221 21
1222 14
1223 59
1224 45
1225 45
1226 10
1227 8
1228 36
1229 15
1230 13
1231 23
1232 13
1233 41
1234 11
1235 12
1236 9
1237 7
1238 29
1239 29
1240 23
1241 24
1242 24
1243 17
1244 28
1245 39
1246 25
1247 51
1248 10
1249 16
1250 26
1251 29
1252 20
1253 28
1254 13
1255 62
1256 12
1257 38
1258 49
1259 53
1260 26
1261 52
1262 18
1263 27
1264 26
1265 46
1266 16
1267 50
1268 39
1269 13
1270 10
1271 20
1272 23
1273 22
1274 11
1275 14
1276 11
1277 14
1278 18
1279 24
1280 19
1281 19
1282 5
1283 9
1284 17
1285 28
1286 18
1287 9
1288 9
1289 8
1290 14
1291 9
1292 7
1293 40
1294 19
1295 17
1296 19
1297 31
1298 7
1299 18
1300 39
1301 3
1302 31
1303 51
1304 11
1305 3
1306 8
1307 34
1308 19
1309 22
1310 4
1311 9
1312 6
1313 8
1314 30
1315 25
1316 31
1317 7
1318 12
1319 6
1320 23
1321 9
1322 10
1323 10
1324 12
1325 12
1326 20
1327 4
1328 7
1329 11
1330 6
1331 2
1332 4
1333 14
1334 9
1335 32
1336 15
1337 18
1338 13
1339 26
1340 25
1341 6
1342 17
1343 22
1344 26
1345 15
1346 4
1347 15
1348 9
1349 27
1350 4
1351 12
1352 20
1353 18
1354 8
1355 20
1356 20
1357 3
1358 7
1359 46
1360 24
1361 3
1362 27
1363 7
1364 17
1365 38
1366 42
1367 13
1368 14
1369 41
1370 13
1371 24
1372 28
1373 14
1374 10
1375 8
1376 7
1377 27
1378 12
1379 28
1380 11
1381 10
1382 17
1383 20
1384 13
1385 7
1386 8
1387 17
1388 39
1389 10
1390 15
1391 14
1392 5
1393 7
1394 25
1395 14
1396 14
1397 10
1398 12
1399 15
1400 4
1401 15
1402 18
1403 28
1404 9
1405 25
1406 10
1407 32
1408 16
1409 25
1410 15
1411 11
1412 13
1413 22
1414 21
1415 22
1416 6
1417 6
1418 11
1419 5
1420 15
1421 8
1422 17
1423 16
1424 19
1425 11
1426 15
1427 13
1428 33
1429 36
1430 24
1431 5
1432 5
1433 11
1434 17
1435 7
1436 11
1437 4
1438 7
1439 4
1440 14
1441 18
1442 3
1443 17
1444 4
1445 15
1446 13
1447 14
1448 7
1449 18
1450 11
1451 11
1452 7
1453 34
1454 6
1455 9
1456 3
1457 9
1458 32
1459 15
1460 25
1461 9
1462 12
1463 8
1464 14
1465 9
1466 9
1467 17
1468 17
1469 10
1470 19
1471 15
1472 28
1473 7
1474 21
1475 14
1476 16
1477 24
1478 25
1479 14
1480 4
1481 3
1482 10
1483 6
1484 8
1485 8
1486 18
1487 36
1488 18
1489 31
1490 15
1491 7
1492 9
1493 6
1494 10
1495 17
1496 11
1497 11
1498 16
1499 13
1500 6
1501 8
1502 9
1503 10
1504 6
1505 10
1506 14
1507 6
1508 20
1509 8
1510 10
1511 6
1512 10
1513 20
1514 15
1515 5
1516 11
1517 1
1518 22
1519 4
1520 15
1521 10
1522 16
1523 13
1524 11
1525 57
1526 7
1527 15
1528 26
1529 13
1530 8
1531 7
1532 5
1533 4
1534 4
1535 27
1536 6
1537 11
1538 1
1539 13
1540 6
1541 2
1542 12
1543 1
1544 16
1545 6
1546 8
1547 11
1548 8
1549 21
1550 6
1551 16
1552 14
1553 30
1554 10
1555 9
1556 10
1557 9
1558 2
1559 2
1560 2
1561 32
1562 33
1563 4
1564 7
1565 24
1566 55
1567 1
1568 7
1569 4
1570 2
1571 30
1572 175
1573 35
1574 142
1575 31
1576 17
1577 12
1578 63
1579 23
1580 15
1581 38
1582 50
1583 81
1584 75
1585 6
1586 4
1587 4
1588 14
1589 1
1590 19
1591 3
1592 21
1593 16
1594 19
1595 54
1596 52
1597 5
