1 0
2 0
3 4
4 13
5 6
6 21
7 0
8 0
9 46
10 0
11 0
12 2
13 10
14 4
15 15
16 5
17 24
18 7
19 0
20 1
21 1
22 0
23 0
24 1
25 12
26 10
27 0
28 10
29 0
30 0
31 7
32 9
33 2
34 3
35 5
36 7
37 8
38 0
39 1
40 0
41 3
42 2
43 1
44 1
45 0
46 0
47 0
48 2
49 1
50 6
51 5
52 0
53 1
54 2
55 0
56 2
57 0
58 6
59 5
60 8
61 6
62 5
63 8
64 0
65 10
66 1
67 0
68 1
69 0
70 22
71 0
72 26
73 7
74 9
75 16
76 23
77 8
78 6
79 72
80 4
81 7
82 2
83 7
84 18
85 16
86 31
87 9
88 8
89 8
90 19
91 11
92 27
93 25
94 6
95 2
96 34
97 16
98 34
99 15
100 78
101 4
102 4
103 32
104 0
105 73
106 8
107 3
108 1
109 12
110 4
111 1
112 22
113 5
114 1
115 4
116 21
117 51
118 2
119 10
120 15
121 11
122 6
123 11
124 68
125 6
126 27
127 5
128 45
129 3
130 0
131 1
132 19
133 8
134 2
135 3
136 0
137 0
138 19
139 2
140 1
141 3
142 5
143 2
144 7
145 4
146 2
147 2
148 4
149 0
150 0
151 0
152 2
153 1
154 5
155 0
156 0
157 0
158 6
159 32
160 3
161 1
162 0
163 2
164 0
165 10
166 0
167 0
168 3
169 3
170 0
171 0
172 7
173 0
174 6
175 1
176 0
177 6
178 0
179 7
180 10
181 2
182 1
183 2
184 1
185 4
186 23
187 0
188 2
189 4
190 0
191 14
192 0
193 5
194 0
195 0
196 3
197 1
198 0
199 0
200 10
201 1
202 0
203 0
204 1
205 2
206 1
207 2
208 5
209 4
210 0
211 0
212 7
213 4
214 3
215 0
216 3
217 3
218 3
219 0
220 2
221 0
222 2
223 1
224 7
225 5
226 0
227 0
228 1
229 1
230 1
231 1
232 0
233 5
234 0
235 2
236 1
237 15
238 3
239 5
240 1
241 0
242 1
243 8
244 4
245 0
246 2
247 4
248 3
249 0
250 5
251 4
252 2
253 1
254 5
255 3
256 3
257 2
258 14
259 10
260 6
261 5
262 0
263 3
264 4
265 0
266 2
267 1
268 3
269 4
270 0
271 1
272 0
273 3
274 0
275 1
276 3
277 3
278 2
279 0
280 0
281 12
282 7
283 7
284 2
285 0
286 4
287 7
288 6
289 0
290 10
291 5
292 1
293 18
294 0
295 14
296 9
297 0
298 2
299 0
300 3
301 0
302 9
303 5
304 3
305 4
306 25
307 21
308 2
309 14
310 0
311 7
312 5
313 2
314 31
315 4
316 4
317 1
318 3
319 8
320 20
321 4
322 1
323 2
324 10
325 0
326 81
327 16
328 13
329 0
330 2
331 5
332 3
333 1
334 4
335 3
336 1
337 6
338 2
339 18
340 0
341 6
342 8
343 6
344 42
345 0
346 5
347 3
348 6
349 19
350 7
351 9
352 9
353 10
354 0
355 17
356 15
357 4
358 0
359 4
360 11
361 1
362 3
363 1
364 2
365 0
366 0
367 14
368 1
369 6
370 18
371 18
372 2
373 0
374 0
375 10
376 0
377 9
378 13
379 2
380 2
381 12
382 0
383 5
384 2
385 9
386 2
387 12
388 24
389 29
390 37
391 4
392 11
393 4
394 6
395 8
396 6
397 10
398 10
399 0
400 2
401 10
402 10
403 0
404 0
405 4
406 12
407 0
408 6
409 3
410 1
411 1
412 0
413 5
414 2
415 7
416 7
417 0
418 9
419 10
420 13
421 12
422 3
423 1
424 0
425 7
426 0
427 17
428 4
429 0
430 4
431 0
432 1
433 14
434 0
435 3
436 8
437 20
438 2
439 5
440 5
441 2
442 4
443 5
444 1
445 0
446 2
447 9
448 12
449 9
450 0
451 4
452 4
453 4
454 8
455 12
456 8
457 3
458 2
459 3
460 4
461 5
462 4
463 30
464 16
465 2
466 14
467 0
468 0
469 0
470 18
471 11
472 6
473 10
474 18
475 5
476 8
477 2
478 1
479 0
480 0
481 3
482 9
483 1
484 5
485 0
486 5
487 0
488 2
489 5
490 3
491 6
492 2
493 9
494 0
495 1
496 25
497 15
498 13
499 3
500 1
501 8
502 0
503 19
504 3
505 2
506 18
507 0
508 9
509 0
510 1
511 41
512 0
513 17
514 0
515 5
516 15
517 2
518 2
519 3
520 13
521 0
522 8
523 23
524 0
525 1
526 0
527 0
528 2
529 1
530 1
531 1
532 2
533 4
534 0
535 1
536 7
537 10
538 4
539 15
540 9
541 19
542 4
543 12
544 26
545 17
546 0
547 15
548 5
549 14
550 9
551 0
552 35
553 1
554 17
555 2
556 13
557 1
558 14
559 25
560 12
561 27
562 20
563 3
564 19
565 1
566 7
567 11
568 2
569 1
570 5
571 120
572 8
573 27
574 26
575 23
576 1
577 3
578 17
579 7
580 30
581 22
582 2
583 3
584 4
585 2
586 1
587 0
588 1
589 4
590 6
591 8
592 8
593 3
594 2
595 22
596 10
597 6
598 11
599 18
600 5
601 2
602 1
603 0
604 3
605 16
606 3
607 11
608 18
609 2
610 3
611 3
612 0
613 0
614 12
615 3
616 14
617 1
618 0
619 1
620 0
621 1
622 2
623 0
624 7
625 0
626 8
627 6
628 4
629 5
630 1
631 4
632 4
633 0
634 2
635 6
636 0
637 6
638 36
639 1
640 0
641 2
642 19
643 3
644 3
645 4
646 0
647 1
648 2
649 11
650 4
651 10
652 3
653 0
654 1
655 0
656 2
657 0
658 4
659 2
660 0
661 1
662 6
663 1
664 0
665 7
666 1
667 22
668 6
669 3
670 7
671 1
672 5
673 9
674 0
675 0
676 4
677 1
678 4
679 0
680 2
681 0
682 5
683 0
684 3
685 5
686 14
687 16
688 6
689 1
690 4
691 0
692 6
693 2
694 15
695 1
696 13
697 6
698 4
699 13
700 0
701 9
702 0
703 21
704 54
705 1
706 0
707 1
708 10
709 8
710 12
711 16
712 0
713 13
714 0
715 22
716 16
717 0
718 0
719 0
720 5
721 0
722 0
723 3
724 0
725 1
726 1
727 0
728 0
729 9
730 8
731 0
732 6
733 5
734 5
735 0
736 8
737 7
738 1
739 3
740 0
741 6
742 12
743 3
744 6
745 2
746 3
747 6
748 4
749 3
750 5
751 3
752 0
753 0
754 2
755 8
756 8
757 1
758 1
759 6
760 6
761 2
762 2
763 15
764 8
765 4
766 8
767 0
768 18
769 0
770 0
771 18
772 0
773 11
774 1
775 9
776 3
777 1
778 8
779 24
780 2
781 0
782 0
783 3
784 1
785 2
786 10
787 2
788 20
789 2
790 0
791 12
792 6
793 3
794 4
795 10
796 17
797 24
798 6
799 0
800 1
801 6
802 6
803 13
804 2
805 1
806 4
807 0
808 10
809 0
810 1
811 26
812 11
813 4
814 5
815 12
816 0
817 3
818 2
819 0
820 6
821 15
822 5
823 6
824 2
825 18
826 1
827 5
828 5
829 7
830 22
831 2
832 1
833 8
834 0
835 22
836 17
837 3
838 6
839 0
840 0
841 1
842 9
843 13
844 17
845 2
846 6
847 15
848 6
849 2
850 3
851 7
852 0
853 8
854 17
855 7
856 5
857 4
858 5
859 5
860 0
861 2
862 0
863 4
864 2
865 8
866 1
867 8
868 5
869 16
870 0
871 10
872 5
873 5
874 39
875 1
876 2
877 0
878 10
879 21
880 1
881 2
882 0
883 4
884 2
885 5
886 1
887 6
888 1
889 0
890 3
891 1
892 0
893 9
894 0
895 1
896 15
897 0
898 5
899 5
900 14
901 3
902 8
903 0
904 9
905 4
906 0
907 16
908 3
909 2
910 56
911 5
912 2
913 14
914 1
915 11
916 14
917 14
918 0
919 40
920 2
921 1
922 4
923 3
924 8
925 4
926 1
927 6
928 13
929 1
930 9
931 9
932 0
933 3
934 4
935 3
936 9
937 1
938 9
939 7
940 3
941 1
942 35
943 6
944 0
945 0
946 7
947 6
948 0
949 9
950 16
951 1
952 3
953 0
954 8
955 1
956 25
957 4
958 13
959 16
960 1
961 24
962 2
963 8
964 2
965 29
966 9
967 3
968 0
969 3
970 9
971 0
972 4
973 5
974 8
975 0
976 11
977 15
978 0
979 2
980 0
981 1
982 0
983 2
984 2
985 31
986 1
987 0
988 5
989 0
990 5
991 10
992 8
993 3
994 18
995 4
996 13
997 16
998 0
999 0
1000 20
1001 3
1002 4
1003 0
1004 0
1005 0
1006 5
1007 2
1008 2
1009 3
1010 1
1011 0
1012 16
1013 0
1014 12
1015 3
1016 4
1017 0
1018 1
1019 0
1020 0
1021 8
1022 0
1023 0
1024 3
1025 4
1026 7
1027 19
1028 3
1029 17
1030 4
1031 2
1032 6
1033 0
1034 2
1035 2
1036 2
1037 7
1038 0
1039 2
1040 7
1041 0
1042 2
1043 1
1044 0
1045 5
1046 0
1047 1
1048 2
1049 1
1050 0
1051 1
1052 12
1053 20
1054 2
1055 2
1056 1
1057 0
1058 4
1059 5
1060 0
1061 2
1062 0
1063 0
1064 3
1065 5
1066 12
1067 0
1068 3
1069 1
1070 0
1071 4
1072 0
1073 8
1074 4
1075 0
1076 5
1077 7
1078 1
1079 0
1080 2
1081 7
1082 4
1083 0
1084 4
1085 0
1086 3
1087 0
1088 3
1089 0
1090 3
1091 4
1092 4
1093 15
1094 5
1095 0
1096 12
1097 7
1098 2
1099 2
1100 4
1101 0
1102 2
1103 7
1104 12
1105 4
1106 7
1107 8
1108 1
1109 9
1110 0
1111 11
1112 1
1113 1
1114 7
1115 0
1116 2
1117 0
1118 5
1119 0
1120 1
1121 1
1122 15
1123 1
1124 6
1125 23
1126 8
1127 4
1128 0
1129 0
1130 9
1131 10
1132 1
1133 5
1134 3
1135 21
1136 0
1137 3
1138 0
1139 1
1140 3
1141 2
1142 0
1143 0
1144 18
1145 2
1146 21
1147 6
1148 1
1149 7
1150 1
1151 13
1152 16
1153 0
1154 5
1155 6
1156 2
1157 0
1158 3
1159 1
1160 0
1161 4
1162 2
1163 1
1164 2
1165 9
1166 3
1167 5
1168 16
1169 4
1170 3
1171 1
1172 4
1173 0
1174 5
1175 6
1176 3
1177 66
1178 11
1179 7
1180 2
1181 4
1182 8
1183 3
1184 4
1185 3
1186 7
1187 1
1188 1
1189 2
1190 11
1191 2
1192 1
1193 26
1194 3
1195 3
1196 11
1197 2
1198 0
1199 7
1200 7
1201 20
1202 3
1203 7
1204 5
1205 3
1206 7
1207 5
1208 10
1209 0
1210 3
1211 18
1212 0
1213 2
1214 5
1215 2
1216 0
1217 7
1218 6
1219 4
1220 0
1221 2
1222 7
1223 2
1224 7
1225 0
1226 10
1227 2
1228 0
1229 6
1230 0
1231 5
1232 4
1233 1
1234 4
1235 5
1236 3
1237 2
1238 20
1239 22
1240 1
1241 7
1242 5
1243 0
1244 3
1245 0
1246 1
1247 14
1248 1
1249 3
1250 20
1251 4
1252 5
1253 86
1254 9
1255 0
1256 1
1257 12
1258 8
1259 4
1260 11
1261 5
1262 3
1263 10
1264 3
1265 5
1266 2
1267 8
1268 19
1269 0
1270 0
1271 3
1272 2
1273 11
1274 1
1275 5
1276 7
1277 0
1278 2
1279 3
1280 1
1281 20
1282 0
1283 1
1284 3
1285 0
1286 0
1287 0
1288 1
1289 0
1290 1
1291 4
1292 12
1293 4
1294 6
1295 20
1296 0
1297 10
1298 8
1299 4
1300 8
1301 2
1302 1
1303 9
1304 0
1305 3
1306 0
1307 5
1308 2
1309 14
1310 0
1311 1
1312 6
1313 1
1314 3
1315 4
1316 12
1317 0
1318 19
1319 1
1320 16
1321 5
1322 2
1323 0
1324 1
1325 6
1326 7
1327 0
1328 8
1329 2
1330 2
1331 0
1332 0
1333 0
1334 32
1335 28
1336 8
1337 9
1338 0
1339 8
1340 1
1341 11
1342 0
1343 5
1344 4
1345 12
1346 0
1347 2
1348 0
1349 21
1350 2
1351 8
1352 6
1353 16
1354 0
1355 2
1356 1
1357 2
1358 2
1359 8
1360 2
1361 0
1362 1
1363 2
1364 14
1365 2
1366 5
1367 5
1368 0
1369 9
1370 17
1371 0
1372 0
1373 1
1374 0
1375 24
1376 15
1377 0
1378 26
1379 16
1380 4
1381 30
1382 1
1383 2
1384 1
1385 6
1386 4
1387 0
1388 0
1389 2
1390 1
1391 1
1392 0
1393 0
1394 8
1395 6
1396 3
1397 3
1398 10
1399 2
1400 6
1401 7
1402 2
1403 3
1404 4
1405 4
1406 0
1407 8
1408 2
1409 2
1410 0
1411 0
1412 13
1413 6
1414 0
1415 9
1416 0
1417 0
1418 0
1419 0
1420 0
1421 0
1422 0
1423 6
1424 1
1425 15
1426 5
1427 1
1428 5
1429 1
1430 3
1431 3
1432 5
1433 0
1434 2
1435 25
1436 17
1437 4
1438 2
1439 1
1440 1
1441 1
1442 0
1443 3
1444 0
1445 3
1446 0
1447 2
1448 6
1449 6
1450 2
1451 2
1452 0
1453 0
1454 1
1455 0
1456 4
1457 0
1458 4
1459 13
1460 8
1461 0
1462 1
1463 11
1464 1
1465 1
1466 1
1467 28
1468 1
1469 14
1470 6
1471 15
1472 73
1473 1
1474 7
1475 2
1476 3
1477 4
1478 3
1479 2
1480 0
1481 1
1482 8
1483 0
1484 8
1485 0
1486 3
1487 15
1488 3
1489 0
1490 3
1491 9
1492 4
1493 0
1494 3
1495 7
1496 19
1497 2
1498 1
1499 0
1500 1
1501 3
1502 3
1503 0
1504 2
1505 1
1506 0
1507 18
1508 6
1509 9
1510 2
1511 1
1512 0
1513 1
1514 5
1515 8
1516 1
1517 1
1518 1
1519 1
1520 6
1521 9
1522 8
1523 17
1524 0
1525 72
1526 5
1527 2
1528 7
1529 2
1530 13
1531 0
1532 0
1533 6
1534 0
1535 12
1536 20
1537 43
1538 0
1539 6
1540 0
1541 1
1542 1
1543 0
1544 0
1545 2
1546 8
1547 21
1548 1
1549 4
1550 5
1551 12
1552 2
1553 0
1554 4
1555 3
1556 0
1557 0
1558 1
1559 16
1560 0
1561 4
1562 8
1563 7
1564 2
1565 3
1566 14
1567 2
1568 0
1569 4
1570 0
1571 19
1572 10
1573 4
1574 14
1575 5
1576 5
1577 13
1578 13
1579 2
1580 0
1581 20
1582 38
1583 15
1584 2
1585 1
1586 1
1587 2
1588 4
1589 0
1590 9
1591 5
1592 6
1593 6
1594 8
1595 6
1596 35
1597 2
