1 0
2 0
3 15
4 6
5 9
6 11
7 2
8 0
9 26
10 0
11 3
12 2
13 2
14 6
15 13
16 18
17 9
18 58
19 3
20 2
21 8
22 9
23 9
24 32
25 7
26 19
27 4
28 3
29 15
30 3
31 2
32 18
33 0
34 7
35 24
36 13
37 20
38 6
39 24
40 5
41 6
42 0
43 4
44 2
45 15
46 1
47 3
48 18
49 0
50 2
51 28
52 2
53 4
54 0
55 0
56 24
57 2
58 29
59 1
60 15
61 10
62 11
63 0
64 0
65 6
66 16
67 0
68 1
69 9
70 20
71 1
72 17
73 18
74 15
75 20
76 15
77 9
78 7
79 9
80 4
81 33
82 2
83 3
84 37
85 33
86 27
87 5
88 7
89 22
90 29
91 18
92 6
93 30
94 27
95 2
96 10
97 6
98 3
99 5
100 8
101 7
102 0
103 14
104 4
105 7
106 15
107 3
108 4
109 14
110 4
111 6
112 36
113 0
114 14
115 3
116 17
117 12
118 10
119 18
120 17
121 15
122 5
123 22
124 31
125 22
126 11
127 4
128 7
129 11
130 11
131 23
132 6
133 8
134 33
135 3
136 20
137 20
138 7
139 34
140 31
141 0
142 5
143 1
144 13
145 8
146 0
147 21
148 9
149 4
150 3
151 12
152 10
153 15
154 4
155 3
156 1
157 16
158 16
159 17
160 0
161 0
162 0
163 0
164 1
165 1
166 22
167 10
168 1
169 9
170 3
171 5
172 0
173 3
174 15
175 12
176 5
177 4
178 5
179 36
180 28
181 13
182 7
183 3
184 5
185 6
186 56
187 2
188 39
189 0
190 10
191 27
192 4
193 7
194 1
195 5
196 5
197 1
198 5
199 12
200 1
201 1
202 0
203 3
204 8
205 1
206 6
207 3
208 8
209 29
210 3
211 4
212 9
213 1
214 0
215 0
216 3
217 48
218 20
219 25
220 12
221 5
222 28
223 12
224 6
225 27
226 2
227 0
228 21
229 10
230 1
231 38
232 10
233 19
234 0
235 9
236 11
237 44
238 11
239 4
240 5
241 19
242 5
243 36
244 0
245 0
246 8
247 4
248 6
249 10
250 6
251 6
252 0
253 12
254 27
255 1
256 4
257 5
258 22
259 6
260 18
261 10
262 1
263 29
264 4
265 15
266 2
267 10
268 1
269 16
270 3
271 25
272 2
273 3
274 0
275 52
276 0
277 7
278 1
279 0
280 6
281 15
282 5
283 33
284 5
285 3
286 13
287 8
288 3
289 0
290 7
291 12
292 26
293 20
294 1
295 17
296 2
297 0
298 13
299 5
300 2
301 7
302 14
303 18
304 0
305 2
306 0
307 22
308 18
309 39
310 0
311 11
312 22
313 23
314 37
315 22
316 18
317 0
318 26
319 4
320 2
321 11
322 2
323 26
324 13
325 9
326 12
327 10
328 24
329 0
330 7
331 1
332 20
333 5
334 2
335 17
336 1
337 8
338 3
339 6
340 1
341 41
342 35
343 20
344 37
345 25
346 68
347 15
348 3
349 4
350 7
351 3
352 6
353 50
354 0
355 29
356 18
357 14
358 3
359 13
360 29
361 11
362 5
363 6
364 2
365 5
366 0
367 23
368 7
369 3
370 2
371 6
372 5
373 1
374 14
375 24
376 5
377 39
378 11
379 2
380 14
381 22
382 6
383 12
384 31
385 24
386 32
387 32
388 12
389 15
390 2
391 14
392 27
393 7
394 17
395 25
396 7
397 12
398 17
399 0
400 9
401 45
402 7
403 0
404 7
405 17
406 15
407 7
408 4
409 0
410 10
411 5
412 14
413 13
414 4
415 31
416 19
417 2
418 45
419 3
420 12
421 17
422 14
423 24
424 8
425 45
426 20
427 9
428 23
429 1
430 9
431 20
432 18
433 24
434 3
435 2
436 1
437 0
438 9
439 4
440 10
441 0
442 17
443 4
444 7
445 0
446 9
447 6
448 9
449 6
450 17
451 5
452 13
453 6
454 18
455 7
456 8
457 15
458 5
459 9
460 7
461 7
462 13
463 28
464 25
465 14
466 27
467 1
468 2
469 2
470 21
471 20
472 16
473 67
474 6
475 4
476 18
477 2
478 5
479 2
480 0
481 1
482 16
483 4
484 0
485 0
486 2
487 8
488 0
489 1
490 12
491 10
492 8
493 15
494 8
495 16
496 5
497 3
498 47
499 2
500 3
501 4
502 7
503 1
504 4
505 10
506 4
507 9
508 7
509 1
510 2
511 9
512 0
513 10
514 0
515 15
516 6
517 2
518 8
519 2
520 2
521 21
522 11
523 10
524 9
525 18
526 1
527 5
528 5
529 3
530 3
531 6
532 19
533 24
534 1
535 1
536 1
537 5
538 0
539 11
540 10
541 18
542 3
543 5
544 34
545 0
546 1
547 22
548 5
549 29
550 3
551 0
552 5
553 12
554 26
555 5
556 39
557 16
558 62
559 31
560 18
561 16
562 51
563 12
564 7
565 0
566 5
567 9
568 7
569 32
570 1
571 20
572 15
573 66
574 16
575 17
576 2
577 7
578 3
579 18
580 5
581 2
582 0
583 11
584 12
585 2
586 4
587 0
588 3
589 1
590 11
591 12
592 20
593 12
594 12
595 14
596 29
597 22
598 5
599 3
600 5
601 2
602 1
603 7
604 6
605 25
606 6
607 8
608 16
609 4
610 4
611 51
612 0
613 0
614 12
615 8
616 6
617 2
618 19
619 4
620 0
621 13
622 20
623 14
624 5
625 3
626 18
627 35
628 5
629 3
630 13
631 6
632 4
633 16
634 12
635 20
636 0
637 5
638 6
639 3
640 0
641 0
642 0
643 18
644 0
645 46
646 2
647 21
648 3
649 2
650 0
651 18
652 3
653 4
654 3
655 9
656 17
657 2
658 11
659 0
660 3
661 7
662 9
663 12
664 0
665 28
666 3
667 23
668 7
669 9
670 4
671 4
672 15
673 8
674 11
675 1
676 8
677 40
678 14
679 0
680 16
681 25
682 25
683 15
684 2
685 7
686 14
687 11
688 22
689 9
690 0
691 4
692 16
693 1
694 17
695 12
696 30
697 20
698 34
699 12
700 14
701 19
702 2
703 30
704 23
705 14
706 18
707 4
708 2
709 4
710 15
711 65
712 0
713 12
714 8
715 13
716 21
717 7
718 0
719 3
720 14
721 0
722 0
723 7
724 0
725 2
726 6
727 1
728 1
729 6
730 15
731 1
732 12
733 22
734 6
735 8
736 7
737 4
738 3
739 17
740 0
741 7
742 28
743 3
744 7
745 11
746 0
747 3
748 10
749 24
750 4
751 18
752 7
753 15
754 4
755 20
756 23
757 13
758 81
759 15
760 4
761 5
762 1
763 70
764 25
765 17
766 0
767 0
768 47
769 3
770 3
771 7
772 13
773 8
774 0
775 25
776 2
777 13
778 9
779 37
780 26
781 0
782 1
783 8
784 10
785 3
786 11
787 9
788 16
789 4
790 2
791 7
792 0
793 22
794 6
795 0
796 31
797 47
798 20
799 3
800 2
801 4
802 17
803 7
804 31
805 4
806 5
807 0
808 4
809 6
810 4
811 32
812 11
813 0
814 6
815 33
816 5
817 0
818 12
819 6
820 46
821 4
822 70
823 8
824 2
825 19
826 4
827 15
828 0
829 11
830 10
831 6
832 16
833 8
834 0
835 16
836 17
837 7
838 9
839 6
840 6
841 2
842 3
843 6
844 15
845 1
846 1
847 23
848 8
849 6
850 9
851 30
852 7
853 0
854 17
855 1
856 13
857 0
858 0
859 4
860 16
861 10
862 0
863 25
864 5
865 21
866 1
867 6
868 3
869 5
870 5
871 9
872 12
873 9
874 42
875 8
876 7
877 2
878 28
879 5
880 0
881 1
882 3
883 3
884 4
885 1
886 2
887 10
888 0
889 0
890 17
891 2
892 14
893 8
894 12
895 2
896 8
897 0
898 2
899 7
900 3
901 5
902 3
903 12
904 0
905 0
906 0
907 0
908 5
909 2
910 6
911 2
912 7
913 7
914 0
915 7
916 17
917 4
918 1
919 9
920 3
921 5
922 3
923 14
924 11
925 8
926 4
927 1
928 4
929 1
930 0
931 13
932 0
933 4
934 0
935 0
936 28
937 10
938 12
939 4
940 1
941 1
942 5
943 2
944 1
945 3
946 0
947 3
948 3
949 10
950 1
951 3
952 2
953 3
954 0
955 0
956 36
957 13
958 12
959 9
960 0
961 0
962 0
963 7
964 9
965 5
966 3
967 3
968 5
969 4
970 31
971 2
972 0
973 0
974 31
975 3
976 30
977 16
978 5
979 1
980 10
981 3
982 5
983 6
984 4
985 11
986 10
987 0
988 31
989 0
990 22
991 9
992 38
993 0
994 11
995 5
996 9
997 12
998 11
999 11
1000 3
1001 13
1002 21
1003 2
1004 15
1005 1
1006 42
1007 5
1008 18
1009 27
1010 5
1011 8
1012 21
1013 1
1014 29
1015 10
1016 29
1017 8
1018 0
1019 15
1020 2
1021 23
1022 1
1023 3
1024 0
1025 4
1026 2
1027 43
1028 0
1029 11
1030 5
1031 8
1032 5
1033 6
1034 20
1035 6
1036 6
1037 23
1038 0
1039 5
1040 12
1041 0
1042 13
1043 3
1044 2
1045 82
1046 7
1047 0
1048 6
1049 0
1050 0
1051 8
1052 8
1053 4
1054 32
1055 2
1056 8
1057 0
1058 40
1059 14
1060 0
1061 3
1062 1
1063 1
1064 18
1065 5
1066 14
1067 0
1068 1
1069 13
1070 0
1071 43
1072 0
1073 3
1074 4
1075 0
1076 14
1077 36
1078 11
1079 1
1080 1
1081 6
1082 25
1083 13
1084 21
1085 2
1086 3
1087 19
1088 4
1089 4
1090 10
1091 29
1092 4
1093 14
1094 18
1095 2
1096 30
1097 3
1098 19
1099 11
1100 2
1101 21
1102 3
1103 20
1104 6
1105 14
1106 32
1107 3
1108 18
1109 2
1110 2
1111 13
1112 2
1113 2
1114 7
1115 4
1116 0
1117 1
1118 2
1119 2
1120 5
1121 4
1122 2
1123 0
1124 7
1125 0
1126 24
1127 16
1128 6
1129 2
1130 16
1131 37
1132 2
1133 0
1134 20
1135 1
1136 4
1137 3
1138 0
1139 0
1140 0
1141 4
1142 12
1143 0
1144 3
1145 1
1146 9
1147 57
1148 4
1149 5
1150 6
1151 16
1152 10
1153 2
1154 5
1155 5
1156 26
1157 1
1158 1
1159 2
1160 0
1161 91
1162 2
1163 1
1164 4
1165 1
1166 4
1167 33
1168 3
1169 1
1170 12
1171 2
1172 4
1173 3
1174 5
1175 5
1176 5
1177 40
1178 9
1179 6
1180 6
1181 11
1182 1
1183 15
1184 21
1185 43
1186 1
1187 8
1188 3
1189 13
1190 26
1191 35
1192 20
1193 19
1194 7
1195 2
1196 16
1197 10
1198 0
1199 19
1200 22
1201 34
1202 0
1203 3
1204 3
1205 7
1206 5
1207 11
1208 21
1209 10
1210 9
1211 23
1212 3
1213 0
1214 0
1215 5
1216 19
1217 13
1218 8
1219 10
1220 0
1221 3
1222 27
1223 22
1224 33
1225 9
1226 5
1227 8
1228 0
1229 1
1230 15
1231 16
1232 3
1233 28
1234 10
1235 1
1236 7
1237 6
1238 2
1239 9
1240 6
1241 2
1242 1
1243 1
1244 4
1245 4
1246 2
1247 28
1248 8
1249 0
1250 1
1251 6
1252 0
1253 32
1254 0
1255 3
1256 11
1257 15
1258 15
1259 15
1260 11
1261 13
1262 13
1263 26
1264 2
1265 8
1266 17
1267 9
1268 5
1269 2
1270 0
1271 4
1272 61
1273 4
1274 2
1275 10
1276 7
1277 5
1278 1
1279 2
1280 5
1281 21
1282 0
1283 1
1284 7
1285 5
1286 8
1287 2
1288 9
1289 0
1290 3
1291 9
1292 13
1293 7
1294 0
1295 36
1296 9
1297 35
1298 2
1299 2
1300 16
1301 0
1302 1
1303 61
1304 3
1305 13
1306 1
1307 19
1308 10
1309 11
1310 3
1311 4
1312 0
1313 5
1314 25
1315 3
1316 8
1317 5
1318 69
1319 0
1320 19
1321 2
1322 20
1323 6
1324 5
1325 12
1326 17
1327 0
1328 14
1329 5
1330 1
1331 4
1332 0
1333 18
1334 7
1335 13
1336 0
1337 9
1338 6
1339 24
1340 2
1341 2
1342 8
1343 5
1344 20
1345 5
1346 8
1347 59
1348 25
1349 25
1350 14
1351 19
1352 3
1353 9
1354 2
1355 14
1356 4
1357 7
1358 0
1359 15
1360 35
1361 6
1362 3
1363 3
1364 5
1365 2
1366 30
1367 3
1368 14
1369 11
1370 3
1371 24
1372 4
1373 0
1374 5
1375 0
1376 57
1377 2
1378 6
1379 12
1380 3
1381 46
1382 2
1383 19
1384 26
1385 3
1386 29
1387 5
1388 11
1389 0
1390 7
1391 2
1392 2
1393 0
1394 11
1395 14
1396 6
1397 0
1398 6
1399 0
1400 4
1401 12
1402 3
1403 3
1404 22
1405 3
1406 2
1407 4
1408 4
1409 21
1410 13
1411 0
1412 15
1413 0
1414 14
1415 7
1416 4
1417 0
1418 4
1419 0
1420 1
1421 0
1422 4
1423 4
1424 0
1425 2
1426 11
1427 6
1428 1
1429 0
1430 2
1431 5
1432 4
1433 0
1434 4
1435 7
1436 6
1437 0
1438 6
1439 0
1440 7
1441 0
1442 2
1443 4
1444 1
1445 22
1446 0
1447 16
1448 15
1449 6
1450 6
1451 1
1452 12
1453 37
1454 8
1455 2
1456 0
1457 0
1458 2
1459 36
1460 23
1461 2
1462 0
1463 3
1464 0
1465 9
1466 7
1467 5
1468 5
1469 7
1470 2
1471 27
1472 38
1473 4
1474 12
1475 14
1476 16
1477 14
1478 0
1479 8
1480 20
1481 15
1482 6
1483 14
1484 1
1485 3
1486 4
1487 9
1488 1
1489 0
1490 25
1491 10
1492 6
1493 0
1494 5
1495 23
1496 8
1497 1
1498 0
1499 0
1500 26
1501 3
1502 0
1503 0
1504 18
1505 2
1506 0
1507 9
1508 25
1509 1
1510 0
1511 8
1512 2
1513 0
1514 6
1515 3
1516 2
1517 0
1518 6
1519 3
1520 11
1521 42
1522 38
1523 16
1524 0
1525 32
1526 7
1527 1
1528 11
1529 9
1530 0
1531 14
1532 3
1533 0
1534 0
1535 28
1536 15
1537 9
1538 5
1539 3
1540 8
1541 0
1542 0
1543 7
1544 0
1545 4
1546 0
1547 0
1548 9
1549 4
1550 2
1551 1
1552 6
1553 2
1554 8
1555 11
1556 4
1557 5
1558 0
1559 0
1560 3
1561 2
1562 14
1563 1
1564 5
1565 0
1566 3
1567 0
1568 5
1569 2
1570 0
1571 22
1572 31
1573 1
1574 3
1575 37
1576 1
1577 2
1578 13
1579 42
1580 4
1581 9
1582 1
1583 11
1584 14
1585 12
1586 0
1587 10
1588 0
1589 5
1590 18
1591 4
1592 29
1593 19
1594 9
1595 5
1596 81
1597 1
