1 4
2 0
3 9
4 11
5 10
6 13
7 0
8 0
9 27
10 0
11 0
12 5
13 1
14 7
15 3
16 42
17 13
18 18
19 10
20 5
21 5
22 0
23 3
24 10
25 18
26 2
27 3
28 3
29 17
30 4
31 8
32 8
33 0
34 16
35 16
36 40
37 50
38 0
39 22
40 4
41 0
42 4
43 7
44 15
45 14
46 0
47 0
48 1
49 5
50 3
51 6
52 4
53 1
54 0
55 0
56 11
57 0
58 17
59 22
60 19
61 11
62 11
63 1
64 0
65 15
66 5
67 2
68 7
69 4
70 4
71 0
72 41
73 106
74 32
75 32
76 30
77 10
78 6
79 20
80 8
81 60
82 5
83 8
84 13
85 7
86 47
87 2
88 1
89 19
90 28
91 20
92 1
93 20
94 12
95 5
96 14
97 12
98 6
99 23
100 6
101 5
102 17
103 37
104 3
105 2
106 14
107 2
108 14
109 4
110 2
111 15
112 34
113 5
114 10
115 6
116 25
117 7
118 41
119 34
120 47
121 18
122 4
123 1
124 90
125 0
126 16
127 6
128 8
129 13
130 5
131 17
132 72
133 22
134 19
135 9
136 15
137 8
138 12
139 31
140 71
141 4
142 0
143 0
144 10
145 25
146 6
147 2
148 3
149 0
150 1
151 34
152 3
153 6
154 9
155 2
156 1
157 0
158 20
159 1
160 0
161 3
162 1
163 2
164 5
165 3
166 10
167 2
168 2
169 5
170 0
171 0
172 5
173 2
174 6
175 23
176 3
177 8
178 2
179 6
180 15
181 4
182 3
183 0
184 3
185 4
186 2
187 0
188 13
189 1
190 2
191 27
192 5
193 45
194 8
195 23
196 3
197 0
198 9
199 1
200 3
201 3
202 0
203 0
204 1
205 2
206 4
207 3
208 31
209 29
210 4
211 25
212 3
213 0
214 12
215 6
216 13
217 22
218 22
219 6
220 10
221 0
222 10
223 5
224 1
225 18
226 0
227 1
228 1
229 1
230 1
231 13
232 11
233 44
234 0
235 9
236 14
237 9
238 20
239 20
240 30
241 14
242 0
243 30
244 4
245 3
246 5
247 17
248 60
249 2
250 7
251 0
252 1
253 4
254 34
255 3
256 13
257 11
258 4
259 6
260 11
261 1
262 20
263 9
264 3
265 11
266 2
267 25
268 7
269 6
270 2
271 19
272 24
273 0
274 1
275 32
276 4
277 8
278 2
279 0
280 4
281 5
282 0
283 84
284 20
285 0
286 7
287 32
288 3
289 0
290 8
291 6
292 3
293 26
294 1
295 0
296 14
297 0
298 4
299 3
300 1
301 0
302 10
303 19
304 4
305 4
306 6
307 21
308 19
309 56
310 2
311 1
312 0
313 9
314 32
315 31
316 9
317 0
318 6
319 5
320 4
321 10
322 1
323 26
324 23
325 6
326 1
327 1
328 19
329 4
330 3
331 3
332 14
333 4
334 16
335 16
336 3
337 9
338 2
339 6
340 3
341 16
342 53
343 10
344 10
345 11
346 20
347 9
348 0
349 1
350 0
351 17
352 9
353 20
354 2
355 40
356 2
357 0
358 0
359 9
360 0
361 11
362 12
363 3
364 8
365 2
366 0
367 18
368 1
369 3
370 8
371 14
372 5
373 0
374 1
375 9
376 1
377 17
378 6
379 7
380 1
381 14
382 2
383 3
384 12
385 55
386 26
387 82
388 7
389 27
390 6
391 12
392 15
393 2
394 4
395 5
396 10
397 10
398 46
399 2
400 19
401 55
402 12
403 4
404 10
405 5
406 5
407 3
408 2
409 2
410 5
411 9
412 0
413 3
414 7
415 20
416 12
417 3
418 16
419 6
420 10
421 20
422 13
423 10
424 5
425 9
426 5
427 23
428 9
429 6
430 21
431 11
432 16
433 24
434 1
435 3
436 13
437 1
438 5
439 33
440 33
441 10
442 5
443 17
444 12
445 0
446 29
447 2
448 29
449 9
450 10
451 11
452 1
453 5
454 19
455 10
456 5
457 13
458 6
459 25
460 47
461 0
462 15
463 4
464 41
465 1
466 11
467 1
468 4
469 0
470 22
471 10
472 12
473 4
474 2
475 36
476 17
477 4
478 23
479 0
480 26
481 5
482 6
483 1
484 1
485 28
486 11
487 5
488 8
489 8
490 4
491 7
492 6
493 6
494 9
495 17
496 11
497 0
498 8
499 3
500 15
501 13
502 13
503 2
504 2
505 4
506 9
507 2
508 16
509 2
510 2
511 1
512 4
513 17
514 7
515 23
516 0
517 4
518 1
519 1
520 2
521 25
522 11
523 15
524 7
525 5
526 1
527 10
528 0
529 1
530 13
531 7
532 7
533 11
534 0
535 9
536 5
537 7
538 5
539 1
540 3
541 20
542 4
543 13
544 48
545 11
546 0
547 5
548 0
549 15
550 10
551 4
552 5
553 25
554 17
555 8
556 20
557 16
558 16
559 40
560 28
561 7
562 49
563 8
564 5
565 3
566 10
567 2
568 3
569 25
570 18
571 11
572 27
573 38
574 22
575 12
576 0
577 0
578 2
579 3
580 52
581 7
582 6
583 14
584 10
585 3
586 3
587 0
588 3
589 1
590 6
591 8
592 11
593 4
594 1
595 12
596 24
597 9
598 20
599 1
600 1
601 7
602 4
603 10
604 9
605 15
606 1
607 11
608 4
609 18
610 13
611 29
612 5
613 6
614 10
615 30
616 35
617 5
618 10
619 8
620 0
621 17
622 6
623 13
624 48
625 2
626 16
627 16
628 0
629 2
630 10
631 4
632 10
633 17
634 1
635 12
636 1
637 14
638 12
639 4
640 0
641 24
642 5
643 13
644 0
645 5
646 1
647 6
648 5
649 5
650 1
651 18
652 9
653 0
654 19
655 17
656 3
657 1
658 3
659 3
660 31
661 4
662 19
663 5
664 0
665 3
666 6
667 8
668 4
669 7
670 1
671 6
672 3
673 10
674 38
675 1
676 13
677 16
678 79
679 26
680 5
681 2
682 4
683 21
684 11
685 0
686 46
687 30
688 4
689 21
690 0
691 0
692 21
693 0
694 34
695 40
696 25
697 10
698 34
699 4
700 0
701 4
702 28
703 18
704 24
705 10
706 5
707 0
708 6
709 1
710 18
711 30
712 0
713 2
714 13
715 53
716 2
717 10
718 0
719 2
720 17
721 0
722 6
723 9
724 0
725 0
726 5
727 3
728 3
729 17
730 2
731 8
732 11
733 18
734 14
735 0
736 7
737 23
738 4
739 11
740 1
741 3
742 28
743 0
744 22
745 0
746 1
747 24
748 22
749 9
750 10
751 19
752 28
753 0
754 17
755 35
756 2
757 5
758 7
759 1
760 0
761 17
762 2
763 11
764 6
765 17
766 8
767 4
768 15
769 3
770 0
771 4
772 0
773 0
774 1
775 38
776 1
777 9
778 3
779 40
780 2
781 1
782 12
783 19
784 19
785 9
786 7
787 14
788 48
789 25
790 2
791 5
792 4
793 9
794 10
795 14
796 6
797 47
798 4
799 11
800 6
801 4
802 18
803 3
804 11
805 3
806 5
807 0
808 10
809 34
810 8
811 4
812 17
813 0
814 13
815 11
816 1
817 7
818 18
819 6
820 19
821 3
822 23
823 4
824 3
825 18
826 6
827 3
828 4
829 6
830 10
831 44
832 1
833 2
834 0
835 15
836 10
837 16
838 3
839 2
840 0
841 0
842 1
843 9
844 7
845 1
846 17
847 5
848 4
849 11
850 7
851 11
852 0
853 4
854 5
855 12
856 1
857 3
858 0
859 1
860 0
861 16
862 0
863 18
864 3
865 11
866 1
867 16
868 2
869 6
870 12
871 4
872 22
873 4
874 13
875 2
876 15
877 0
878 11
879 6
880 0
881 0
882 2
883 2
884 1
885 3
886 5
887 2
888 8
889 2
890 12
891 10
892 4
893 37
894 23
895 7
896 5
897 0
898 6
899 15
900 22
901 9
902 4
903 17
904 4
905 1
906 0
907 14
908 3
909 0
910 2
911 0
912 3
913 0
914 0
915 14
916 9
917 9
918 0
919 14
920 7
921 0
922 6
923 3
924 4
925 9
926 9
927 3
928 2
929 1
930 2
931 7
932 0
933 4
934 5
935 2
936 13
937 0
938 27
939 9
940 0
941 2
942 10
943 18
944 1
945 7
946 2
947 6
948 2
949 4
950 1
951 10
952 3
953 1
954 8
955 1
956 41
957 7
958 26
959 11
960 13
961 9
962 3
963 4
964 2
965 4
966 3
967 0
968 0
969 1
970 18
971 3
972 4
973 0
974 9
975 3
976 5
977 17
978 0
979 2
980 6
981 0
982 0
983 0
984 5
985 28
986 7
987 1
988 8
989 0
990 19
991 4
992 19
993 3
994 24
995 2
996 8
997 14
998 30
999 2
1000 11
1001 6
1002 2
1003 0
1004 16
1005 1
1006 16
1007 4
1008 54
1009 9
1010 0
1011 0
1012 24
1013 2
1014 18
1015 12
1016 23
1017 31
1018 2
1019 27
1020 1
1021 19
1022 5
1023 0
1024 0
1025 2
1026 5
1027 1
1028 0
1029 7
1030 19
1031 4
1032 36
1033 2
1034 13
1035 2
1036 8
1037 13
1038 0
1039 4
1040 4
1041 0
1042 3
1043 0
1044 1
1045 23
1046 32
1047 26
1048 12
1049 4
1050 1
1051 10
1052 58
1053 10
1054 10
1055 7
1056 9
1057 0
1058 2
1059 13
1060 6
1061 11
1062 3
1063 9
1064 7
1065 2
1066 15
1067 1
1068 4
1069 10
1070 0
1071 27
1072 20
1073 21
1074 17
1075 10
1076 6
1077 1
1078 5
1079 0
1080 10
1081 9
1082 36
1083 13
1084 13
1085 3
1086 18
1087 16
1088 10
1089 0
1090 27
1091 8
1092 9
1093 1
1094 25
1095 2
1096 7
1097 16
1098 8
1099 32
1100 0
1101 5
1102 10
1103 60
1104 31
1105 37
1106 31
1107 3
1108 5
1109 2
1110 0
1111 7
1112 6
1113 1
1114 0
1115 9
1116 1
1117 2
1118 2
1119 0
1120 3
1121 1
1122 27
1123 3
1124 5
1125 12
1126 19
1127 4
1128 6
1129 10
1130 28
1131 20
1132 21
1133 5
1134 0
1135 7
1136 2
1137 6
1138 4
1139 1
1140 0
1141 3
1142 9
1143 0
1144 5
1145 0
1146 9
1147 16
1148 5
1149 40
1150 15
1151 8
1152 73
1153 0
1154 15
1155 8
1156 19
1157 14
1158 3
1159 14
1160 1
1161 10
1162 10
1163 28
1164 2
1165 0
1166 2
1167 2
1168 1
1169 1
1170 15
1171 2
1172 4
1173 6
1174 5
1175 3
1176 0
1177 15
1178 7
1179 4
1180 7
1181 1
1182 1
1183 0
1184 33
1185 0
1186 2
1187 8
1188 3
1189 33
1190 6
1191 15
1192 46
1193 42
1194 31
1195 4
1196 3
1197 3
1198 5
1199 8
1200 7
1201 10
1202 7
1203 3
1204 10
1205 9
1206 9
1207 10
1208 18
1209 13
1210 1
1211 5
1212 0
1213 0
1214 10
1215 15
1216 26
1217 31
1218 1
1219 46
1220 0
1221 2
1222 12
1223 16
1224 10
1225 28
1226 9
1227 3
1228 3
1229 3
1230 17
1231 7
1232 5
1233 17
1234 0
1235 5
1236 6
1237 3
1238 34
1239 53
1240 1
1241 1
1242 6
1243 14
1244 10
1245 2
1246 0
1247 17
1248 2
1249 0
1250 8
1251 3
1252 5
1253 34
1254 3
1255 2
1256 12
1257 3
1258 0
1259 5
1260 3
1261 17
1262 6
1263 18
1264 24
1265 16
1266 17
1267 27
1268 8
1269 0
1270 9
1271 17
1272 9
1273 31
1274 3
1275 8
1276 5
1277 19
1278 14
1279 4
1280 21
1281 24
1282 1
1283 4
1284 1
1285 6
1286 12
1287 0
1288 0
1289 4
1290 3
1291 4
1292 14
1293 3
1294 5
1295 7
1296 3
1297 37
1298 4
1299 2
1300 23
1301 0
1302 0
1303 71
1304 0
1305 2
1306 2
1307 9
1308 2
1309 2
1310 8
1311 3
1312 3
1313 0
1314 14
1315 15
1316 6
1317 1
1318 9
1319 4
1320 19
1321 23
1322 3
1323 0
1324 2
1325 2
1326 3
1327 0
1328 11
1329 0
1330 2
1331 0
1332 0
1333 4
1334 5
1335 12
1336 1
1337 0
1338 5
1339 13
1340 1
1341 3
1342 5
1343 0
1344 4
1345 3
1346 0
1347 11
1348 0
1349 17
1350 4
1351 1
1352 12
1353 24
1354 0
1355 24
1356 5
1357 13
1358 0
1359 33
1360 7
1361 0
1362 0
1363 6
1364 9
1365 9
1366 2
1367 7
1368 5
1369 15
1370 1
1371 0
1372 11
1373 3
1374 3
1375 6
1376 12
1377 0
1378 0
1379 51
1380 15
1381 61
1382 29
1383 2
1384 2
1385 2
1386 2
1387 37
1388 10
1389 3
1390 3
1391 2
1392 0
1393 0
1394 12
1395 35
1396 4
1397 5
1398 1
1399 2
1400 1
1401 7
1402 8
1403 2
1404 12
1405 24
1406 4
1407 4
1408 9
1409 12
1410 10
1411 14
1412 8
1413 8
1414 8
1415 4
1416 2
1417 4
1418 7
1419 16
1420 4
1421 1
1422 38
1423 15
1424 0
1425 41
1426 3
1427 3
1428 0
1429 3
1430 9
1431 14
1432 19
1433 0
1434 1
1435 10
1436 2
1437 1
1438 10
1439 0
1440 8
1441 5
1442 1
1443 5
1444 1
1445 4
1446 13
1447 3
1448 4
1449 20
1450 29
1451 8
1452 0
1453 14
1454 1
1455 5
1456 0
1457 3
1458 1
1459 16
1460 18
1461 0
1462 5
1463 2
1464 12
1465 6
1466 4
1467 21
1468 9
1469 4
1470 7
1471 10
1472 8
1473 4
1474 6
1475 59
1476 13
1477 34
1478 2
1479 64
1480 0
1481 21
1482 27
1483 27
1484 7
1485 30
1486 14
1487 57
1488 2
1489 3
1490 12
1491 15
1492 7
1493 0
1494 4
1495 17
1496 42
1497 5
1498 3
1499 9
1500 0
1501 2
1502 0
1503 0
1504 26
1505 1
1506 4
1507 6
1508 27
1509 1
1510 1
1511 11
1512 12
1513 1
1514 7
1515 5
1516 0
1517 1
1518 9
1519 0
1520 15
1521 13
1522 32
1523 21
1524 0
1525 20
1526 1
1527 0
1528 39
1529 4
1530 3
1531 2
1532 16
1533 0
1534 1
1535 33
1536 32
1537 33
1538 3
1539 10
1540 1
1541 5
1542 0
1543 0
1544 0
1545 3
1546 4
1547 9
1548 6
1549 0
1550 1
1551 18
1552 13
1553 4
1554 25
1555 23
1556 0
1557 1
1558 0
1559 0
1560 8
1561 9
1562 6
1563 1
1564 2
1565 6
1566 7
1567 0
1568 5
1569 2
1570 0
1571 8
1572 25
1573 2
1574 9
1575 3
1576 3
1577 6
1578 3
1579 23
1580 0
1581 4
1582 0
1583 3
1584 13
1585 0
1586 0
1587 10
1588 0
1589 9
1590 3
1591 3
1592 7
1593 20
1594 6
1595 7
1596 27
1597 0
