1 0
2 0
3 16
4 21
5 9
6 24
7 2
8 0
9 16
10 6
11 0
12 2
13 0
14 2
15 2
16 14
17 5
18 13
19 0
20 0
21 1
22 0
23 2
24 20
25 5
26 5
27 1
28 1
29 5
30 0
31 22
32 15
33 0
34 11
35 27
36 6
37 14
38 7
39 3
40 6
41 8
42 11
43 23
44 0
45 1
46 0
47 0
48 8
49 7
50 6
51 5
52 0
53 3
54 5
55 3
56 3
57 4
58 33
59 7
60 10
61 23
62 14
63 7
64 0
65 40
66 1
67 0
68 0
69 2
70 5
71 0
72 15
73 4
74 8
75 7
76 14
77 12
78 3
79 48
80 7
81 28
82 18
83 18
84 26
85 13
86 17
87 7
88 0
89 7
90 10
91 4
92 2
93 9
94 11
95 7
96 19
97 12
98 3
99 24
100 2
101 3
102 10
103 9
104 5
105 14
106 5
107 0
108 8
109 1
110 0
111 0
112 16
113 0
114 2
115 3
116 18
117 6
118 11
119 10
120 9
121 19
122 8
123 6
124 19
125 1
126 14
127 0
128 12
129 6
130 2
131 4
132 8
133 4
134 6
135 8
136 27
137 4
138 4
139 2
140 22
141 9
142 0
143 1
144 20
145 13
146 2
147 24
148 5
149 1
150 0
151 11
152 0
153 1
154 0
155 0
156 3
157 0
158 7
159 7
160 0
161 1
162 2
163 4
164 1
165 4
166 12
167 5
168 3
169 8
170 11
171 5
172 0
173 1
174 2
175 14
176 1
177 7
178 0
179 7
180 12
181 2
182 1
183 4
184 0
185 18
186 5
187 0
188 8
189 0
190 0
191 3
192 12
193 0
194 4
195 1
196 1
197 0
198 7
199 1
200 0
201 2
202 2
203 3
204 3
205 2
206 1
207 5
208 4
209 11
210 0
211 1
212 0
213 0
214 8
215 3
216 4
217 2
218 16
219 9
220 5
221 0
222 21
223 2
224 3
225 24
226 0
227 0
228 13
229 2
230 3
231 15
232 13
233 12
234 1
235 2
236 5
237 68
238 3
239 4
240 3
241 1
242 0
243 4
244 0
245 2
246 3
247 2
248 7
249 1
250 13
251 4
252 0
253 0
254 9
255 0
256 2
257 19
258 16
259 6
260 6
261 12
262 0
263 10
264 0
265 6
266 0
267 11
268 5
269 0
270 0
271 4
272 3
273 10
274 0
275 2
276 2
277 1
278 5
279 1
280 1
281 4
282 1
283 7
284 2
285 10
286 3
287 19
288 1
289 6
290 6
291 3
292 0
293 29
294 0
295 2
296 10
297 0
298 12
299 0
300 4
301 5
302 3
303 8
304 3
305 7
306 0
307 24
308 36
309 26
310 3
311 7
312 1
313 32
314 30
315 4
316 15
317 0
318 12
319 1
320 5
321 4
322 0
323 26
324 29
325 1
326 10
327 8
328 19
329 5
330 2
331 1
332 4
333 4
334 6
335 12
336 0
337 4
338 12
339 4
340 2
341 10
342 25
343 11
344 20
345 15
346 27
347 6
348 2
349 1
350 2
351 17
352 2
353 37
354 4
355 41
356 16
357 2
358 19
359 7
360 1
361 14
362 0
363 14
364 2
365 5
366 0
367 2
368 0
369 1
370 0
371 35
372 1
373 0
374 2
375 13
376 12
377 43
378 1
379 26
380 4
381 4
382 10
383 1
384 14
385 24
386 22
387 19
388 2
389 9
390 1
391 16
392 26
393 13
394 6
395 13
396 0
397 15
398 8
399 0
400 17
401 6
402 7
403 6
404 13
405 15
406 10
407 3
408 4
409 1
410 3
411 8
412 3
413 17
414 1
415 20
416 5
417 8
418 11
419 16
420 29
421 27
422 8
423 4
424 17
425 12
426 0
427 16
428 1
429 0
430 8
431 5
432 9
433 12
434 0
435 2
436 9
437 0
438 0
439 6
440 23
441 10
442 4
443 6
444 5
445 0
446 2
447 4
448 7
449 7
450 2
451 0
452 1
453 4
454 3
455 6
456 9
457 0
458 1
459 3
460 4
461 5
462 10
463 5
464 6
465 0
466 19
467 4
468 0
469 4
470 29
471 14
472 7
473 13
474 1
475 3
476 13
477 1
478 2
479 0
480 2
481 8
482 7
483 4
484 6
485 0
486 1
487 0
488 7
489 4
490 8
491 13
492 4
493 1
494 6
495 3
496 5
497 3
498 15
499 19
500 0
501 1
502 2
503 3
504 0
505 2
506 1
507 3
508 4
509 11
510 4
511 0
512 2
513 5
514 3
515 10
516 0
517 14
518 7
519 4
520 12
521 1
522 1
523 19
524 0
525 4
526 10
527 6
528 6
529 0
530 17
531 5
532 4
533 8
534 0
535 3
536 3
537 16
538 3
539 12
540 5
541 3
542 7
543 10
544 13
545 14
546 0
547 5
548 27
549 10
550 5
551 0
552 5
553 11
554 11
555 18
556 7
557 4
558 18
559 17
560 10
561 31
562 15
563 10
564 1
565 3
566 1
567 11
568 7
569 8
570 3
571 27
572 22
573 31
574 8
575 12
576 0
577 0
578 4
579 19
580 9
581 11
582 6
583 13
584 34
585 5
586 12
587 0
588 4
589 9
590 6
591 23
592 17
593 6
594 6
595 17
596 22
597 8
598 16
599 3
600 10
601 0
602 0
603 6
604 4
605 7
606 1
607 45
608 32
609 0
610 11
611 67
612 2
613 6
614 27
615 66
616 16
617 13
618 3
619 9
620 2
621 34
622 5
623 10
624 12
625 0
626 10
627 40
628 18
629 4
630 13
631 4
632 21
633 9
634 6
635 42
636 0
637 8
638 25
639 0
640 0
641 7
642 25
643 34
644 0
645 8
646 8
647 3
648 25
649 14
650 27
651 21
652 2
653 1
654 10
655 5
656 2
657 17
658 8
659 8
660 17
661 7
662 10
663 14
664 1
665 13
666 5
667 14
668 11
669 25
670 1
671 10
672 6
673 16
674 8
675 8
676 9
677 2
678 8
679 0
680 30
681 4
682 7
683 12
684 2
685 1
686 34
687 4
688 1
689 9
690 0
691 4
692 19
693 2
694 11
695 3
696 25
697 9
698 17
699 2
700 0
701 2
702 8
703 13
704 7
705 5
706 11
707 2
708 0
709 3
710 11
711 22
712 0
713 14
714 1
715 34
716 1
717 6
718 0
719 5
720 2
721 1
722 2
723 10
724 2
725 1
726 5
727 5
728 0
729 36
730 5
731 1
732 2
733 29
734 22
735 8
736 4
737 18
738 0
739 4
740 15
741 3
742 7
743 0
744 11
745 0
746 2
747 6
748 10
749 9
750 6
751 12
752 5
753 3
754 9
755 4
756 5
757 5
758 10
759 4
760 0
761 12
762 4
763 10
764 15
765 6
766 7
767 4
768 37
769 2
770 0
771 1
772 5
773 0
774 7
775 17
776 1
777 24
778 13
779 9
780 6
781 0
782 0
783 0
784 12
785 0
786 12
787 1
788 23
789 9
790 3
791 3
792 0
793 10
794 1
795 11
796 25
797 8
798 3
799 2
800 0
801 0
802 9
803 3
804 4
805 1
806 5
807 0
808 2
809 4
810 2
811 9
812 3
813 0
814 12
815 31
816 1
817 8
818 3
819 11
820 13
821 3
822 5
823 1
824 1
825 14
826 3
827 3
828 0
829 12
830 23
831 22
832 8
833 2
834 1
835 2
836 5
837 6
838 8
839 0
840 0
841 4
842 2
843 3
844 28
845 6
846 5
847 10
848 3
849 18
850 11
851 8
852 0
853 0
854 0
855 0
856 9
857 6
858 5
859 4
860 0
861 12
862 0
863 15
864 1
865 4
866 4
867 16
868 2
869 2
870 2
871 0
872 6
873 2
874 25
875 4
876 4
877 0
878 31
879 10
880 1
881 1
882 2
883 0
884 1
885 5
886 8
887 9
888 18
889 2
890 17
891 2
892 0
893 1
894 31
895 9
896 13
897 2
898 2
899 4
900 12
901 1
902 0
903 1
904 3
905 4
906 20
907 10
908 6
909 3
910 1
911 0
912 21
913 4
914 2
915 3
916 7
917 4
918 2
919 47
920 10
921 4
922 8
923 15
924 25
925 18
926 5
927 9
928 9
929 7
930 5
931 9
932 11
933 5
934 5
935 5
936 11
937 9
938 21
939 4
940 5
941 1
942 9
943 8
944 2
945 6
946 5
947 7
948 0
949 22
950 4
951 4
952 2
953 0
954 1
955 4
956 48
957 20
958 16
959 39
960 92
961 4
962 2
963 4
964 5
965 4
966 5
967 8
968 12
969 0
970 13
971 2
972 3
973 3
974 9
975 7
976 12
977 36
978 4
979 2
980 0
981 0
982 0
983 0
984 4
985 5
986 4
987 2
988 10
989 4
990 3
991 11
992 17
993 3
994 6
995 3
996 17
997 22
998 7
999 2
1000 2
1001 10
1002 26
1003 1
1004 5
1005 12
1006 17
1007 6
1008 18
1009 7
1010 4
1011 1
1012 22
1013 1
1014 2
1015 9
1016 17
1017 6
1018 5
1019 1
1020 0
1021 7
1022 5
1023 0
1024 3
1025 8
1026 2
1027 3
1028 6
1029 9
1030 1
1031 4
1032 12
1033 8
1034 11
1035 0
1036 18
1037 4
1038 0
1039 5
1040 2
1041 6
1042 22
1043 5
1044 1
1045 5
1046 3
1047 1
1048 10
1049 0
1050 0
1051 5
1052 3
1053 2
1054 7
1055 4
1056 4
1057 1
1058 17
1059 19
1060 1
1061 5
1062 0
1063 3
1064 27
1065 3
1066 3
1067 1
1068 5
1069 0
1070 2
1071 7
1072 2
1073 0
1074 3
1075 7
1076 1
1077 2
1078 8
1079 4
1080 15
1081 7
1082 16
1083 3
1084 12
1085 8
1086 2
1087 19
1088 7
1089 0
1090 11
1091 3
1092 0
1093 9
1094 13
1095 2
1096 9
1097 4
1098 7
1099 49
1100 0
1101 4
1102 1
1103 9
1104 17
1105 19
1106 2
1107 6
1108 16
1109 0
1110 0
1111 2
1112 0
1113 7
1114 5
1115 1
1116 0
1117 3
1118 7
1119 0
1120 4
1121 1
1122 1
1123 0
1124 3
1125 4
1126 11
1127 2
1128 0
1129 0
1130 10
1131 15
1132 0
1133 5
1134 1
1135 3
1136 3
1137 0
1138 2
1139 6
1140 2
1141 7
1142 1
1143 2
1144 3
1145 0
1146 17
1147 0
1148 0
1149 5
1150 5
1151 14
1152 16
1153 0
1154 5
1155 2
1156 7
1157 2
1158 2
1159 4
1160 0
1161 0
1162 0
1163 11
1164 7
1165 3
1166 6
1167 40
1168 1
1169 8
1170 12
1171 5
1172 6
1173 5
1174 6
1175 12
1176 0
1177 22
1178 5
1179 3
1180 3
1181 7
1182 4
1183 2
1184 2
1185 3
1186 2
1187 24
1188 2
1189 1
1190 3
1191 12
1192 13
1193 21
1194 9
1195 0
1196 2
1197 3
1198 2
1199 14
1200 4
1201 17
1202 1
1203 0
1204 15
1205 1
1206 3
1207 9
1208 10
1209 4
1210 1
1211 5
1212 0
1213 0
1214 6
1215 13
1216 9
1217 17
1218 9
1219 4
1220 0
1221 0
1222 8
1223 6
1224 4
1225 2
1226 11
1227 0
1228 4
1229 0
1230 8
1231 26
1232 1
1233 12
1234 2
1235 7
1236 10
1237 3
1238 22
1239 11
1240 1
1241 1
1242 2
1243 5
1244 3
1245 0
1246 4
1247 24
1248 14
1249 2
1250 3
1251 6
1252 14
1253 1
1254 0
1255 2
1256 4
1257 5
1258 1
1259 3
1260 4
1261 9
1262 8
1263 13
1264 0
1265 37
1266 5
1267 6
1268 1
1269 0
1270 2
1271 1
1272 9
1273 4
1274 0
1275 22
1276 7
1277 1
1278 15
1279 2
1280 0
1281 3
1282 0
1283 1
1284 4
1285 1
1286 12
1287 3
1288 7
1289 10
1290 0
1291 1
1292 4
1293 11
1294 6
1295 25
1296 3
1297 27
1298 2
1299 2
1300 17
1301 3
1302 2
1303 26
1304 0
1305 3
1306 4
1307 6
1308 2
1309 12
1310 2
1311 4
1312 8
1313 3
1314 13
1315 1
1316 2
1317 0
1318 7
1319 5
1320 12
1321 0
1322 3
1323 14
1324 0
1325 1
1326 21
1327 0
1328 15
1329 3
1330 2
1331 0
1332 0
1333 5
1334 11
1335 13
1336 2
1337 0
1338 5
1339 13
1340 3
1341 9
1342 7
1343 0
1344 9
1345 1
1346 2
1347 5
1348 3
1349 6
1350 1
1351 13
1352 12
1353 3
1354 0
1355 5
1356 6
1357 17
1358 3
1359 8
1360 4
1361 3
1362 1
1363 4
1364 13
1365 6
1366 7
1367 0
1368 13
1369 11
1370 3
1371 4
1372 1
1373 11
1374 16
1375 4
1376 21
1377 2
1378 7
1379 25
1380 32
1381 12
1382 3
1383 5
1384 3
1385 0
1386 5
1387 1
1388 2
1389 0
1390 9
1391 0
1392 0
1393 0
1394 26
1395 0
1396 2
1397 11
1398 1
1399 0
1400 2
1401 2
1402 0
1403 1
1404 5
1405 2
1406 7
1407 8
1408 5
1409 4
1410 5
1411 4
1412 3
1413 0
1414 1
1415 11
1416 0
1417 0
1418 2
1419 4
1420 0
1421 0
1422 2
1423 12
1424 1
1425 7
1426 0
1427 5
1428 5
1429 1
1430 3
1431 3
1432 5
1433 0
1434 16
1435 68
1436 11
1437 3
1438 7
1439 4
1440 9
1441 1
1442 0
1443 5
1444 3
1445 6
1446 3
1447 13
1448 5
1449 17
1450 9
1451 0
1452 2
1453 8
1454 7
1455 2
1456 6
1457 0
1458 14
1459 7
1460 16
1461 0
1462 1
1463 0
1464 0
1465 9
1466 13
1467 20
1468 5
1469 20
1470 10
1471 21
1472 9
1473 11
1474 10
1475 6
1476 3
1477 10
1478 1
1479 5
1480 2
1481 7
1482 9
1483 0
1484 2
1485 13
1486 5
1487 3
1488 0
1489 0
1490 5
1491 7
1492 13
1493 0
1494 9
1495 45
1496 4
1497 0
1498 3
1499 0
1500 10
1501 14
1502 0
1503 0
1504 4
1505 5
1506 1
1507 23
1508 48
1509 1
1510 3
1511 16
1512 11
1513 2
1514 1
1515 1
1516 2
1517 1
1518 1
1519 1
1520 16
1521 16
1522 11
1523 16
1524 0
1525 17
1526 3
1527 7
1528 20
1529 4
1530 1
1531 0
1532 6
1533 0
1534 0
1535 7
1536 17
1537 28
1538 0
1539 7
1540 3
1541 0
1542 2
1543 0
1544 5
1545 2
1546 0
1547 0
1548 2
1549 2
1550 0
1551 7
1552 4
1553 2
1554 9
1555 21
1556 1
1557 2
1558 4
1559 2
1560 2
1561 0
1562 22
1563 6
1564 9
1565 8
1566 2
1567 0
1568 2
1569 19
1570 0
1571 4
1572 36
1573 7
1574 6
1575 25
1576 3
1577 8
1578 9
1579 6
1580 6
1581 0
1582 2
1583 20
1584 20
1585 2
1586 0
1587 5
1588 2
1589 4
1590 2
1591 2
1592 27
1593 7
1594 11
1595 8
1596 28
1597 6
