1 0
2 0
3 6
4 12
5 3
6 32
7 1
8 7
9 16
10 0
11 2
12 3
13 0
14 0
15 3
16 40
17 24
18 12
19 0
20 4
21 1
22 6
23 0
24 31
25 20
26 0
27 12
28 4
29 40
30 1
31 20
32 3
33 3
34 18
35 27
36 5
37 14
38 3
39 23
40 15
41 0
42 3
43 12
44 0
45 8
46 6
47 0
48 4
49 9
50 11
51 7
52 0
53 4
54 10
55 0
56 31
57 0
58 9
59 12
60 37
61 14
62 14
63 3
64 1
65 18
66 32
67 1
68 0
69 7
70 2
71 1
72 2
73 24
74 37
75 31
76 16
77 3
78 2
79 7
80 8
81 1
82 3
83 3
84 8
85 4
86 0
87 6
88 2
89 7
90 18
91 0
92 0
93 11
94 6
95 4
96 6
97 2
98 3
99 3
100 2
101 1
102 2
103 11
104 4
105 2
106 5
107 6
108 0
109 3
110 1
111 0
112 5
113 2
114 5
115 1
116 4
117 2
118 10
119 2
120 20
121 4
122 4
123 10
124 17
125 0
126 5
127 2
128 11
129 1
130 2
131 4
132 15
133 5
134 1
135 1
136 1
137 0
138 12
139 2
140 5
141 3
142 1
143 0
144 0
145 4
146 0
147 9
148 3
149 7
150 0
151 10
152 5
153 3
154 4
155 0
156 0
157 2
158 3
159 21
160 2
161 1
162 5
163 29
164 4
165 4
166 6
167 1
168 1
169 6
170 2
171 0
172 5
173 6
174 11
175 7
176 5
177 14
178 0
179 9
180 63
181 11
182 3
183 1
184 1
185 0
186 1
187 0
188 13
189 2
190 0
191 22
192 0
193 14
194 1
195 3
196 1
197 1
198 0
199 0
200 3
201 3
202 2
203 1
204 0
205 0
206 9
207 12
208 16
209 13
210 8
211 4
212 17
213 2
214 2
215 0
216 0
217 4
218 4
219 18
220 7
221 14
222 3
223 4
224 13
225 7
226 0
227 4
228 1
229 0
230 1
231 12
232 7
233 16
234 2
235 5
236 4
237 5
238 8
239 6
240 7
241 8
242 0
243 22
244 0
245 1
246 5
247 4
248 3
249 2
250 3
251 0
252 0
253 0
254 4
255 2
256 11
257 3
258 9
259 15
260 2
261 8
262 0
263 10
264 0
265 22
266 0
267 11
268 5
269 7
270 0
271 2
272 1
273 0
274 0
275 9
276 3
277 2
278 1
279 1
280 4
281 6
282 2
283 0
284 13
285 2
286 10
287 43
288 2
289 0
290 18
291 4
292 6
293 30
294 0
295 5
296 0
297 3
298 9
299 2
300 0
301 4
302 9
303 10
304 0
305 1
306 0
307 29
308 13
309 14
310 0
311 9
312 0
313 5
314 59
315 15
316 9
317 0
318 18
319 0
320 3
321 6
322 7
323 15
324 6
325 6
326 0
327 8
328 9
329 0
330 0
331 8
332 15
333 29
334 10
335 3
336 2
337 9
338 4
339 2
340 1
341 4
342 7
343 10
344 12
345 12
346 25
347 3
348 5
349 2
350 0
351 30
352 14
353 7
354 2
355 10
356 6
357 3
358 9
359 7
360 0
361 2
362 5
363 0
364 0
365 2
366 1
367 1
368 2
369 1
370 14
371 6
372 0
373 2
374 0
375 0
376 0
377 21
378 1
379 11
380 1
381 13
382 3
383 10
384 5
385 0
386 2
387 26
388 2
389 9
390 2
391 5
392 6
393 0
394 3
395 11
396 0
397 29
398 9
399 0
400 21
401 7
402 2
403 6
404 24
405 1
406 16
407 2
408 2
409 1
410 7
411 3
412 14
413 5
414 6
415 20
416 9
417 4
418 13
419 9
420 7
421 8
422 13
423 1
424 14
425 8
426 7
427 5
428 1
429 0
430 5
431 8
432 32
433 12
434 0
435 1
436 5
437 4
438 5
439 1
440 7
441 13
442 8
443 2
444 3
445 0
446 4
447 6
448 26
449 11
450 9
451 7
452 4
453 1
454 5
455 2
456 13
457 33
458 5
459 27
460 8
461 3
462 23
463 30
464 21
465 18
466 4
467 2
468 7
469 5
470 22
471 20
472 21
473 20
474 1
475 10
476 3
477 19
478 14
479 1
480 2
481 1
482 5
483 6
484 6
485 6
486 23
487 2
488 9
489 2
490 1
491 5
492 6
493 1
494 2
495 1
496 6
497 9
498 15
499 7
500 3
501 9
502 3
503 4
504 0
505 1
506 1
507 4
508 14
509 5
510 1
511 16
512 0
513 9
514 4
515 6
516 0
517 4
518 0
519 0
520 1
521 9
522 10
523 16
524 4
525 2
526 0
527 3
528 3
529 7
530 22
531 2
532 0
533 0
534 0
535 1
536 15
537 13
538 10
539 10
540 6
541 17
542 11
543 12
544 13
545 16
546 0
547 1
548 1
549 6
550 18
551 1
552 5
553 0
554 17
555 2
556 45
557 18
558 21
559 34
560 6
561 20
562 15
563 2
564 2
565 10
566 1
567 5
568 2
569 6
570 10
571 17
572 0
573 16
574 16
575 2
576 4
577 0
578 5
579 8
580 9
581 1
582 7
583 4
584 4
585 0
586 0
587 0
588 1
589 3
590 1
591 16
592 2
593 2
594 1
595 8
596 20
597 8
598 5
599 5
600 4
601 0
602 1
603 0
604 8
605 22
606 1
607 5
608 8
609 9
610 20
611 3
612 5
613 2
614 27
615 39
616 18
617 1
618 3
619 11
620 0
621 4
622 12
623 9
624 6
625 4
626 10
627 32
628 14
629 6
630 12
631 0
632 1
633 18
634 19
635 2
636 0
637 26
638 7
639 0
640 0
641 17
642 6
643 4
644 0
645 2
646 5
647 8
648 2
649 1
650 4
651 17
652 4
653 5
654 17
655 22
656 0
657 1
658 5
659 4
660 8
661 10
662 5
663 3
664 6
665 1
666 1
667 4
668 8
669 3
670 0
671 9
672 4
673 1
674 0
675 3
676 6
677 6
678 59
679 1
680 4
681 16
682 5
683 12
684 57
685 0
686 11
687 6
688 16
689 6
690 1
691 0
692 3
693 1
694 5
695 1
696 9
697 19
698 1
699 15
700 0
701 7
702 1
703 21
704 12
705 6
706 2
707 0
708 0
709 9
710 7
711 16
712 0
713 14
714 10
715 50
716 3
717 1
718 0
719 4
720 2
721 3
722 9
723 6
724 3
725 0
726 8
727 8
728 0
729 7
730 9
731 0
732 3
733 12
734 15
735 0
736 2
737 2
738 10
739 1
740 4
741 0
742 8
743 3
744 6
745 1
746 10
747 4
748 5
749 3
750 45
751 20
752 5
753 0
754 12
755 4
756 19
757 7
758 7
759 6
760 4
761 12
762 1
763 47
764 6
765 46
766 7
767 0
768 32
769 0
770 0
771 0
772 5
773 5
774 0
775 5
776 0
777 3
778 1
779 8
780 26
781 1
782 4
783 17
784 28
785 0
786 1
787 10
788 62
789 9
790 15
791 1
792 1
793 37
794 1
795 1
796 15
797 8
798 6
799 5
800 0
801 3
802 7
803 15
804 8
805 3
806 20
807 0
808 0
809 2
810 19
811 7
812 4
813 0
814 7
815 13
816 0
817 7
818 19
819 3
820 16
821 2
822 10
823 26
824 0
825 23
826 32
827 6
828 0
829 7
830 19
831 11
832 1
833 13
834 1
835 22
836 7
837 7
838 1
839 4
840 0
841 2
842 1
843 13
844 14
845 1
846 11
847 13
848 10
849 48
850 6
851 4
852 0
853 2
854 2
855 5
856 24
857 6
858 1
859 0
860 0
861 12
862 1
863 9
864 3
865 6
866 4
867 24
868 2
869 2
870 9
871 12
872 78
873 22
874 15
875 7
876 8
877 0
878 4
879 5
880 0
881 2
882 1
883 0
884 7
885 5
886 15
887 0
888 0
889 0
890 7
891 0
892 0
893 7
894 8
895 0
896 13
897 0
898 5
899 4
900 2
901 1
902 4
903 0
904 10
905 1
906 0
907 3
908 12
909 0
910 1
911 0
912 13
913 2
914 0
915 5
916 2
917 6
918 4
919 15
920 11
921 1
922 2
923 0
924 13
925 5
926 4
927 12
928 4
929 4
930 3
931 11
932 1
933 0
934 0
935 1
936 0
937 0
938 13
939 1
940 2
941 5
942 5
943 4
944 1
945 0
946 0
947 4
948 3
949 1
950 1
951 0
952 1
953 2
954 4
955 2
956 46
957 12
958 22
959 4
960 16
961 2
962 0
963 0
964 1
965 11
966 18
967 0
968 1
969 11
970 6
971 11
972 14
973 1
974 22
975 3
976 6
977 55
978 4
979 34
980 6
981 8
982 0
983 0
984 0
985 54
986 2
987 1
988 15
989 0
990 2
991 19
992 18
993 1
994 36
995 4
996 19
997 14
998 10
999 14
1000 3
1001 2
1002 48
1003 2
1004 6
1005 0
1006 9
1007 8
1008 8
1009 4
1010 1
1011 0
1012 15
1013 6
1014 70
1015 5
1016 6
1017 3
1018 2
1019 5
1020 3
1021 10
1022 4
1023 0
1024 0
1025 2
1026 2
1027 0
1028 2
1029 10
1030 0
1031 14
1032 44
1033 5
1034 46
1035 4
1036 17
1037 8
1038 4
1039 13
1040 1
1041 0
1042 6
1043 3
1044 32
1045 29
1046 0
1047 0
1048 27
1049 0
1050 0
1051 2
1052 25
1053 8
1054 8
1055 0
1056 6
1057 0
1058 27
1059 9
1060 3
1061 12
1062 0
1063 0
1064 13
1065 3
1066 8
1067 1
1068 1
1069 7
1070 1
1071 2
1072 3
1073 9
1074 8
1075 5
1076 4
1077 9
1078 13
1079 6
1080 36
1081 7
1082 32
1083 17
1084 25
1085 0
1086 0
1087 12
1088 19
1089 20
1090 27
1091 10
1092 6
1093 6
1094 14
1095 2
1096 15
1097 9
1098 18
1099 7
1100 1
1101 0
1102 6
1103 9
1104 57
1105 12
1106 13
1107 1
1108 11
1109 4
1110 0
1111 5
1112 3
1113 1
1114 1
1115 3
1116 6
1117 3
1118 0
1119 0
1120 0
1121 4
1122 3
1123 1
1124 0
1125 2
1126 15
1127 0
1128 13
1129 16
1130 23
1131 27
1132 5
1133 4
1134 4
1135 6
1136 0
1137 3
1138 2
1139 13
1140 4
1141 5
1142 13
1143 4
1144 5
1145 0
1146 6
1147 1
1148 5
1149 1
1150 1
1151 10
1152 43
1153 0
1154 5
1155 22
1156 9
1157 1
1158 6
1159 3
1160 0
1161 1
1162 0
1163 7
1164 2
1165 2
1166 39
1167 0
1168 0
1169 0
1170 27
1171 24
1172 2
1173 4
1174 1
1175 0
1176 0
1177 11
1178 0
1179 3
1180 3
1181 8
1182 2
1183 5
1184 13
1185 2
1186 0
1187 9
1188 2
1189 11
1190 7
1191 1
1192 15
1193 24
1194 4
1195 2
1196 8
1197 16
1198 0
1199 11
1200 7
1201 19
1202 6
1203 3
1204 31
1205 2
1206 2
1207 0
1208 22
1209 5
1210 3
1211 8
1212 0
1213 0
1214 13
1215 1
1216 9
1217 4
1218 12
1219 34
1220 8
1221 2
1222 16
1223 21
1224 29
1225 3
1226 2
1227 0
1228 4
1229 5
1230 21
1231 18
1232 1
1233 30
1234 1
1235 0
1236 3
1237 2
1238 18
1239 7
1240 0
1241 1
1242 4
1243 1
1244 8
1245 0
1246 4
1247 46
1248 10
1249 7
1250 3
1251 8
1252 1
1253 9
1254 2
1255 6
1256 11
1257 7
1258 5
1259 9
1260 3
1261 8
1262 0
1263 12
1264 2
1265 12
1266 16
1267 16
1268 4
1269 1
1270 4
1271 9
1272 1
1273 4
1274 0
1275 11
1276 10
1277 14
1278 7
1279 3
1280 1
1281 10
1282 0
1283 4
1284 0
1285 4
1286 22
1287 0
1288 2
1289 6
1290 0
1291 8
1292 14
1293 10
1294 16
1295 12
1296 2
1297 25
1298 7
1299 7
1300 30
1301 1
1302 12
1303 45
1304 4
1305 12
1306 0
1307 48
1308 19
1309 13
1310 13
1311 13
1312 4
1313 0
1314 25
1315 1
1316 1
1317 3
1318 11
1319 1
1320 27
1321 8
1322 10
1323 20
1324 2
1325 5
1326 11
1327 0
1328 8
1329 0
1330 3
1331 0
1332 0
1333 9
1334 1
1335 20
1336 2
1337 0
1338 7
1339 10
1340 0
1341 3
1342 6
1343 1
1344 8
1345 6
1346 1
1347 9
1348 11
1349 6
1350 9
1351 9
1352 2
1353 11
1354 2
1355 8
1356 4
1357 5
1358 1
1359 5
1360 6
1361 4
1362 3
1363 14
1364 13
1365 3
1366 12
1367 10
1368 9
1369 14
1370 16
1371 7
1372 3
1373 3
1374 10
1375 14
1376 15
1377 3
1378 19
1379 3
1380 6
1381 9
1382 2
1383 10
1384 35
1385 14
1386 9
1387 1
1388 2
1389 14
1390 1
1391 0
1392 0
1393 1
1394 13
1395 13
1396 5
1397 17
1398 2
1399 9
1400 1
1401 3
1402 22
1403 1
1404 13
1405 13
1406 0
1407 19
1408 0
1409 6
1410 44
1411 1
1412 9
1413 1
1414 3
1415 4
1416 0
1417 1
1418 3
1419 2
1420 0
1421 10
1422 7
1423 2
1424 0
1425 11
1426 4
1427 4
1428 0
1429 3
1430 9
1431 2
1432 15
1433 5
1434 9
1435 16
1436 15
1437 2
1438 3
1439 6
1440 7
1441 1
1442 0
1443 8
1444 4
1445 1
1446 7
1447 9
1448 16
1449 7
1450 4
1451 7
1452 8
1453 6
1454 8
1455 24
1456 2
1457 0
1458 5
1459 9
1460 5
1461 0
1462 4
1463 2
1464 5
1465 11
1466 6
1467 8
1468 14
1469 13
1470 4
1471 10
1472 24
1473 1
1474 23
1475 18
1476 14
1477 8
1478 2
1479 11
1480 3
1481 5
1482 9
1483 4
1484 5
1485 3
1486 6
1487 2
1488 0
1489 0
1490 17
1491 21
1492 7
1493 0
1494 4
1495 6
1496 1
1497 5
1498 2
1499 1
1500 9
1501 2
1502 0
1503 0
1504 8
1505 10
1506 3
1507 6
1508 13
1509 4
1510 0
1511 6
1512 7
1513 4
1514 1
1515 2
1516 0
1517 0
1518 0
1519 4
1520 6
1521 11
1522 17
1523 27
1524 0
1525 11
1526 2
1527 3
1528 9
1529 10
1530 3
1531 1
1532 7
1533 6
1534 0
1535 8
1536 1
1537 8
1538 19
1539 0
1540 5
1541 4
1542 0
1543 3
1544 7
1545 2
1546 3
1547 4
1548 3
1549 3
1550 4
1551 4
1552 13
1553 5
1554 26
1555 13
1556 0
1557 20
1558 2
1559 5
1560 2
1561 7
1562 25
1563 3
1564 2
1565 4
1566 8
1567 0
1568 1
1569 0
1570 0
1571 18
1572 13
1573 1
1574 0
1575 21
1576 10
1577 29
1578 10
1579 16
1580 2
1581 6
1582 1
1583 1
1584 4
1585 0
1586 0
1587 2
1588 12
1589 11
1590 9
1591 1
1592 5
1593 28
1594 9
1595 9
1596 26
1597 0
