1 5
2 1
3 8
4 8
5 6
6 8
7 0
8 0
9 7
10 0
11 0
12 1
13 2
14 3
15 9
16 13
17 8
18 9
19 7
20 2
21 9
22 5
23 0
24 7
25 8
26 17
27 20
28 0
29 0
30 0
31 3
32 8
33 9
34 3
35 11
36 2
37 39
38 16
39 4
40 9
41 2
42 7
43 4
44 7
45 4
46 0
47 0
48 13
49 0
50 4
51 13
52 0
53 1
54 1
55 0
56 7
57 0
58 18
59 6
60 9
61 9
62 4
63 1
64 4
65 6
66 6
67 0
68 2
69 1
70 4
71 0
72 14
73 13
74 9
75 13
76 16
77 9
78 2
79 21
80 4
81 7
82 2
83 2
84 7
85 0
86 16
87 5
88 4
89 7
90 4
91 10
92 6
93 9
94 4
95 2
96 13
97 17
98 13
99 5
100 3
101 7
102 2
103 41
104 1
105 3
106 4
107 0
108 2
109 3
110 3
111 0
112 13
113 0
114 1
115 3
116 11
117 12
118 9
119 7
120 7
121 2
122 5
123 5
124 23
125 4
126 8
127 9
128 5
129 0
130 1
131 3
132 3
133 9
134 0
135 1
136 0
137 5
138 2
139 2
140 13
141 7
142 1
143 2
144 2
145 11
146 4
147 6
148 1
149 0
150 0
151 5
152 7
153 1
154 5
155 1
156 0
157 4
158 1
159 8
160 0
161 2
162 0
163 14
164 0
165 0
166 6
167 11
168 0
169 3
170 1
171 1
172 0
173 0
174 4
175 1
176 5
177 9
178 10
179 12
180 7
181 3
182 22
183 0
184 1
185 12
186 8
187 0
188 3
189 0
190 3
191 7
192 6
193 2
194 1
195 0
196 2
197 0
198 6
199 3
200 1
201 3
202 1
203 8
204 3
205 0
206 5
207 3
208 1
209 9
210 6
211 1
212 11
213 3
214 4
215 8
216 0
217 3
218 0
219 1
220 0
221 1
222 3
223 0
224 0
225 21
226 0
227 1
228 5
229 4
230 0
231 10
232 2
233 14
234 0
235 0
236 2
237 11
238 7
239 5
240 3
241 4
242 1
243 25
244 0
245 0
246 0
247 24
248 15
249 5
250 11
251 1
252 0
253 1
254 2
255 5
256 2
257 8
258 0
259 5
260 2
261 0
262 0
263 13
264 0
265 5
266 2
267 4
268 0
269 6
270 0
271 2
272 8
273 1
274 0
275 2
276 1
277 0
278 7
279 11
280 6
281 4
282 2
283 1
284 0
285 7
286 4
287 5
288 0
289 0
290 5
291 6
292 0
293 9
294 0
295 0
296 1
297 1
298 1
299 0
300 0
301 1
302 4
303 2
304 4
305 3
306 0
307 9
308 12
309 43
310 0
311 0
312 0
313 10
314 14
315 4
316 4
317 2
318 6
319 0
320 8
321 5
322 3
323 10
324 3
325 0
326 4
327 9
328 5
329 1
330 0
331 0
332 5
333 14
334 3
335 5
336 8
337 2
338 8
339 9
340 0
341 13
342 0
343 5
344 16
345 14
346 19
347 3
348 0
349 2
350 1
351 0
352 12
353 3
354 0
355 2
356 5
357 1
358 5
359 0
360 0
361 27
362 7
363 0
364 0
365 0
366 2
367 4
368 0
369 2
370 1
371 17
372 0
373 0
374 9
375 0
376 0
377 3
378 3
379 7
380 1
381 3
382 0
383 1
384 2
385 3
386 1
387 16
388 4
389 4
390 0
391 0
392 4
393 4
394 1
395 5
396 0
397 1
398 1
399 0
400 16
401 14
402 3
403 0
404 4
405 7
406 1
407 0
408 0
409 0
410 0
411 0
412 0
413 1
414 0
415 7
416 1
417 3
418 5
419 1
420 20
421 1
422 4
423 3
424 0
425 6
426 0
427 9
428 2
429 2
430 4
431 6
432 2
433 3
434 2
435 0
436 2
437 0
438 4
439 2
440 1
441 2
442 3
443 12
444 4
445 4
446 28
447 1
448 0
449 7
450 5
451 5
452 13
453 3
454 2
455 1
456 4
457 7
458 3
459 2
460 9
461 5
462 4
463 1
464 17
465 2
466 3
467 0
468 0
469 0
470 3
471 4
472 11
473 0
474 2
475 15
476 25
477 4
478 3
479 3
480 0
481 2
482 12
483 0
484 6
485 9
486 0
487 5
488 1
489 6
490 2
491 2
492 0
493 3
494 1
495 0
496 9
497 3
498 5
499 11
500 4
501 2
502 2
503 19
504 0
505 12
506 4
507 3
508 4
509 7
510 3
511 0
512 0
513 1
514 3
515 11
516 2
517 0
518 0
519 21
520 2
521 18
522 12
523 27
524 0
525 2
526 0
527 0
528 0
529 0
530 7
531 1
532 1
533 13
534 0
535 2
536 3
537 11
538 16
539 5
540 0
541 2
542 1
543 11
544 20
545 2
546 0
547 8
548 12
549 11
550 8
551 5
552 9
553 47
554 3
555 6
556 7
557 0
558 21
559 20
560 9
561 23
562 33
563 2
564 5
565 10
566 1
567 11
568 23
569 27
570 3
571 44
572 2
573 46
574 57
575 7
576 3
577 8
578 14
579 7
580 24
581 4
582 2
583 1
584 16
585 4
586 0
587 0
588 2
589 1
590 0
591 9
592 3
593 2
594 2
595 2
596 4
597 5
598 18
599 25
600 1
601 0
602 0
603 7
604 1
605 4
606 6
607 8
608 3
609 3
610 8
611 13
612 1
613 3
614 11
615 8
616 4
617 11
618 9
619 21
620 0
621 3
622 5
623 4
624 19
625 0
626 13
627 3
628 0
629 8
630 4
631 2
632 0
633 2
634 17
635 15
636 0
637 10
638 2
639 3
640 0
641 25
642 0
643 9
644 0
645 7
646 5
647 2
648 4
649 4
650 1
651 26
652 3
653 1
654 4
655 5
656 0
657 1
658 7
659 5
660 9
661 22
662 4
663 10
664 7
665 10
666 5
667 4
668 9
669 10
670 7
671 1
672 6
673 7
674 3
675 0
676 0
677 4
678 1
679 4
680 1
681 0
682 0
683 0
684 0
685 2
686 6
687 4
688 1
689 1
690 1
691 0
692 3
693 2
694 6
695 2
696 13
697 15
698 26
699 9
700 2
701 3
702 1
703 4
704 0
705 4
706 17
707 5
708 0
709 0
710 6
711 5
712 0
713 1
714 0
715 5
716 3
717 3
718 0
719 1
720 5
721 0
722 0
723 1
724 0
725 0
726 3
727 3
728 0
729 6
730 6
731 1
732 0
733 45
734 19
735 0
736 1
737 4
738 0
739 12
740 0
741 4
742 18
743 0
744 5
745 2
746 0
747 1
748 7
749 4
750 2
751 5
752 2
753 3
754 11
755 17
756 3
757 2
758 9
759 0
760 0
761 9
762 0
763 6
764 3
765 2
766 5
767 2
768 4
769 21
770 0
771 0
772 0
773 8
774 1
775 6
776 1
777 1
778 7
779 23
780 8
781 0
782 0
783 5
784 10
785 0
786 18
787 10
788 3
789 6
790 0
791 3
792 0
793 5
794 5
795 0
796 13
797 14
798 10
799 0
800 1
801 4
802 3
803 7
804 18
805 1
806 4
807 1
808 0
809 6
810 1
811 27
812 8
813 0
814 2
815 4
816 3
817 5
818 3
819 8
820 9
821 5
822 30
823 5
824 6
825 5
826 1
827 21
828 2
829 15
830 8
831 13
832 1
833 10
834 0
835 51
836 7
837 2
838 4
839 3
840 0
841 0
842 2
843 11
844 10
845 1
846 6
847 5
848 2
849 7
850 4
851 19
852 0
853 7
854 0
855 1
856 0
857 1
858 3
859 2
860 2
861 2
862 0
863 6
864 1
865 1
866 0
867 11
868 1
869 1
870 10
871 0
872 12
873 3
874 11
875 4
876 0
877 0
878 3
879 3
880 0
881 3
882 1
883 3
884 1
885 0
886 14
887 17
888 5
889 0
890 1
891 17
892 0
893 4
894 3
895 8
896 0
897 0
898 4
899 3
900 2
901 17
902 6
903 4
904 0
905 2
906 0
907 0
908 19
909 0
910 16
911 0
912 10
913 10
914 2
915 11
916 0
917 9
918 0
919 0
920 5
921 1
922 1
923 6
924 4
925 10
926 6
927 2
928 4
929 2
930 2
931 1
932 0
933 2
934 0
935 5
936 12
937 0
938 2
939 0
940 0
941 5
942 6
943 1
944 2
945 0
946 10
947 1
948 2
949 5
950 4
951 9
952 7
953 0
954 4
955 1
956 4
957 1
958 11
959 10
960 2
961 2
962 2
963 3
964 6
965 20
966 16
967 0
968 2
969 11
970 15
971 4
972 0
973 18
974 7
975 5
976 3
977 7
978 0
979 0
980 0
981 0
982 1
983 2
984 1
985 16
986 0
987 1
988 6
989 0
990 0
991 11
992 9
993 3
994 4
995 4
996 3
997 4
998 13
999 0
1000 3
1001 4
1002 13
1003 2
1004 11
1005 0
1006 9
1007 0
1008 7
1009 9
1010 2
1011 0
1012 42
1013 1
1014 32
1015 11
1016 3
1017 0
1018 8
1019 1
1020 0
1021 9
1022 2
1023 0
1024 0
1025 0
1026 6
1027 3
1028 3
1029 4
1030 1
1031 33
1032 7
1033 2
1034 11
1035 0
1036 0
1037 3
1038 0
1039 1
1040 0
1041 2
1042 7
1043 5
1044 3
1045 13
1046 0
1047 0
1048 0
1049 0
1050 3
1051 1
1052 0
1053 14
1054 15
1055 0
1056 5
1057 0
1058 6
1059 6
1060 1
1061 2
1062 0
1063 0
1064 15
1065 2
1066 14
1067 0
1068 0
1069 7
1070 0
1071 10
1072 0
1073 0
1074 6
1075 6
1076 6
1077 0
1078 2
1079 0
1080 5
1081 2
1082 5
1083 10
1084 1
1085 0
1086 2
1087 11
1088 2
1089 0
1090 10
1091 11
1092 0
1093 1
1094 3
1095 0
1096 24
1097 2
1098 3
1099 3
1100 0
1101 9
1102 0
1103 5
1104 2
1105 13
1106 29
1107 1
1108 19
1109 6
1110 8
1111 10
1112 0
1113 7
1114 0
1115 1
1116 2
1117 2
1118 0
1119 7
1120 5
1121 0
1122 0
1123 3
1124 1
1125 1
1126 21
1127 5
1128 2
1129 3
1130 18
1131 7
1132 3
1133 7
1134 1
1135 0
1136 0
1137 1
1138 22
1139 0
1140 3
1141 2
1142 0
1143 0
1144 5
1145 0
1146 5
1147 1
1148 2
1149 10
1150 17
1151 0
1152 5
1153 0
1154 1
1155 1
1156 4
1157 0
1158 16
1159 2
1160 3
1161 5
1162 0
1163 4
1164 1
1165 8
1166 27
1167 5
1168 16
1169 5
1170 13
1171 5
1172 7
1173 9
1174 30
1175 12
1176 0
1177 15
1178 15
1179 7
1180 3
1181 5
1182 11
1183 0
1184 0
1185 2
1186 0
1187 5
1188 0
1189 2
1190 1
1191 4
1192 10
1193 6
1194 14
1195 0
1196 2
1197 4
1198 5
1199 2
1200 2
1201 2
1202 0
1203 0
1204 10
1205 10
1206 0
1207 6
1208 19
1209 0
1210 7
1211 0
1212 0
1213 0
1214 1
1215 6
1216 15
1217 1
1218 2
1219 7
1220 0
1221 0
1222 2
1223 11
1224 1
1225 4
1226 0
1227 1
1228 0
1229 9
1230 5
1231 4
1232 4
1233 3
1234 0
1235 2
1236 1
1237 0
1238 5
1239 3
1240 0
1241 2
1242 6
1243 9
1244 2
1245 0
1246 0
1247 8
1248 2
1249 24
1250 1
1251 7
1252 0
1253 0
1254 1
1255 7
1256 3
1257 1
1258 0
1259 4
1260 6
1261 7
1262 3
1263 12
1264 8
1265 16
1266 3
1267 13
1268 8
1269 0
1270 0
1271 0
1272 0
1273 8
1274 0
1275 1
1276 0
1277 2
1278 2
1279 0
1280 0
1281 5
1282 0
1283 6
1284 0
1285 1
1286 1
1287 0
1288 0
1289 5
1290 0
1291 14
1292 3
1293 6
1294 1
1295 10
1296 1
1297 4
1298 0
1299 0
1300 9
1301 0
1302 7
1303 16
1304 0
1305 4
1306 1
1307 8
1308 0
1309 7
1310 0
1311 17
1312 3
1313 0
1314 9
1315 0
1316 8
1317 0
1318 4
1319 3
1320 9
1321 0
1322 2
1323 0
1324 0
1325 0
1326 9
1327 0
1328 8
1329 1
1330 0
1331 1
1332 1
1333 8
1334 15
1335 5
1336 0
1337 6
1338 3
1339 5
1340 4
1341 7
1342 6
1343 4
1344 7
1345 3
1346 0
1347 0
1348 0
1349 8
1350 13
1351 0
1352 1
1353 5
1354 0
1355 1
1356 2
1357 2
1358 0
1359 17
1360 0
1361 3
1362 1
1363 0
1364 6
1365 0
1366 10
1367 0
1368 0
1369 8
1370 6
1371 4
1372 0
1373 1
1374 4
1375 0
1376 4
1377 0
1378 7
1379 6
1380 3
1381 23
1382 1
1383 7
1384 13
1385 0
1386 10
1387 0
1388 2
1389 0
1390 1
1391 1
1392 2
1393 0
1394 7
1395 4
1396 7
1397 3
1398 0
1399 6
1400 1
1401 2
1402 6
1403 2
1404 7
1405 19
1406 1
1407 4
1408 0
1409 19
1410 6
1411 2
1412 0
1413 1
1414 1
1415 0
1416 3
1417 3
1418 3
1419 2
1420 3
1421 1
1422 5
1423 5
1424 3
1425 1
1426 0
1427 7
1428 3
1429 2
1430 7
1431 8
1432 8
1433 2
1434 0
1435 16
1436 23
1437 2
1438 0
1439 1
1440 6
1441 0
1442 0
1443 3
1444 6
1445 7
1446 10
1447 7
1448 1
1449 7
1450 9
1451 1
1452 3
1453 17
1454 3
1455 3
1456 0
1457 0
1458 3
1459 5
1460 25
1461 0
1462 1
1463 16
1464 2
1465 11
1466 10
1467 39
1468 1
1469 4
1470 10
1471 4
1472 47
1473 0
1474 11
1475 2
1476 28
1477 3
1478 1
1479 1
1480 2
1481 8
1482 3
1483 2
1484 14
1485 26
1486 8
1487 6
1488 0
1489 0
1490 18
1491 3
1492 1
1493 0
1494 3
1495 5
1496 7
1497 0
1498 1
1499 0
1500 3
1501 6
1502 0
1503 2
1504 8
1505 3
1506 1
1507 5
1508 12
1509 0
1510 0
1511 14
1512 5
1513 2
1514 1
1515 11
1516 13
1517 2
1518 16
1519 5
1520 1
1521 3
1522 35
1523 19
1524 1
1525 16
1526 0
1527 2
1528 11
1529 3
1530 6
1531 1
1532 4
1533 5
1534 0
1535 22
1536 6
1537 10
1538 1
1539 0
1540 0
1541 1
1542 1
1543 19
1544 0
1545 0
1546 2
1547 0
1548 0
1549 0
1550 0
1551 2
1552 14
1553 2
1554 13
1555 10
1556 2
1557 11
1558 0
1559 0
1560 0
1561 3
1562 31
1563 3
1564 0
1565 1
1566 9
1567 6
1568 0
1569 5
1570 0
1571 2
1572 7
1573 0
1574 9
1575 1
1576 0
1577 48
1578 14
1579 0
1580 0
1581 7
1582 3
1583 13
1584 3
1585 0
1586 0
1587 3
1588 4
1589 1
1590 22
1591 12
1592 16
1593 7
1594 8
1595 1
1596 35
1597 24
