1 1
2 3
3 56
4 113
5 123
6 117
7 5
8 10
9 126
10 3
11 2
12 41
13 14
14 22
15 64
16 83
17 56
18 144
19 71
20 8
21 12
22 56
23 81
24 153
25 105
26 53
27 21
28 88
29 53
30 58
31 122
32 99
33 79
34 86
35 128
36 117
37 116
38 74
39 89
40 74
41 116
42 83
43 108
44 42
45 53
46 52
47 5
48 77
49 7
50 81
51 127
52 62
53 24
54 81
55 37
56 101
57 36
58 90
59 71
60 125
61 136
62 146
63 63
64 101
65 88
66 78
67 24
68 97
69 87
70 109
71 11
72 130
73 90
74 59
75 182
76 113
77 101
78 89
79 72
80 96
81 95
82 30
83 85
84 114
85 187
86 63
87 68
88 21
89 83
90 65
91 52
92 38
93 108
94 124
95 39
96 90
97 45
98 56
99 78
100 43
101 82
102 20
103 104
104 9
105 19
106 78
107 18
108 169
109 50
110 34
111 24
112 321
113 37
114 133
115 42
116 124
117 121
118 111
119 49
120 120
121 38
122 46
123 71
124 126
125 78
126 157
127 71
128 175
129 96
130 23
131 142
132 83
133 65
134 106
135 69
136 40
137 64
138 41
139 80
140 66
141 94
142 60
143 24
144 144
145 45
146 115
147 57
148 108
149 53
150 28
151 66
152 30
153 132
154 67
155 19
156 29
157 13
158 101
159 47
160 23
161 35
162 16
163 52
164 22
165 33
166 66
167 50
168 24
169 64
170 27
171 66
172 41
173 32
174 53
175 83
176 52
177 85
178 76
179 262
180 132
181 105
182 31
183 32
184 25
185 70
186 45
187 31
188 207
189 89
190 33
191 84
192 51
193 34
194 118
195 75
196 42
197 21
198 29
199 96
200 98
201 45
202 30
203 23
204 14
205 38
206 70
207 69
208 126
209 108
210 73
211 28
212 26
213 28
214 46
215 47
216 72
217 134
218 128
219 113
220 77
221 13
222 159
223 70
224 175
225 65
226 22
227 52
228 43
229 90
230 57
231 57
232 97
233 106
234 17
235 34
236 41
237 147
238 53
239 110
240 56
241 83
242 21
243 41
244 16
245 45
246 63
247 47
248 137
249 74
250 48
251 48
252 159
253 139
254 176
255 65
256 48
257 94
258 119
259 108
260 94
261 165
262 115
263 140
264 44
265 124
266 343
267 118
268 149
269 32
270 63
271 103
272 50
273 87
274 27
275 141
276 26
277 54
278 51
279 19
280 72
281 136
282 30
283 300
284 79
285 47
286 63
287 151
288 121
289 8
290 130
291 50
292 65
293 168
294 17
295 44
296 8
297 3
298 97
299 28
300 61
301 34
302 50
303 34
304 45
305 22
306 37
307 259
308 176
309 66
310 25
311 61
312 58
313 192
314 155
315 130
316 117
317 5
318 95
319 64
320 74
321 118
322 123
323 164
324 45
325 11
326 36
327 253
328 92
329 16
330 27
331 73
332 150
333 117
334 49
335 87
336 44
337 74
338 73
339 103
340 29
341 77
342 101
343 233
344 133
345 65
346 266
347 51
348 39
349 29
350 53
351 165
352 42
353 82
354 24
355 133
356 47
357 25
358 52
359 69
360 31
361 93
362 28
363 27
364 127
365 31
366 30
367 85
368 27
369 58
370 141
371 370
372 31
373 26
374 59
375 27
376 39
377 118
378 56
379 81
380 85
381 156
382 48
383 56
384 127
385 276
386 76
387 152
388 72
389 92
390 32
391 175
392 115
393 62
394 116
395 125
396 65
397 135
398 162
399 25
400 80
401 122
402 71
403 32
404 42
405 90
406 111
407 12
408 28
409 37
410 37
411 57
412 25
413 65
414 75
415 100
416 109
417 12
418 101
419 71
420 93
421 127
422 124
423 12
424 53
425 108
426 61
427 69
428 52
429 20
430 67
431 76
432 86
433 81
434 19
435 48
436 81
437 27
438 45
439 150
440 144
441 68
442 82
443 84
444 47
445 18
446 235
447 82
448 105
449 86
450 63
451 138
452 87
453 111
454 114
455 103
456 124
457 112
458 50
459 131
460 25
461 44
462 45
463 115
464 101
465 26
466 163
467 88
468 132
469 9
470 162
471 97
472 97
473 133
474 33
475 81
476 89
477 24
478 40
479 4
480 8
481 36
482 67
483 5
484 13
485 47
486 53
487 6
488 8
489 1
490 36
491 103
492 18
493 13
494 13
495 35
496 18
497 10
498 39
499 53
500 8
501 27
502 19
503 10
504 5
505 52
506 28
507 57
508 35
509 76
510 11
511 31
512 8
513 170
514 20
515 82
516 11
517 29
518 13
519 15
520 97
521 16
522 53
523 43
524 126
525 65
526 3
527 26
528 36
529 32
530 87
531 45
532 25
533 60
534 8
535 11
536 34
537 52
538 24
539 97
540 55
541 68
542 44
543 81
544 150
545 131
546 29
547 45
548 11
549 70
550 54
551 6
552 31
553 42
554 153
555 39
556 99
557 98
558 133
559 189
560 107
561 277
562 191
563 78
564 41
565 45
566 50
567 76
568 86
569 38
570 47
571 176
572 148
573 332
574 183
575 238
576 41
577 42
578 43
579 90
580 89
581 33
582 53
583 80
584 66
585 23
586 66
587 70
588 17
589 43
590 63
591 82
592 139
593 32
594 38
595 157
596 169
597 133
598 138
599 65
600 54
601 32
602 126
603 59
604 53
605 115
606 25
607 84
608 52
609 37
610 53
611 180
612 5
613 26
614 108
615 85
616 55
617 49
618 31
619 34
620 19
621 37
622 106
623 65
624 96
625 31
626 118
627 134
628 64
629 64
630 141
631 189
632 19
633 138
634 127
635 45
636 30
637 128
638 133
639 104
640 7
641 61
642 61
643 101
644 14
645 76
646 42
647 80
648 83
649 74
650 43
651 131
652 47
653 25
654 100
655 45
656 26
657 9
658 60
659 51
660 106
661 68
662 121
663 89
664 92
665 79
666 59
667 65
668 72
669 75
670 54
671 73
672 24
673 106
674 84
675 102
676 105
677 137
678 78
679 57
680 35
681 93
682 99
683 109
684 93
685 50
686 113
687 87
688 63
689 63
690 21
691 19
692 124
693 89
694 85
695 37
696 147
697 111
698 41
699 131
700 19
701 25
702 37
703 59
704 211
705 37
706 103
707 48
708 54
709 119
710 98
711 196
712 8
713 31
714 21
715 104
716 62
717 53
718 21
719 42
720 19
721 14
722 24
723 237
724 16
725 40
726 51
727 37
728 27
729 17
730 69
731 34
732 38
733 60
734 131
735 1
736 37
737 61
738 147
739 60
740 25
741 25
742 142
743 51
744 131
745 23
746 36
747 74
748 66
749 53
750 86
751 143
752 70
753 33
754 102
755 97
756 67
757 57
758 52
759 119
760 50
761 143
762 52
763 102
764 85
765 65
766 52
767 27
768 225
769 41
770 24
771 21
772 8
773 47
774 23
775 241
776 50
777 103
778 86
779 148
780 84
781 12
782 20
783 167
784 101
785 138
786 81
787 48
788 190
789 55
790 25
791 53
792 22
793 137
794 61
795 25
796 149
797 109
798 77
799 34
800 59
801 70
802 131
803 69
804 93
805 45
806 86
807 8
808 28
809 39
810 21
811 73
812 86
813 15
814 60
815 180
816 51
817 102
818 88
819 103
820 156
821 17
822 87
823 31
824 45
825 194
826 56
827 40
828 15
829 70
830 156
831 124
832 48
833 25
834 15
835 126
836 46
837 63
838 60
839 14
840 21
841 17
842 61
843 50
844 71
845 43
846 91
847 86
848 79
849 56
850 66
851 99
852 8
853 17
854 11
855 49
856 67
857 45
858 20
859 28
860 5
861 92
862 14
863 89
864 97
865 53
866 6
867 112
868 38
869 60
870 28
871 66
872 68
873 15
874 112
875 42
876 33
877 11
878 134
879 116
880 16
881 26
882 15
883 18
884 58
885 87
886 11
887 45
888 71
889 14
890 79
891 49
892 12
893 93
894 100
895 71
896 55
897 21
898 91
899 51
900 63
901 48
902 20
903 36
904 28
905 23
906 26
907 36
908 106
909 8
910 16
911 14
912 45
913 103
914 13
915 60
916 48
917 150
918 17
919 56
920 63
921 23
922 20
923 60
924 89
925 56
926 53
927 35
928 34
929 41
930 77
931 64
932 46
933 68
934 40
935 6
936 81
937 19
938 135
939 30
940 6
941 26
942 52
943 48
944 17
945 26
946 25
947 96
948 41
949 73
950 54
951 10
952 64
953 20
954 15
955 21
956 145
957 118
958 136
959 142
960 56
961 100
962 2
963 46
964 67
965 30
966 57
967 45
968 15
969 16
970 92
971 176
972 226
973 62
974 125
975 45
976 93
977 143
978 15
979 42
980 24
981 16
982 17
983 82
984 27
985 119
986 130
987 2
988 124
989 15
990 52
991 109
992 122
993 52
994 65
995 46
996 133
997 196
998 112
999 63
1000 72
1001 84
1002 208
1003 6
1004 91
1005 114
1006 125
1007 37
1008 238
1009 125
1010 17
1011 4
1012 128
1013 28
1014 190
1015 114
1016 142
1017 92
1018 7
1019 107
1020 17
1021 141
1022 34
1023 3
1024 5
1025 34
1026 127
1027 83
1028 99
1029 103
1030 152
1031 45
1032 137
1033 48
1034 91
1035 57
1036 67
1037 56
1038 80
1039 48
1040 53
1041 9
1042 55
1043 25
1044 39
1045 72
1046 39
1047 26
1048 100
1049 6
1050 34
1051 93
1052 79
1053 38
1054 94
1055 14
1056 33
1057 2
1058 114
1059 71
1060 32
1061 66
1062 18
1063 15
1064 86
1065 38
1066 48
1067 22
1068 29
1069 113
1070 11
1071 119
1072 40
1073 27
1074 47
1075 78
1076 88
1077 28
1078 33
1079 36
1080 79
1081 68
1082 105
1083 60
1084 129
1085 16
1086 43
1087 66
1088 33
1089 26
1090 59
1091 25
1092 66
1093 51
1094 75
1095 41
1096 91
1097 62
1098 57
1099 80
1100 18
1101 20
1102 58
1103 113
1104 123
1105 175
1106 102
1107 43
1108 187
1109 46
1110 86
1111 38
1112 118
1113 74
1114 51
1115 53
1116 28
1117 50
1118 12
1119 2
1120 38
1121 14
1122 43
1123 21
1124 29
1125 53
1126 107
1127 18
1128 78
1129 24
1130 77
1131 182
1132 49
1133 71
1134 26
1135 71
1136 12
1137 12
1138 7
1139 38
1140 34
1141 45
1142 67
1143 9
1144 6
1145 13
1146 62
1147 40
1148 23
1149 83
1150 72
1151 51
1152 184
1153 12
1154 139
1155 149
1156 86
1157 20
1158 33
1159 125
1160 5
1161 82
1162 35
1163 34
1164 31
1165 28
1166 61
1167 24
1168 18
1169 6
1170 83
1171 10
1172 15
1173 13
1174 26
1175 59
1176 2
1177 123
1178 40
1179 69
1180 142
1181 47
1182 28
1183 76
1184 124
1185 132
1186 76
1187 55
1188 59
1189 225
1190 102
1191 104
1192 158
1193 191
1194 118
1195 38
1196 69
1197 115
1198 79
1199 65
1200 98
1201 179
1202 46
1203 83
1204 134
1205 57
1206 43
1207 71
1208 136
1209 68
1210 45
1211 65
1212 41
1213 32
1214 81
1215 62
1216 204
1217 135
1218 145
1219 148
1220 7
1221 74
1222 55
1223 169
1224 114
1225 35
1226 47
1227 17
1228 83
1229 79
1230 62
1231 223
1232 23
1233 182
1234 52
1235 82
1236 48
1237 49
1238 192
1239 162
1240 36
1241 69
1242 31
1243 43
1244 71
1245 31
1246 16
1247 196
1248 39
1249 29
1250 32
1251 69
1252 17
1253 63
1254 18
1255 68
1256 39
1257 161
1258 103
1259 25
1260 48
1261 110
1262 107
1263 112
1264 100
1265 129
1266 65
1267 128
1268 59
1269 39
1270 51
1271 84
1272 134
1273 110
1274 85
1275 76
1276 94
1277 63
1278 91
1279 47
1280 66
1281 141
1282 30
1283 40
1284 217
1285 56
1286 203
1287 30
1288 52
1289 33
1290 155
1291 69
1292 77
1293 177
1294 45
1295 139
1296 102
1297 219
1298 64
1299 64
1300 182
1301 24
1302 69
1303 161
1304 9
1305 51
1306 33
1307 153
1308 101
1309 88
1310 60
1311 36
1312 30
1313 84
1314 96
1315 86
1316 57
1317 61
1318 83
1319 33
1320 128
1321 45
1322 41
1323 59
1324 25
1325 47
1326 108
1327 12
1328 102
1329 39
1330 47
1331 10
1332 18
1333 112
1334 70
1335 176
1336 44
1337 94
1338 75
1339 124
1340 44
1341 33
1342 82
1343 43
1344 117
1345 34
1346 35
1347 58
1348 13
1349 153
1350 62
1351 47
1352 88
1353 77
1354 13
1355 74
1356 80
1357 77
1358 24
1359 171
1360 88
1361 20
1362 13
1363 71
1364 73
1365 214
1366 76
1367 41
1368 68
1369 158
1370 56
1371 107
1372 47
1373 49
1374 54
1375 71
1376 48
1377 19
1378 87
1379 254
1380 119
1381 110
1382 91
1383 106
1384 277
1385 73
1386 135
1387 102
1388 134
1389 36
1390 82
1391 54
1392 29
1393 55
1394 133
1395 116
1396 116
1397 48
1398 38
1399 122
1400 54
1401 128
1402 51
1403 68
1404 132
1405 115
1406 29
1407 101
1408 28
1409 217
1410 219
1411 40
1412 89
1413 40
1414 60
1415 78
1416 10
1417 24
1418 48
1419 77
1420 47
1421 20
1422 83
1423 83
1424 26
1425 93
1426 50
1427 54
1428 34
1429 19
1430 91
1431 62
1432 60
1433 11
1434 70
1435 123
1436 169
1437 43
1438 39
1439 23
1440 62
1441 26
1442 13
1443 365
1444 32
1445 42
1446 56
1447 81
1448 141
1449 130
1450 107
1451 56
1452 92
1453 158
1454 71
1455 88
1456 33
1457 35
1458 64
1459 110
1460 113
1461 12
1462 37
1463 104
1464 39
1465 110
1466 101
1467 184
1468 98
1469 71
1470 95
1471 127
1472 271
1473 78
1474 128
1475 87
1476 189
1477 74
1478 50
1479 133
1480 82
1481 64
1482 231
1483 65
1484 124
1485 154
1486 129
1487 198
1488 53
1489 24
1490 178
1491 75
1492 24
1493 54
1494 33
1495 283
1496 113
1497 39
1498 32
1499 17
1500 47
1501 57
1502 13
1503 25
1504 82
1505 43
1506 153
1507 42
1508 204
1509 83
1510 30
1511 113
1512 57
1513 30
1514 93
1515 30
1516 23
1517 24
1518 40
1519 8
1520 60
1521 84
1522 164
1523 156
1524 14
1525 136
1526 50
1527 29
1528 87
1529 37
1530 14
1531 20
1532 35
1533 48
1534 16
1535 202
1536 45
1537 106
1538 20
1539 71
1540 33
1541 2
1542 10
1543 39
1544 10
1545 36
1546 69
1547 67
1548 77
1549 43
1550 33
1551 78
1552 63
1553 16
1554 89
1555 67
1556 18
1557 35
1558 11
1559 40
1560 33
1561 10
1562 260
1563 38
1564 60
1565 39
1566 90
1567 10
1568 44
1569 47
1570 8
1571 51
1572 428
1573 31
1574 43
1575 100
1576 71
1577 141
1578 125
1579 77
1580 17
1581 41
1582 37
1583 67
1584 123
1585 32
1586 13
1587 52
1588 24
1589 50
1590 53
1591 7
1592 71
1593 55
1594 91
1595 92
1596 280
1597 50
