1 0
2 0
3 6
4 22
5 6
6 18
7 1
8 1
9 22
10 0
11 0
12 5
13 0
14 8
15 9
16 16
17 22
18 37
19 5
20 9
21 6
22 0
23 2
24 35
25 19
26 5
27 0
28 9
29 9
30 6
31 2
32 7
33 2
34 8
35 6
36 3
37 3
38 1
39 20
40 11
41 16
42 3
43 3
44 0
45 9
46 7
47 1
48 3
49 54
50 20
51 16
52 10
53 49
54 5
55 2
56 6
57 0
58 5
59 0
60 9
61 25
62 31
63 51
64 6
65 8
66 6
67 11
68 2
69 3
70 12
71 1
72 2
73 2
74 7
75 19
76 17
77 5
78 1
79 6
80 1
81 3
82 2
83 3
84 7
85 7
86 29
87 5
88 0
89 8
90 19
91 3
92 9
93 32
94 154
95 14
96 8
97 14
98 1
99 2
100 4
101 11
102 1
103 12
104 7
105 0
106 3
107 28
108 4
109 11
110 1
111 3
112 22
113 4
114 2
115 1
116 4
117 22
118 22
119 2
120 16
121 6
122 10
123 6
124 58
125 3
126 8
127 3
128 12
129 10
130 4
131 1
132 4
133 5
134 4
135 14
136 15
137 0
138 35
139 1
140 6
141 4
142 0
143 9
144 1
145 0
146 7
147 8
148 10
149 2
150 6
151 6
152 0
153 2
154 9
155 1
156 0
157 0
158 11
159 23
160 3
161 0
162 19
163 8
164 22
165 0
166 33
167 26
168 72
169 4
170 6
171 0
172 4
173 0
174 2
175 17
176 12
177 14
178 13
179 9
180 6
181 8
182 11
183 2
184 0
185 2
186 5
187 0
188 10
189 0
190 1
191 1
192 1
193 18
194 10
195 3
196 2
197 2
198 8
199 0
200 7
201 10
202 24
203 0
204 13
205 2
206 14
207 49
208 9
209 4
210 5
211 0
212 0
213 5
214 0
215 3
216 1
217 10
218 4
219 8
220 3
221 0
222 4
223 1
224 5
225 9
226 1
227 0
228 0
229 2
230 6
231 26
232 15
233 18
234 9
235 41
236 24
237 21
238 16
239 20
240 2
241 5
242 2
243 9
244 30
245 1
246 9
247 4
248 4
249 2
250 11
251 27
252 4
253 2
254 5
255 11
256 1
257 10
258 8
259 12
260 31
261 2
262 3
263 12
264 2
265 13
266 4
267 15
268 4
269 9
270 0
271 14
272 0
273 4
274 2
275 5
276 0
277 6
278 11
279 1
280 2
281 7
282 10
283 8
284 6
285 0
286 5
287 5
288 6
289 0
290 3
291 53
292 9
293 24
294 27
295 24
296 50
297 0
298 9
299 5
300 1
301 2
302 3
303 2
304 3
305 8
306 3
307 16
308 10
309 1
310 18
311 7
312 5
313 9
314 9
315 6
316 3
317 3
318 2
319 37
320 1
321 33
322 22
323 11
324 13
325 3
326 0
327 6
328 7
329 3
330 10
331 5
332 7
333 5
334 55
335 9
336 4
337 21
338 8
339 7
340 5
341 1
342 16
343 15
344 8
345 2
346 22
347 3
348 2
349 5
350 0
351 15
352 9
353 28
354 13
355 18
356 3
357 18
358 21
359 11
360 15
361 18
362 2
363 0
364 3
365 25
366 0
367 2
368 10
369 9
370 8
371 18
372 6
373 4
374 10
375 22
376 5
377 3
378 16
379 4
380 7
381 7
382 10
383 4
384 5
385 17
386 3
387 11
388 0
389 16
390 0
391 6
392 15
393 11
394 2
395 21
396 23
397 11
398 3
399 0
400 5
401 27
402 14
403 9
404 49
405 7
406 1
407 143
408 3
409 0
410 25
411 9
412 4
413 7
414 4
415 30
416 8
417 28
418 12
419 13
420 8
421 28
422 36
423 41
424 34
425 14
426 3
427 12
428 10
429 11
430 5
431 1
432 2
433 9
434 9
435 0
436 25
437 3
438 6
439 13
440 19
441 19
442 11
443 7
444 4
445 4
446 13
447 6
448 5
449 0
450 16
451 16
452 18
453 11
454 17
455 16
456 11
457 3
458 34
459 12
460 4
461 24
462 7
463 10
464 31
465 21
466 3
467 11
468 1
469 2
470 38
471 14
472 21
473 20
474 5
475 47
476 9
477 5
478 4
479 15
480 2
481 4
482 9
483 0
484 5
485 2
486 20
487 13
488 2
489 0
490 3
491 21
492 4
493 4
494 1
495 36
496 39
497 4
498 7
499 4
500 7
501 16
502 7
503 13
504 1
505 7
506 0
507 1
508 6
509 1
510 13
511 0
512 0
513 5
514 4
515 8
516 18
517 2
518 0
519 4
520 10
521 4
522 9
523 9
524 7
525 6
526 2
527 10
528 4
529 0
530 17
531 0
532 5
533 4
534 0
535 9
536 4
537 6
538 10
539 42
540 35
541 1
542 9
543 21
544 46
545 2
546 6
547 22
548 12
549 5
550 35
551 3
552 71
553 12
554 3
555 1
556 24
557 3
558 54
559 19
560 9
561 30
562 8
563 12
564 8
565 4
566 9
567 8
568 33
569 14
570 5
571 27
572 4
573 56
574 40
575 6
576 4
577 5
578 19
579 67
580 34
581 30
582 53
583 2
584 5
585 2
586 7
587 3
588 1
589 3
590 1
591 1
592 6
593 16
594 4
595 47
596 18
597 7
598 98
599 3
600 3
601 12
602 7
603 6
604 32
605 18
606 8
607 12
608 6
609 4
610 6
611 7
612 4
613 25
614 1
615 20
616 3
617 2
618 4
619 2
620 2
621 10
622 12
623 6
624 18
625 20
626 3
627 10
628 5
629 6
630 4
631 7
632 2
633 11
634 4
635 7
636 31
637 6
638 43
639 10
640 0
641 6
642 0
643 10
644 6
645 43
646 5
647 4
648 2
649 4
650 54
651 16
652 11
653 0
654 4
655 2
656 0
657 11
658 11
659 12
660 6
661 20
662 8
663 7
664 10
665 24
666 8
667 16
668 129
669 1
670 3
671 8
672 17
673 3
674 4
675 0
676 3
677 12
678 13
679 1
680 5
681 2
682 3
683 6
684 6
685 10
686 6
687 15
688 4
689 7
690 2
691 2
692 5
693 2
694 2
695 13
696 21
697 18
698 14
699 14
700 11
701 8
702 9
703 7
704 9
705 6
706 8
707 7
708 1
709 5
710 14
711 11
712 0
713 0
714 40
715 49
716 7
717 122
718 3
719 7
720 12
721 0
722 4
723 38
724 0
725 12
726 28
727 6
728 12
729 5
730 2
731 3
732 8
733 14
734 12
735 19
736 4
737 3
738 12
739 12
740 1
741 18
742 18
743 7
744 17
745 7
746 5
747 4
748 11
749 40
750 8
751 53
752 4
753 19
754 33
755 4
756 4
757 12
758 18
759 20
760 8
761 13
762 8
763 12
764 11
765 36
766 5
767 13
768 34
769 3
770 0
771 7
772 9
773 30
774 6
775 31
776 18
777 8
778 10
779 7
780 7
781 7
782 1
783 9
784 8
785 6
786 14
787 5
788 33
789 16
790 11
791 28
792 0
793 7
794 4
795 0
796 16
797 24
798 1
799 4
800 12
801 6
802 13
803 6
804 11
805 1
806 22
807 2
808 1
809 3
810 7
811 9
812 2
813 0
814 14
815 11
816 2
817 5
818 22
819 5
820 5
821 0
822 6
823 1
824 2
825 12
826 3
827 6
828 3
829 4
830 4
831 2
832 2
833 19
834 0
835 1
836 11
837 4
838 10
839 3
840 9
841 6
842 6
843 7
844 13
845 2
846 11
847 3
848 6
849 18
850 4
851 2
852 0
853 10
854 4
855 3
856 10
857 7
858 15
859 7
860 2
861 4
862 14
863 7
864 8
865 6
866 0
867 17
868 9
869 6
870 8
871 11
872 1
873 7
874 4
875 0
876 8
877 3
878 21
879 1
880 11
881 6
882 53
883 9
884 12
885 4
886 4
887 0
888 4
889 1
890 20
891 6
892 0
893 12
894 2
895 7
896 0
897 0
898 3
899 6
900 1
901 9
902 4
903 4
904 0
905 1
906 1
907 5
908 5
909 3
910 3
911 3
912 5
913 5
914 1
915 13
916 4
917 5
918 0
919 4
920 8
921 8
922 4
923 9
924 0
925 8
926 3
927 1
928 7
929 0
930 2
931 11
932 0
933 5
934 7
935 7
936 5
937 6
938 16
939 8
940 4
941 2
942 0
943 8
944 5
945 0
946 11
947 9
948 3
949 20
950 0
951 0
952 9
953 0
954 2
955 5
956 18
957 6
958 5
959 9
960 0
961 2
962 5
963 3
964 5
965 10
966 73
967 2
968 22
969 20
970 3
971 8
972 4
973 0
974 13
975 3
976 18
977 3
978 22
979 0
980 0
981 96
982 4
983 1
984 7
985 5
986 1
987 21
988 15
989 3
990 10
991 4
992 4
993 0
994 3
995 0
996 3
997 12
998 3
999 1
1000 0
1001 7
1002 5
1003 56
1004 11
1005 0
1006 18
1007 5
1008 12
1009 11
1010 12
1011 0
1012 9
1013 8
1014 8
1015 6
1016 11
1017 4
1018 1
1019 2
1020 1
1021 9
1022 31
1023 0
1024 25
1025 0
1026 0
1027 12
1028 1
1029 8
1030 2
1031 1
1032 2
1033 1
1034 6
1035 29
1036 8
1037 4
1038 7
1039 1
1040 3
1041 5
1042 1
1043 18
1044 17
1045 9
1046 5
1047 2
1048 3
1049 0
1050 6
1051 6
1052 0
1053 4
1054 11
1055 6
1056 0
1057 5
1058 6
1059 8
1060 0
1061 14
1062 0
1063 0
1064 10
1065 6
1066 3
1067 13
1068 6
1069 12
1070 15
1071 12
1072 0
1073 0
1074 2
1075 8
1076 10
1077 0
1078 2
1079 2
1080 7
1081 3
1082 24
1083 3
1084 19
1085 2
1086 4
1087 2
1088 9
1089 10
1090 6
1091 7
1092 1
1093 5
1094 4
1095 2
1096 17
1097 1
1098 10
1099 6
1100 6
1101 0
1102 2
1103 2
1104 15
1105 6
1106 6
1107 12
1108 3
1109 2
1110 2
1111 24
1112 4
1113 1
1114 2
1115 2
1116 3
1117 0
1118 1
1119 2
1120 4
1121 25
1122 0
1123 2
1124 1
1125 3
1126 19
1127 3
1128 3
1129 2
1130 5
1131 37
1132 4
1133 0
1134 4
1135 1
1136 0
1137 20
1138 4
1139 3
1140 2
1141 0
1142 3
1143 0
1144 9
1145 2
1146 5
1147 11
1148 3
1149 2
1150 2
1151 0
1152 8
1153 0
1154 16
1155 9
1156 4
1157 3
1158 2
1159 5
1160 0
1161 7
1162 0
1163 10
1164 7
1165 4
1166 6
1167 5
1168 5
1169 5
1170 15
1171 3
1172 7
1173 3
1174 4
1175 2
1176 3
1177 17
1178 26
1179 2
1180 22
1181 1
1182 3
1183 2
1184 6
1185 1
1186 6
1187 10
1188 4
1189 5
1190 17
1191 9
1192 26
1193 13
1194 6
1195 3
1196 6
1197 3
1198 2
1199 17
1200 2
1201 8
1202 21
1203 9
1204 10
1205 4
1206 11
1207 8
1208 6
1209 12
1210 0
1211 5
1212 7
1213 4
1214 5
1215 0
1216 28
1217 13
1218 2
1219 28
1220 5
1221 14
1222 16
1223 11
1224 16
1225 8
1226 2
1227 3
1228 11
1229 7
1230 1
1231 5
1232 2
1233 21
1234 5
1235 4
1236 8
1237 20
1238 48
1239 30
1240 14
1241 30
1242 29
1243 88
1244 27
1245 2
1246 13
1247 7
1248 1
1249 16
1250 37
1251 3
1252 1
1253 3
1254 35
1255 9
1256 23
1257 0
1258 0
1259 4
1260 1
1261 10
1262 6
1263 16
1264 1
1265 14
1266 14
1267 30
1268 3
1269 0
1270 12
1271 5
1272 7
1273 5
1274 20
1275 59
1276 4
1277 6
1278 3
1279 7
1280 5
1281 11
1282 2
1283 3
1284 3
1285 2
1286 3
1287 1
1288 5
1289 5
1290 1
1291 2
1292 3
1293 13
1294 15
1295 16
1296 8
1297 13
1298 4
1299 0
1300 33
1301 0
1302 1
1303 25
1304 0
1305 6
1306 2
1307 15
1308 7
1309 2
1310 6
1311 2
1312 4
1313 2
1314 12
1315 12
1316 1
1317 12
1318 7
1319 2
1320 6
1321 10
1322 0
1323 13
1324 0
1325 9
1326 7
1327 14
1328 11
1329 4
1330 1
1331 0
1332 3
1333 21
1334 3
1335 5
1336 0
1337 5
1338 3
1339 11
1340 3
1341 3
1342 5
1343 4
1344 17
1345 1
1346 2
1347 0
1348 23
1349 6
1350 6
1351 4
1352 4
1353 8
1354 5
1355 8
1356 0
1357 10
1358 15
1359 11
1360 16
1361 3
1362 24
1363 11
1364 27
1365 6
1366 38
1367 5
1368 5
1369 7
1370 4
1371 5
1372 2
1373 0
1374 7
1375 1
1376 22
1377 13
1378 3
1379 31
1380 4
1381 6
1382 10
1383 4
1384 1
1385 1
1386 2
1387 0
1388 11
1389 8
1390 3
1391 4
1392 3
1393 7
1394 9
1395 5
1396 7
1397 3
1398 10
1399 4
1400 3
1401 2
1402 9
1403 11
1404 3
1405 3
1406 11
1407 8
1408 20
1409 31
1410 4
1411 3
1412 0
1413 28
1414 4
1415 7
1416 1
1417 22
1418 47
1419 0
1420 1
1421 3
1422 9
1423 8
1424 7
1425 6
1426 3
1427 3
1428 25
1429 2
1430 13
1431 12
1432 13
1433 0
1434 0
1435 3
1436 2
1437 0
1438 2
1439 0
1440 0
1441 0
1442 0
1443 7
1444 0
1445 2
1446 1
1447 3
1448 4
1449 17
1450 6
1451 0
1452 2
1453 9
1454 12
1455 2
1456 2
1457 0
1458 18
1459 11
1460 37
1461 3
1462 14
1463 5
1464 0
1465 5
1466 14
1467 5
1468 10
1469 5
1470 16
1471 7
1472 20
1473 2
1474 9
1475 36
1476 16
1477 16
1478 63
1479 5
1480 7
1481 6
1482 3
1483 1
1484 1
1485 1
1486 10
1487 13
1488 26
1489 3
1490 42
1491 4
1492 4
1493 1
1494 2
1495 14
1496 5
1497 11
1498 4
1499 0
1500 1
1501 1
1502 2
1503 0
1504 3
1505 4
1506 3
1507 37
1508 11
1509 5
1510 0
1511 17
1512 3
1513 0
1514 14
1515 2
1516 0
1517 0
1518 2
1519 1
1520 3
1521 1
1522 13
1523 6
1524 0
1525 19
1526 2
1527 3
1528 15
1529 1
1530 0
1531 2
1532 3
1533 3
1534 2
1535 8
1536 1
1537 6
1538 0
1539 1
1540 0
1541 0
1542 2
1543 4
1544 0
1545 14
1546 7
1547 0
1548 1
1549 4
1550 0
1551 5
1552 0
1553 2
1554 12
1555 4
1556 0
1557 12
1558 3
1559 0
1560 1
1561 10
1562 23
1563 0
1564 1
1565 18
1566 13
1567 2
1568 7
1569 1
1570 1
1571 6
1572 41
1573 0
1574 4
1575 2
1576 62
1577 2
1578 5
1579 3
1580 36
1581 20
1582 3
1583 11
1584 14
1585 5
1586 0
1587 15
1588 9
1589 3
1590 12
1591 0
1592 2
1593 6
1594 19
1595 12
1596 11
1597 7
