1 0
2 0
3 13
4 14
5 7
6 13
7 0
8 2
9 17
10 0
11 0
12 2
13 0
14 2
15 6
16 2
17 4
18 19
19 2
20 1
21 13
22 10
23 1
24 15
25 8
26 7
27 3
28 4
29 18
30 4
31 2
32 3
33 0
34 13
35 17
36 4
37 29
38 20
39 39
40 2
41 3
42 9
43 29
44 8
45 21
46 0
47 2
48 3
49 3
50 5
51 23
52 25
53 41
54 3
55 4
56 18
57 0
58 9
59 5
60 8
61 11
62 16
63 7
64 3
65 6
66 4
67 0
68 0
69 9
70 79
71 1
72 0
73 7
74 15
75 16
76 5
77 7
78 0
79 15
80 1
81 5
82 0
83 4
84 4
85 5
86 4
87 3
88 0
89 6
90 4
91 8
92 5
93 9
94 5
95 7
96 4
97 0
98 2
99 13
100 5
101 9
102 0
103 21
104 0
105 2
106 4
107 0
108 10
109 1
110 1
111 6
112 42
113 0
114 14
115 5
116 3
117 2
118 9
119 7
120 43
121 29
122 5
123 3
124 2
125 5
126 7
127 20
128 14
129 1
130 2
131 2
132 9
133 4
134 3
135 1
136 4
137 0
138 3
139 1
140 17
141 1
142 6
143 2
144 4
145 4
146 0
147 18
148 3
149 4
150 5
151 17
152 0
153 0
154 5
155 0
156 0
157 0
158 14
159 5
160 0
161 10
162 8
163 6
164 4
165 8
166 8
167 16
168 2
169 4
170 1
171 0
172 5
173 7
174 16
175 24
176 32
177 7
178 4
179 18
180 18
181 8
182 14
183 16
184 9
185 9
186 5
187 4
188 20
189 0
190 0
191 2
192 9
193 8
194 9
195 4
196 1
197 0
198 1
199 0
200 18
201 2
202 1
203 4
204 2
205 4
206 21
207 6
208 14
209 12
210 29
211 9
212 2
213 0
214 12
215 4
216 8
217 2
218 3
219 11
220 20
221 3
222 2
223 4
224 2
225 12
226 4
227 3
228 19
229 4
230 1
231 22
232 13
233 12
234 2
235 1
236 25
237 7
238 1
239 6
240 16
241 41
242 0
243 10
244 5
245 0
246 11
247 10
248 3
249 5
250 6
251 20
252 0
253 2
254 1
255 2
256 3
257 25
258 9
259 12
260 14
261 7
262 0
263 8
264 2
265 6
266 0
267 7
268 13
269 1
270 2
271 12
272 0
273 0
274 5
275 2
276 1
277 0
278 7
279 0
280 2
281 12
282 0
283 3
284 0
285 7
286 16
287 8
288 1
289 6
290 11
291 3
292 9
293 20
294 7
295 3
296 8
297 4
298 14
299 4
300 3
301 0
302 4
303 5
304 11
305 19
306 10
307 21
308 12
309 11
310 6
311 19
312 2
313 49
314 14
315 6
316 11
317 2
318 4
319 6
320 3
321 7
322 3
323 11
324 2
325 7
326 7
327 0
328 18
329 1
330 2
331 4
332 15
333 10
334 62
335 2
336 11
337 14
338 2
339 12
340 27
341 11
342 10
343 4
344 28
345 7
346 15
347 11
348 1
349 7
350 1
351 19
352 3
353 5
354 3
355 17
356 24
357 5
358 10
359 10
360 22
361 5
362 2
363 3
364 9
365 4
366 4
367 8
368 1
369 7
370 37
371 5
372 12
373 5
374 3
375 6
376 3
377 2
378 3
379 18
380 6
381 6
382 2
383 11
384 4
385 3
386 2
387 12
388 2
389 6
390 6
391 9
392 6
393 0
394 0
395 14
396 2
397 13
398 17
399 0
400 10
401 4
402 6
403 2
404 19
405 4
406 15
407 1
408 1
409 0
410 0
411 8
412 9
413 2
414 4
415 13
416 16
417 4
418 1
419 6
420 4
421 4
422 3
423 2
424 8
425 4
426 3
427 19
428 5
429 1
430 2
431 2
432 8
433 16
434 1
435 3
436 19
437 0
438 2
439 9
440 4
441 7
442 3
443 18
444 2
445 3
446 6
447 2
448 11
449 7
450 9
451 4
452 19
453 6
454 18
455 2
456 17
457 14
458 5
459 31
460 3
461 1
462 3
463 15
464 2
465 1
466 13
467 9
468 6
469 11
470 5
471 43
472 48
473 24
474 4
475 8
476 9
477 5
478 6
479 1
480 1
481 0
482 1
483 0
484 4
485 0
486 2
487 2
488 17
489 0
490 0
491 11
492 11
493 4
494 3
495 5
496 4
497 1
498 22
499 7
500 3
501 11
502 8
503 12
504 0
505 9
506 3
507 4
508 4
509 6
510 2
511 1
512 0
513 18
514 1
515 3
516 3
517 0
518 0
519 1
520 3
521 7
522 2
523 1
524 2
525 12
526 2
527 3
528 12
529 9
530 17
531 1
532 1
533 3
534 15
535 5
536 10
537 8
538 10
539 11
540 8
541 11
542 0
543 6
544 6
545 3
546 3
547 3
548 0
549 7
550 7
551 3
552 6
553 7
554 4
555 11
556 11
557 6
558 11
559 41
560 9
561 40
562 31
563 2
564 4
565 14
566 5
567 0
568 0
569 10
570 3
571 9
572 11
573 21
574 11
575 3
576 8
577 2
578 5
579 6
580 13
581 7
582 15
583 3
584 7
585 1
586 10
587 0
588 1
589 4
590 13
591 4
592 7
593 6
594 4
595 11
596 3
597 77
598 4
599 4
600 8
601 0
602 1
603 13
604 4
605 7
606 9
607 35
608 35
609 19
610 5
611 9
612 5
613 2
614 14
615 37
616 7
617 9
618 19
619 17
620 3
621 4
622 7
623 10
624 14
625 0
626 2
627 5
628 25
629 9
630 11
631 6
632 4
633 8
634 13
635 0
636 0
637 12
638 3
639 3
640 0
641 2
642 8
643 16
644 0
645 22
646 3
647 10
648 3
649 1
650 5
651 30
652 3
653 0
654 12
655 11
656 1
657 4
658 5
659 3
660 17
661 10
662 10
663 3
664 6
665 10
666 3
667 28
668 26
669 21
670 8
671 1
672 27
673 17
674 8
675 1
676 5
677 6
678 12
679 4
680 5
681 2
682 1
683 1
684 23
685 0
686 15
687 2
688 15
689 15
690 2
691 5
692 7
693 0
694 2
695 8
696 47
697 6
698 5
699 1
700 9
701 3
702 4
703 12
704 21
705 0
706 64
707 5
708 3
709 0
710 0
711 7
712 1
713 7
714 2
715 44
716 30
717 4
718 0
719 12
720 31
721 4
722 0
723 9
724 2
725 1
726 1
727 5
728 2
729 9
730 2
731 9
732 0
733 6
734 9
735 0
736 6
737 8
738 4
739 17
740 1
741 0
742 4
743 3
744 6
745 1
746 2
747 14
748 1
749 4
750 4
751 12
752 1
753 6
754 1
755 12
756 21
757 3
758 9
759 1
760 3
761 16
762 0
763 10
764 7
765 13
766 9
767 2
768 17
769 5
770 0
771 1
772 2
773 2
774 0
775 15
776 4
777 8
778 21
779 4
780 3
781 4
782 1
783 2
784 6
785 0
786 20
787 5
788 11
789 2
790 1
791 0
792 0
793 22
794 4
795 3
796 26
797 4
798 13
799 6
800 1
801 1
802 2
803 10
804 7
805 7
806 2
807 2
808 2
809 6
810 12
811 6
812 2
813 4
814 1
815 9
816 13
817 4
818 19
819 6
820 4
821 1
822 46
823 2
824 9
825 7
826 10
827 2
828 1
829 10
830 4
831 26
832 11
833 5
834 9
835 17
836 6
837 4
838 7
839 0
840 0
841 4
842 0
843 16
844 11
845 2
846 6
847 28
848 1
849 32
850 10
851 1
852 3
853 9
854 6
855 4
856 4
857 4
858 3
859 22
860 0
861 22
862 1
863 8
864 10
865 12
866 0
867 8
868 1
869 9
870 4
871 6
872 11
873 0
874 3
875 5
876 2
877 0
878 5
879 3
880 0
881 9
882 3
883 4
884 20
885 11
886 10
887 37
888 7
889 1
890 0
891 2
892 0
893 3
894 0
895 8
896 3
897 0
898 2
899 1
900 1
901 9
902 0
903 15
904 0
905 2
906 2
907 5
908 16
909 0
910 0
911 0
912 5
913 6
914 5
915 6
916 4
917 16
918 2
919 2
920 2
921 10
922 3
923 7
924 33
925 14
926 1
927 0
928 25
929 0
930 3
931 0
932 1
933 1
934 2
935 15
936 4
937 0
938 9
939 7
940 0
941 1
942 4
943 13
944 6
945 1
946 6
947 5
948 22
949 16
950 21
951 0
952 5
953 0
954 4
955 7
956 8
957 19
958 7
959 19
960 15
961 2
962 0
963 5
964 5
965 8
966 6
967 7
968 11
969 1
970 18
971 10
972 14
973 1
974 8
975 3
976 3
977 45
978 3
979 0
980 0
981 13
982 7
983 2
984 4
985 2
986 2
987 2
988 4
989 2
990 0
991 5
992 13
993 6
994 2
995 3
996 22
997 7
998 29
999 3
1000 0
1001 3
1002 15
1003 0
1004 4
1005 1
1006 4
1007 2
1008 15
1009 45
1010 3
1011 0
1012 23
1013 1
1014 8
1015 9
1016 6
1017 6
1018 1
1019 9
1020 0
1021 11
1022 2
1023 1
1024 0
1025 0
1026 0
1027 7
1028 0
1029 13
1030 5
1031 0
1032 20
1033 1
1034 16
1035 5
1036 9
1037 10
1038 10
1039 1
1040 2
1041 0
1042 3
1043 3
1044 3
1045 6
1046 7
1047 2
1048 1
1049 1
1050 0
1051 0
1052 3
1053 11
1054 5
1055 8
1056 2
1057 0
1058 16
1059 15
1060 7
1061 20
1062 0
1063 1
1064 4
1065 0
1066 7
1067 7
1068 29
1069 3
1070 0
1071 7
1072 2
1073 3
1074 4
1075 7
1076 6
1077 13
1078 2
1079 3
1080 9
1081 6
1082 62
1083 11
1084 27
1085 6
1086 0
1087 6
1088 9
1089 7
1090 6
1091 8
1092 0
1093 3
1094 12
1095 0
1096 10
1097 15
1098 14
1099 20
1100 6
1101 1
1102 0
1103 17
1104 5
1105 4
1106 6
1107 6
1108 6
1109 6
1110 0
1111 6
1112 0
1113 1
1114 1
1115 2
1116 3
1117 4
1118 1
1119 0
1120 1
1121 4
1122 2
1123 3
1124 5
1125 20
1126 8
1127 3
1128 1
1129 0
1130 9
1131 9
1132 3
1133 4
1134 1
1135 6
1136 0
1137 2
1138 6
1139 3
1140 0
1141 0
1142 1
1143 0
1144 9
1145 0
1146 6
1147 10
1148 1
1149 8
1150 3
1151 4
1152 10
1153 10
1154 3
1155 20
1156 8
1157 1
1158 1
1159 14
1160 0
1161 2
1162 0
1163 2
1164 7
1165 9
1166 6
1167 6
1168 8
1169 0
1170 31
1171 9
1172 7
1173 2
1174 10
1175 0
1176 0
1177 18
1178 17
1179 14
1180 5
1181 9
1182 1
1183 3
1184 16
1185 0
1186 2
1187 4
1188 6
1189 1
1190 3
1191 1
1192 7
1193 5
1194 7
1195 1
1196 0
1197 7
1198 3
1199 14
1200 1
1201 10
1202 0
1203 0
1204 3
1205 4
1206 1
1207 0
1208 33
1209 1
1210 5
1211 3
1212 0
1213 0
1214 1
1215 3
1216 23
1217 4
1218 10
1219 13
1220 3
1221 0
1222 23
1223 9
1224 27
1225 6
1226 7
1227 2
1228 5
1229 10
1230 4
1231 7
1232 7
1233 10
1234 2
1235 5
1236 22
1237 4
1238 10
1239 7
1240 2
1241 0
1242 5
1243 3
1244 5
1245 0
1246 7
1247 11
1248 1
1249 21
1250 4
1251 8
1252 4
1253 8
1254 0
1255 12
1256 0
1257 1
1258 0
1259 2
1260 3
1261 14
1262 0
1263 3
1264 0
1265 20
1266 7
1267 23
1268 7
1269 0
1270 1
1271 0
1272 1
1273 11
1274 5
1275 15
1276 4
1277 3
1278 17
1279 0
1280 5
1281 12
1282 2
1283 2
1284 0
1285 0
1286 18
1287 0
1288 2
1289 13
1290 0
1291 5
1292 6
1293 30
1294 13
1295 27
1296 3
1297 30
1298 2
1299 5
1300 62
1301 0
1302 4
1303 9
1304 1
1305 2
1306 0
1307 15
1308 2
1309 5
1310 16
1311 42
1312 3
1313 0
1314 5
1315 7
1316 7
1317 0
1318 7
1319 2
1320 10
1321 63
1322 0
1323 3
1324 4
1325 4
1326 11
1327 0
1328 2
1329 14
1330 3
1331 0
1332 0
1333 26
1334 7
1335 4
1336 0
1337 5
1338 11
1339 5
1340 11
1341 2
1342 8
1343 0
1344 7
1345 2
1346 8
1347 0
1348 0
1349 10
1350 16
1351 11
1352 57
1353 10
1354 10
1355 16
1356 0
1357 2
1358 0
1359 28
1360 14
1361 0
1362 0
1363 9
1364 12
1365 9
1366 9
1367 6
1368 3
1369 7
1370 6
1371 2
1372 5
1373 3
1374 6
1375 5
1376 12
1377 0
1378 4
1379 18
1380 7
1381 4
1382 14
1383 4
1384 0
1385 11
1386 7
1387 4
1388 1
1389 7
1390 15
1391 1
1392 0
1393 0
1394 5
1395 18
1396 22
1397 2
1398 0
1399 7
1400 4
1401 6
1402 2
1403 3
1404 37
1405 7
1406 3
1407 21
1408 0
1409 36
1410 6
1411 0
1412 4
1413 0
1414 1
1415 1
1416 15
1417 1
1418 15
1419 9
1420 16
1421 3
1422 0
1423 4
1424 0
1425 21
1426 0
1427 1
1428 5
1429 3
1430 5
1431 2
1432 19
1433 1
1434 4
1435 8
1436 29
1437 3
1438 0
1439 23
1440 3
1441 1
1442 16
1443 8
1444 1
1445 4
1446 3
1447 1
1448 20
1449 9
1450 23
1451 0
1452 6
1453 10
1454 6
1455 7
1456 2
1457 3
1458 5
1459 35
1460 11
1461 1
1462 3
1463 1
1464 2
1465 85
1466 1
1467 26
1468 9
1469 7
1470 8
1471 6
1472 17
1473 4
1474 6
1475 4
1476 8
1477 3
1478 0
1479 21
1480 3
1481 7
1482 7
1483 2
1484 4
1485 1
1486 4
1487 11
1488 15
1489 0
1490 34
1491 29
1492 1
1493 1
1494 0
1495 16
1496 5
1497 5
1498 0
1499 0
1500 8
1501 10
1502 0
1503 2
1504 2
1505 10
1506 2
1507 3
1508 12
1509 10
1510 2
1511 10
1512 3
1513 6
1514 8
1515 0
1516 1
1517 5
1518 2
1519 1
1520 3
1521 6
1522 21
1523 8
1524 2
1525 6
1526 8
1527 2
1528 18
1529 8
1530 1
1531 2
1532 0
1533 1
1534 0
1535 18
1536 5
1537 16
1538 1
1539 4
1540 1
1541 0
1542 0
1543 0
1544 1
1545 3
1546 4
1547 0
1548 9
1549 7
1550 1
1551 2
1552 1
1553 0
1554 2
1555 11
1556 0
1557 5
1558 7
1559 1
1560 0
1561 0
1562 21
1563 10
1564 2
1565 18
1566 34
1567 5
1568 3
1569 5
1570 0
1571 5
1572 5
1573 2
1574 4
1575 20
1576 14
1577 6
1578 7
1579 3
1580 2
1581 1
1582 8
1583 1
1584 25
1585 4
1586 4
1587 8
1588 3
1589 0
1590 6
1591 1
1592 29
1593 4
1594 7
1595 16
1596 35
1597 1
