1 0
2 0
3 11
4 13
5 110
6 11
7 1
8 7
9 33
10 0
11 0
12 11
13 5
14 19
15 1
16 8
17 9
18 2
19 1
20 1
21 1
22 3
23 5
24 46
25 2
26 1
27 0
28 0
29 40
30 0
31 9
32 13
33 0
34 7
35 46
36 9
37 5
38 3
39 17
40 3
41 1
42 5
43 8
44 5
45 4
46 0
47 0
48 21
49 2
50 11
51 21
52 0
53 0
54 3
55 0
56 2
57 0
58 19
59 5
60 6
61 10
62 19
63 0
64 3
65 1
66 4
67 1
68 0
69 4
70 1
71 0
72 27
73 12
74 73
75 59
76 23
77 3
78 13
79 2
80 10
81 57
82 0
83 5
84 15
85 17
86 17
87 2
88 0
89 8
90 20
91 10
92 12
93 13
94 5
95 17
96 62
97 0
98 1
99 1
100 5
101 7
102 3
103 11
104 0
105 5
106 8
107 3
108 1
109 35
110 2
111 0
112 15
113 1
114 1
115 1
116 4
117 26
118 17
119 7
120 9
121 3
122 15
123 5
124 10
125 0
126 19
127 3
128 17
129 0
130 1
131 0
132 17
133 17
134 3
135 1
136 19
137 17
138 4
139 0
140 3
141 2
142 0
143 1
144 3
145 10
146 17
147 14
148 3
149 21
150 4
151 6
152 0
153 0
154 1
155 0
156 0
157 0
158 7
159 30
160 10
161 2
162 1
163 31
164 0
165 0
166 18
167 10
168 13
169 12
170 2
171 2
172 9
173 0
174 1
175 21
176 7
177 9
178 0
179 14
180 19
181 10
182 8
183 6
184 0
185 6
186 20
187 1
188 29
189 0
190 2
191 8
192 0
193 2
194 1
195 7
196 0
197 0
198 4
199 1
200 3
201 4
202 1
203 0
204 0
205 0
206 4
207 5
208 10
209 20
210 0
211 6
212 2
213 3
214 18
215 5
216 11
217 22
218 26
219 7
220 2
221 0
222 13
223 4
224 3
225 7
226 0
227 2
228 0
229 1
230 7
231 8
232 3
233 11
234 0
235 3
236 1
237 20
238 3
239 9
240 0
241 3
242 0
243 4
244 1
245 2
246 7
247 28
248 10
249 1
250 1
251 6
252 0
253 0
254 2
255 1
256 0
257 6
258 5
259 5
260 8
261 4
262 4
263 13
264 0
265 5
266 0
267 6
268 0
269 0
270 5
271 25
272 1
273 0
274 0
275 10
276 0
277 0
278 0
279 2
280 1
281 7
282 2
283 7
284 6
285 4
286 7
287 17
288 0
289 0
290 21
291 1
292 2
293 8
294 0
295 10
296 4
297 0
298 26
299 1
300 2
301 5
302 1
303 12
304 8
305 13
306 0
307 7
308 22
309 5
310 0
311 3
312 0
313 12
314 17
315 17
316 17
317 4
318 16
319 12
320 4
321 5
322 0
323 8
324 16
325 0
326 2
327 5
328 11
329 2
330 6
331 0
332 2
333 1
334 5
335 6
336 0
337 12
338 7
339 1
340 4
341 3
342 7
343 4
344 42
345 14
346 60
347 4
348 4
349 1
350 9
351 8
352 3
353 7
354 0
355 9
356 4
357 1
358 11
359 4
360 8
361 8
362 7
363 0
364 1
365 2
366 0
367 1
368 1
369 9
370 1
371 17
372 5
373 3
374 0
375 0
376 5
377 11
378 5
379 3
380 5
381 0
382 1
383 0
384 2
385 12
386 6
387 9
388 21
389 8
390 0
391 25
392 53
393 0
394 4
395 3
396 5
397 29
398 3
399 1
400 6
401 8
402 10
403 21
404 7
405 12
406 9
407 0
408 3
409 0
410 4
411 1
412 9
413 10
414 2
415 9
416 15
417 0
418 7
419 3
420 10
421 7
422 10
423 1
424 10
425 1
426 1
427 7
428 1
429 2
430 2
431 1
432 2
433 15
434 0
435 1
436 2
437 2
438 6
439 9
440 18
441 10
442 3
443 7
444 0
445 0
446 4
447 6
448 22
449 1
450 4
451 0
452 11
453 3
454 7
455 5
456 2
457 13
458 1
459 8
460 2
461 0
462 2
463 2
464 2
465 1
466 13
467 1
468 5
469 0
470 8
471 9
472 2
473 2
474 19
475 9
476 12
477 1
478 6
479 0
480 0
481 2
482 17
483 0
484 3
485 1
486 0
487 3
488 3
489 3
490 3
491 3
492 1
493 7
494 19
495 7
496 4
497 3
498 21
499 19
500 1
501 2
502 1
503 2
504 1
505 2
506 1
507 7
508 3
509 1
510 1
511 0
512 0
513 7
514 3
515 16
516 0
517 0
518 6
519 0
520 3
521 20
522 13
523 3
524 2
525 5
526 0
527 8
528 0
529 2
530 7
531 5
532 3
533 1
534 0
535 9
536 3
537 13
538 0
539 14
540 8
541 11
542 1
543 27
544 55
545 5
546 1
547 9
548 0
549 10
550 8
551 3
552 1
553 1
554 6
555 0
556 39
557 2
558 23
559 11
560 29
561 51
562 19
563 5
564 0
565 1
566 12
567 2
568 3
569 25
570 0
571 18
572 0
573 28
574 17
575 13
576 0
577 11
578 3
579 2
580 3
581 6
582 3
583 15
584 11
585 0
586 12
587 1
588 0
589 0
590 1
591 9
592 4
593 0
594 2
595 7
596 0
597 6
598 8
599 13
600 20
601 0
602 0
603 3
604 4
605 6
606 10
607 8
608 14
609 7
610 3
611 33
612 1
613 0
614 1
615 22
616 4
617 12
618 0
619 15
620 0
621 3
622 0
623 11
624 2
625 0
626 2
627 25
628 8
629 8
630 11
631 2
632 5
633 14
634 6
635 47
636 0
637 16
638 16
639 5
640 2
641 5
642 3
643 13
644 4
645 9
646 2
647 6
648 3
649 0
650 0
651 2
652 0
653 3
654 32
655 4
656 11
657 1
658 12
659 2
660 19
661 5
662 11
663 0
664 6
665 0
666 2
667 1
668 2
669 10
670 4
671 0
672 4
673 4
674 5
675 3
676 2
677 4
678 4
679 2
680 9
681 2
682 1
683 4
684 9
685 11
686 13
687 1
688 9
689 10
690 2
691 0
692 2
693 3
694 3
695 1
696 11
697 44
698 1
699 0
700 3
701 3
702 1
703 8
704 43
705 4
706 6
707 2
708 0
709 5
710 8
711 35
712 6
713 2
714 2
715 19
716 8
717 4
718 0
719 0
720 22
721 0
722 3
723 3
724 0
725 1
726 2
727 6
728 4
729 20
730 17
731 0
732 0
733 8
734 11
735 0
736 2
737 2
738 2
739 23
740 3
741 1
742 4
743 8
744 20
745 15
746 3
747 16
748 2
749 1
750 11
751 7
752 5
753 0
754 8
755 0
756 7
757 1
758 5
759 6
760 1
761 4
762 2
763 10
764 12
765 2
766 18
767 0
768 45
769 2
770 0
771 2
772 2
773 4
774 5
775 8
776 0
777 16
778 9
779 10
780 1
781 0
782 0
783 13
784 8
785 3
786 11
787 5
788 11
789 4
790 0
791 16
792 0
793 23
794 0
795 5
796 4
797 5
798 13
799 10
800 0
801 0
802 8
803 8
804 13
805 0
806 0
807 0
808 0
809 7
810 7
811 12
812 6
813 2
814 26
815 9
816 0
817 4
818 5
819 11
820 12
821 0
822 20
823 0
824 0
825 8
826 6
827 1
828 1
829 8
830 14
831 6
832 11
833 8
834 0
835 10
836 6
837 9
838 7
839 7
840 0
841 0
842 3
843 3
844 4
845 1
846 9
847 33
848 17
849 10
850 22
851 4
852 3
853 0
854 8
855 4
856 3
857 6
858 9
859 0
860 0
861 2
862 0
863 8
864 2
865 9
866 2
867 8
868 7
869 1
870 13
871 5
872 1
873 1
874 25
875 4
876 14
877 0
878 17
879 19
880 1
881 1
882 5
883 0
884 2
885 9
886 3
887 3
888 4
889 0
890 6
891 0
892 1
893 20
894 1
895 3
896 7
897 0
898 5
899 3
900 1
901 2
902 8
903 2
904 0
905 0
906 6
907 1
908 10
909 0
910 2
911 1
912 2
913 10
914 10
915 11
916 23
917 1
918 2
919 17
920 2
921 12
922 4
923 22
924 8
925 4
926 1
927 1
928 0
929 0
930 5
931 2
932 0
933 0
934 12
935 0
936 3
937 0
938 15
939 1
940 0
941 4
942 15
943 1
944 2
945 1
946 2
947 3
948 0
949 5
950 2
951 0
952 2
953 0
954 0
955 3
956 11
957 4
958 9
959 3
960 5
961 0
962 3
963 0
964 4
965 2
966 5
967 4
968 0
969 5
970 31
971 2
972 23
973 5
974 7
975 16
976 20
977 11
978 2
979 2
980 2
981 2
982 2
983 12
984 0
985 11
986 5
987 0
988 4
989 0
990 9
991 8
992 7
993 10
994 5
995 9
996 2
997 5
998 10
999 1
1000 3
1001 0
1002 21
1003 0
1004 20
1005 0
1006 11
1007 0
1008 13
1009 5
1010 0
1011 1
1012 8
1013 4
1014 8
1015 4
1016 8
1017 9
1018 0
1019 3
1020 2
1021 5
1022 0
1023 0
1024 0
1025 0
1026 0
1027 11
1028 3
1029 2
1030 11
1031 0
1032 5
1033 4
1034 10
1035 2
1036 5
1037 3
1038 0
1039 2
1040 0
1041 0
1042 0
1043 2
1044 2
1045 2
1046 0
1047 3
1048 6
1049 0
1050 8
1051 0
1052 49
1053 4
1054 13
1055 2
1056 4
1057 0
1058 10
1059 6
1060 0
1061 3
1062 0
1063 0
1064 16
1065 12
1066 3
1067 0
1068 3
1069 5
1070 0
1071 15
1072 4
1073 0
1074 2
1075 6
1076 7
1077 1
1078 16
1079 1
1080 2
1081 6
1082 13
1083 5
1084 3
1085 1
1086 4
1087 9
1088 6
1089 6
1090 20
1091 2
1092 0
1093 6
1094 20
1095 4
1096 17
1097 4
1098 13
1099 9
1100 0
1101 1
1102 7
1103 13
1104 11
1105 6
1106 13
1107 24
1108 12
1109 0
1110 0
1111 4
1112 0
1113 19
1114 14
1115 7
1116 0
1117 1
1118 0
1119 2
1120 6
1121 4
1122 0
1123 1
1124 0
1125 3
1126 10
1127 3
1128 42
1129 0
1130 22
1131 40
1132 1
1133 10
1134 6
1135 3
1136 1
1137 0
1138 17
1139 1
1140 2
1141 3
1142 13
1143 0
1144 2
1145 0
1146 11
1147 3
1148 3
1149 2
1150 11
1151 8
1152 13
1153 0
1154 1
1155 76
1156 38
1157 3
1158 5
1159 13
1160 0
1161 4
1162 1
1163 5
1164 2
1165 22
1166 10
1167 2
1168 0
1169 5
1170 16
1171 5
1172 1
1173 0
1174 22
1175 1
1176 9
1177 10
1178 6
1179 9
1180 3
1181 2
1182 1
1183 3
1184 4
1185 5
1186 4
1187 7
1188 1
1189 8
1190 2
1191 2
1192 27
1193 24
1194 10
1195 3
1196 2
1197 2
1198 9
1199 6
1200 6
1201 15
1202 0
1203 7
1204 2
1205 0
1206 1
1207 1
1208 7
1209 4
1210 10
1211 17
1212 0
1213 0
1214 5
1215 4
1216 9
1217 7
1218 0
1219 10
1220 0
1221 0
1222 4
1223 6
1224 8
1225 1
1226 0
1227 1
1228 13
1229 10
1230 5
1231 11
1232 1
1233 0
1234 0
1235 10
1236 17
1237 1
1238 27
1239 12
1240 1
1241 2
1242 2
1243 8
1244 7
1245 2
1246 0
1247 20
1248 0
1249 0
1250 3
1251 1
1252 0
1253 6
1254 3
1255 2
1256 0
1257 2
1258 8
1259 1
1260 6
1261 8
1262 3
1263 19
1264 8
1265 37
1266 14
1267 2
1268 0
1269 0
1270 0
1271 2
1272 28
1273 8
1274 5
1275 5
1276 7
1277 1
1278 2
1279 0
1280 8
1281 27
1282 3
1283 1
1284 6
1285 0
1286 18
1287 0
1288 6
1289 3
1290 6
1291 15
1292 8
1293 0
1294 3
1295 21
1296 2
1297 59
1298 3
1299 2
1300 18
1301 0
1302 4
1303 5
1304 0
1305 0
1306 0
1307 11
1308 0
1309 8
1310 5
1311 5
1312 8
1313 15
1314 2
1315 2
1316 2
1317 0
1318 2
1319 1
1320 12
1321 4
1322 2
1323 2
1324 0
1325 8
1326 32
1327 0
1328 3
1329 0
1330 3
1331 2
1332 0
1333 3
1334 4
1335 8
1336 1
1337 0
1338 20
1339 21
1340 0
1341 1
1342 9
1343 3
1344 26
1345 0
1346 4
1347 2
1348 0
1349 6
1350 19
1351 6
1352 8
1353 4
1354 4
1355 5
1356 1
1357 6
1358 0
1359 19
1360 3
1361 1
1362 5
1363 1
1364 10
1365 1
1366 5
1367 2
1368 8
1369 7
1370 19
1371 0
1372 5
1373 2
1374 2
1375 5
1376 26
1377 0
1378 9
1379 30
1380 7
1381 6
1382 12
1383 11
1384 13
1385 1
1386 13
1387 5
1388 8
1389 0
1390 18
1391 5
1392 0
1393 0
1394 2
1395 30
1396 6
1397 0
1398 0
1399 0
1400 1
1401 20
1402 5
1403 1
1404 22
1405 29
1406 10
1407 40
1408 0
1409 10
1410 12
1411 0
1412 1
1413 2
1414 0
1415 5
1416 14
1417 0
1418 2
1419 1
1420 0
1421 0
1422 4
1423 0
1424 0
1425 1
1426 1
1427 2
1428 7
1429 10
1430 5
1431 4
1432 0
1433 0
1434 0
1435 7
1436 10
1437 1
1438 2
1439 0
1440 3
1441 2
1442 4
1443 13
1444 5
1445 5
1446 2
1447 3
1448 10
1449 7
1450 0
1451 3
1452 5
1453 15
1454 6
1455 3
1456 6
1457 1
1458 2
1459 11
1460 2
1461 1
1462 2
1463 1
1464 6
1465 18
1466 8
1467 16
1468 3
1469 8
1470 16
1471 17
1472 20
1473 5
1474 16
1475 7
1476 5
1477 1
1478 0
1479 1
1480 0
1481 6
1482 5
1483 15
1484 4
1485 4
1486 2
1487 4
1488 0
1489 7
1490 2
1491 16
1492 2
1493 4
1494 6
1495 24
1496 12
1497 1
1498 3
1499 0
1500 3
1501 5
1502 4
1503 0
1504 0
1505 3
1506 2
1507 16
1508 75
1509 4
1510 1
1511 12
1512 3
1513 0
1514 15
1515 4
1516 1
1517 0
1518 3
1519 0
1520 15
1521 10
1522 37
1523 14
1524 0
1525 53
1526 4
1527 22
1528 6
1529 2
1530 7
1531 0
1532 0
1533 0
1534 5
1535 41
1536 6
1537 59
1538 0
1539 0
1540 2
1541 1
1542 7
1543 8
1544 4
1545 1
1546 1
1547 53
1548 1
1549 3
1550 0
1551 10
1552 7
1553 1
1554 8
1555 25
1556 0
1557 5
1558 5
1559 4
1560 8
1561 4
1562 23
1563 1
1564 1
1565 10
1566 4
1567 0
1568 1
1569 7
1570 0
1571 10
1572 10
1573 0
1574 5
1575 35
1576 0
1577 0
1578 15
1579 12
1580 1
1581 0
1582 0
1583 6
1584 0
1585 0
1586 0
1587 6
1588 3
1589 5
1590 7
1591 9
1592 33
1593 19
1594 20
1595 9
1596 22
1597 2
