1 2
2 1
3 7
4 42
5 42
6 115
7 1
8 0
9 44
10 3
11 3
12 2
13 8
14 5
15 27
16 71
17 117
18 83
19 2
20 0
21 4
22 1
23 0
24 1
25 9
26 3
27 2
28 3
29 1
30 15
31 7
32 3
33 5
34 6
35 3
36 1
37 2
38 5
39 2
40 0
41 19
42 0
43 0
44 0
45 1
46 1
47 2
48 0
49 41
50 0
51 3
52 1
53 45
54 1
55 4
56 2
57 1
58 1
59 1
60 2
61 2
62 18
63 72
64 1
65 1
66 5
67 1
68 1
69 0
70 1
71 0
72 6
73 3
74 5
75 22
76 4
77 6
78 3
79 7
80 5
81 7
82 4
83 4
84 8
85 28
86 16
87 36
88 11
89 23
90 5
91 7
92 21
93 24
94 121
95 67
96 18
97 12
98 8
99 13
100 42
101 22
102 7
103 9
104 0
105 4
106 17
107 22
108 10
109 5
110 3
111 7
112 20
113 5
114 18
115 1
116 16
117 8
118 1
119 9
120 10
121 8
122 5
123 15
124 21
125 4
126 21
127 3
128 4
129 9
130 3
131 3
132 6
133 10
134 8
135 40
136 6
137 4
138 9
139 11
140 11
141 10
142 7
143 5
144 3
145 4
146 19
147 16
148 6
149 18
150 7
151 5
152 18
153 8
154 22
155 3
156 12
157 1
158 10
159 5
160 8
161 1
162 1
163 15
164 4
165 1
166 41
167 4
168 46
169 10
170 4
171 9
172 4
173 9
174 8
175 14
176 18
177 24
178 17
179 8
180 11
181 13
182 4
183 12
184 2
185 6
186 2
187 4
188 8
189 2
190 10
191 9
192 12
193 2
194 23
195 6
196 8
197 18
198 2
199 21
200 9
201 13
202 1
203 2
204 20
205 56
206 8
207 52
208 20
209 12
210 5
211 7
212 3
213 13
214 11
215 11
216 19
217 16
218 1
219 10
220 5
221 7
222 36
223 39
224 31
225 21
226 2
227 16
228 5
229 4
230 8
231 21
232 4
233 33
234 21
235 16
236 67
237 22
238 148
239 23
240 4
241 22
242 1
243 10
244 7
245 3
246 10
247 9
248 3
249 22
250 17
251 126
252 8
253 3
254 4
255 24
256 0
257 4
258 16
259 7
260 20
261 36
262 7
263 9
264 3
265 20
266 34
267 15
268 11
269 3
270 3
271 32
272 4
273 15
274 7
275 6
276 1
277 4
278 32
279 12
280 13
281 16
282 22
283 6
284 2
285 9
286 2
287 12
288 13
289 1
290 8
291 137
292 22
293 20
294 10
295 8
296 21
297 6
298 7
299 10
300 11
301 4
302 2
303 2
304 3
305 2
306 5
307 13
308 11
309 8
310 6
311 4
312 11
313 4
314 4
315 10
316 4
317 5
318 12
319 44
320 8
321 4
322 13
323 19
324 7
325 7
326 4
327 4
328 10
329 8
330 8
331 6
332 4
333 13
334 37
335 7
336 46
337 24
338 10
339 2
340 6
341 3
342 4
343 22
344 11
345 2
346 6
347 2
348 21
349 29
350 9
351 7
352 3
353 15
354 2
355 4
356 21
357 19
358 7
359 7
360 36
361 23
362 1
363 19
364 15
365 53
366 12
367 10
368 10
369 21
370 6
371 13
372 0
373 3
374 4
375 5
376 16
377 14
378 7
379 7
380 13
381 29
382 96
383 13
384 52
385 38
386 6
387 19
388 13
389 7
390 54
391 6
392 14
393 47
394 9
395 13
396 21
397 13
398 8
399 5
400 4
401 24
402 16
403 11
404 29
405 10
406 9
407 28
408 4
409 1
410 34
411 9
412 12
413 22
414 20
415 9
416 4
417 48
418 44
419 22
420 23
421 14
422 7
423 6
424 20
425 14
426 15
427 14
428 10
429 3
430 21
431 12
432 14
433 8
434 5
435 11
436 18
437 3
438 9
439 22
440 18
441 2
442 8
443 6
444 16
445 8
446 26
447 9
448 14
449 11
450 11
451 11
452 24
453 19
454 22
455 16
456 38
457 10
458 103
459 19
460 8
461 124
462 8
463 7
464 9
465 12
466 18
467 16
468 6
469 13
470 9
471 17
472 11
473 11
474 6
475 44
476 24
477 62
478 55
479 2
480 5
481 8
482 13
483 9
484 4
485 6
486 7
487 9
488 6
489 28
490 6
491 16
492 9
493 15
494 2
495 5
496 97
497 5
498 5
499 16
500 18
501 13
502 23
503 85
504 1
505 6
506 4
507 1
508 6
509 28
510 10
511 7
512 6
513 17
514 35
515 12
516 52
517 11
518 3
519 9
520 5
521 19
522 16
523 113
524 17
525 7
526 13
527 1
528 11
529 9
530 288
531 8
532 4
533 7
534 9
535 6
536 15
537 6
538 15
539 143
540 81
541 5
542 5
543 13
544 22
545 14
546 5
547 30
548 14
549 26
550 167
551 4
552 113
553 5
554 4
555 2
556 6
557 4
558 7
559 4
560 4
561 57
562 8
563 4
564 1
565 2
566 39
567 5
568 48
569 3
570 6
571 109
572 4
573 23
574 118
575 9
576 7
577 1
578 10
579 98
580 31
581 95
582 66
583 13
584 4
585 0
586 8
587 8
588 7
589 7
590 7
591 4
592 6
593 48
594 3
595 18
596 10
597 8
598 14
599 12
600 3
601 4
602 1
603 2
604 5
605 12
606 6
607 10
608 2
609 12
610 7
611 6
612 4
613 2
614 3
615 7
616 1
617 2
618 7
619 1
620 3
621 2
622 1
623 4
624 9
625 6
626 19
627 5
628 3
629 7
630 2
631 7
632 1
633 8
634 9
635 2
636 5
637 12
638 12
639 2
640 20
641 3
642 9
643 3
644 1
645 8
646 4
647 24
648 2
649 4
650 146
651 3
652 15
653 3
654 11
655 1
656 1
657 2
658 4
659 7
660 3
661 10
662 7
663 14
664 7
665 5
666 7
667 3
668 222
669 3
670 12
671 1
672 2
673 3
674 2
675 3
676 2
677 4
678 3
679 11
680 3
681 1
682 14
683 20
684 2
685 8
686 15
687 11
688 17
689 8
690 12
691 4
692 13
693 14
694 26
695 4
696 15
697 7
698 8
699 12
700 8
701 9
702 2
703 12
704 10
705 7
706 12
707 8
708 13
709 20
710 14
711 27
712 3
713 1
714 22
715 16
716 5
717 88
718 11
719 11
720 7
721 4
722 15
723 46
724 15
725 74
726 5
727 10
728 6
729 14
730 10
731 19
732 9
733 10
734 4
735 6
736 5
737 50
738 18
739 38
740 1
741 9
742 12
743 22
744 10
745 16
746 13
747 37
748 22
749 96
750 13
751 23
752 23
753 25
754 22
755 6
756 2
757 5
758 11
759 21
760 16
761 15
762 13
763 37
764 6
765 24
766 5
767 10
768 21
769 21
770 5
771 15
772 19
773 91
774 28
775 34
776 19
777 14
778 11
779 6
780 10
781 3
782 5
783 17
784 10
785 14
786 12
787 14
788 19
789 8
790 71
791 12
792 8
793 12
794 5
795 12
796 33
797 24
798 10
799 11
800 16
801 9
802 25
803 15
804 18
805 7
806 14
807 3
808 5
809 5
810 32
811 11
812 6
813 16
814 12
815 6
816 8
817 13
818 18
819 10
820 8
821 7
822 5
823 22
824 5
825 15
826 18
827 19
828 66
829 27
830 10
831 17
832 7
833 11
834 21
835 8
836 9
837 14
838 3
839 7
840 11
841 3
842 6
843 13
844 8
845 9
846 20
847 11
848 9
849 7
850 26
851 19
852 1
853 20
854 9
855 5
856 6
857 9
858 17
859 4
860 6
861 13
862 48
863 5
864 17
865 3
866 2
867 14
868 15
869 5
870 25
871 46
872 30
873 9
874 16
875 4
876 7
877 4
878 20
879 16
880 18
881 11
882 96
883 8
884 21
885 16
886 8
887 12
888 12
889 4
890 19
891 6
892 21
893 12
894 2
895 9
896 7
897 5
898 52
899 23
900 25
901 7
902 2
903 5
904 5
905 1
906 0
907 9
908 19
909 1
910 36
911 7
912 28
913 9
914 13
915 6
916 6
917 7
918 13
919 3
920 4
921 11
922 34
923 4
924 3
925 8
926 4
927 1
928 18
929 1
930 8
931 5
932 5
933 4
934 5
935 16
936 9
937 7
938 14
939 41
940 12
941 3
942 23
943 8
944 5
945 6
946 10
947 5
948 13
949 94
950 5
951 5
952 18
953 21
954 9
955 24
956 8
957 12
958 11
959 16
960 4
961 2
962 33
963 31
964 9
965 76
966 78
967 6
968 11
969 15
970 2
971 19
972 21
973 5
974 22
975 9
976 2
977 7
978 41
979 6
980 2
981 57
982 8
983 15
984 3
985 4
986 2
987 13
988 6
989 1
990 1
991 9
992 2
993 3
994 4
995 1
996 3
997 15
998 6
999 4
1000 3
1001 9
1002 7
1003 33
1004 10
1005 8
1006 5
1007 5
1008 14
1009 3
1010 83
1011 1
1012 12
1013 3
1014 6
1015 5
1016 2
1017 2
1018 1
1019 16
1020 5
1021 12
1022 13
1023 71
1024 86
1025 10
1026 14
1027 7
1028 2
1029 5
1030 2
1031 2
1032 13
1033 12
1034 9
1035 2
1036 7
1037 5
1038 3
1039 9
1040 8
1041 4
1042 8
1043 22
1044 3
1045 12
1046 4
1047 5
1048 8
1049 10
1050 6
1051 6
1052 11
1053 3
1054 13
1055 17
1056 14
1057 0
1058 16
1059 8
1060 4
1061 11
1062 12
1063 5
1064 5
1065 3
1066 5
1067 5
1068 7
1069 8
1070 2
1071 7
1072 1
1073 6
1074 4
1075 10
1076 12
1077 3
1078 3
1079 3
1080 13
1081 5
1082 10
1083 5
1084 13
1085 0
1086 6
1087 6
1088 6
1089 3
1090 7
1091 8
1092 2
1093 3
1094 3
1095 5
1096 10
1097 6
1098 6
1099 6
1100 2
1101 1
1102 8
1103 14
1104 6
1105 13
1106 7
1107 19
1108 16
1109 6
1110 35
1111 8
1112 14
1113 17
1114 5
1115 4
1116 2
1117 7
1118 4
1119 3
1120 9
1121 2
1122 3
1123 3
1124 3
1125 5
1126 7
1127 2
1128 6
1129 5
1130 2
1131 8
1132 3
1133 1
1134 5
1135 10
1136 2
1137 9
1138 0
1139 1
1140 6
1141 4
1142 8
1143 0
1144 23
1145 1
1146 10
1147 12
1148 1
1149 1
1150 1
1151 3
1152 8
1153 1
1154 22
1155 17
1156 4
1157 1
1158 16
1159 11
1160 0
1161 1
1162 5
1163 38
1164 11
1165 5
1166 3
1167 3
1168 9
1169 4
1170 7
1171 10
1172 1
1173 2
1174 10
1175 7
1176 14
1177 12
1178 63
1179 16
1180 6
1181 0
1182 8
1183 4
1184 1
1185 4
1186 5
1187 4
1188 1
1189 8
1190 4
1191 5
1192 7
1193 10
1194 9
1195 4
1196 5
1197 9
1198 2
1199 7
1200 9
1201 10
1202 9
1203 6
1204 10
1205 4
1206 6
1207 8
1208 4
1209 14
1210 17
1211 1
1212 3
1213 6
1214 5
1215 6
1216 21
1217 5
1218 2
1219 11
1220 9
1221 6
1222 4
1223 22
1224 15
1225 15
1226 4
1227 1
1228 9
1229 3
1230 1
1231 7
1232 13
1233 8
1234 10
1235 3
1236 10
1237 2
1238 2
1239 7
1240 12
1241 20
1242 96
1243 39
1244 29
1245 3
1246 48
1247 22
1248 6
1249 4
1250 151
1251 1
1252 12
1253 5
1254 23
1255 4
1256 19
1257 6
1258 6
1259 13
1260 8
1261 38
1262 10
1263 12
1264 7
1265 4
1266 3
1267 10
1268 1
1269 3
1270 14
1271 13
1272 16
1273 9
1274 22
1275 5
1276 9
1277 6
1278 11
1279 9
1280 15
1281 12
1282 13
1283 6
1284 24
1285 35
1286 7
1287 8
1288 2
1289 7
1290 3
1291 7
1292 5
1293 18
1294 97
1295 20
1296 11
1297 20
1298 3
1299 14
1300 26
1301 7
1302 14
1303 17
1304 30
1305 13
1306 15
1307 29
1308 13
1309 15
1310 6
1311 9
1312 3
1313 7
1314 20
1315 11
1316 10
1317 11
1318 9
1319 16
1320 18
1321 18
1322 9
1323 30
1324 4
1325 11
1326 15
1327 15
1328 14
1329 21
1330 10
1331 3
1332 10
1333 6
1334 22
1335 10
1336 10
1337 12
1338 9
1339 17
1340 22
1341 8
1342 20
1343 32
1344 5
1345 5
1346 6
1347 5
1348 7
1349 44
1350 2
1351 14
1352 11
1353 5
1354 12
1355 4
1356 15
1357 1
1358 18
1359 9
1360 25
1361 4
1362 103
1363 13
1364 6
1365 25
1366 7
1367 24
1368 13
1369 8
1370 6
1371 10
1372 27
1373 13
1374 10
1375 10
1376 12
1377 95
1378 6
1379 24
1380 13
1381 6
1382 16
1383 11
1384 13
1385 6
1386 7
1387 17
1388 25
1389 22
1390 5
1391 30
1392 12
1393 4
1394 22
1395 12
1396 6
1397 17
1398 22
1399 16
1400 3
1401 13
1402 8
1403 22
1404 7
1405 18
1406 15
1407 11
1408 28
1409 12
1410 12
1411 20
1412 22
1413 80
1414 13
1415 10
1416 10
1417 9
1418 84
1419 7
1420 15
1421 13
1422 24
1423 10
1424 39
1425 4
1426 7
1427 15
1428 45
1429 52
1430 33
1431 15
1432 16
1433 9
1434 11
1435 5
1436 38
1437 7
1438 4
1439 18
1440 11
1441 6
1442 3
1443 11
1444 1
1445 5
1446 4
1447 16
1448 8
1449 13
1450 7
1451 11
1452 23
1453 9
1454 10
1455 7
1456 2
1457 4
1458 40
1459 16
1460 37
1461 13
1462 58
1463 47
1464 9
1465 15
1466 11
1467 14
1468 14
1469 29
1470 11
1471 26
1472 39
1473 10
1474 14
1475 28
1476 17
1477 5
1478 16
1479 4
1480 23
1481 4
1482 8
1483 30
1484 5
1485 7
1486 37
1487 15
1488 9
1489 14
1490 30
1491 3
1492 15
1493 4
1494 2
1495 12
1496 16
1497 20
1498 6
1499 11
1500 5
1501 18
1502 18
1503 10
1504 4
1505 11
1506 8
1507 4
1508 9
1509 7
1510 6
1511 21
1512 7
1513 12
1514 16
1515 6
1516 30
1517 11
1518 43
1519 8
1520 2
1521 8
1522 23
1523 22
1524 18
1525 11
1526 12
1527 18
1528 49
1529 45
1530 21
1531 4
1532 2
1533 4
1534 4
1535 16
1536 4
1537 7
1538 4
1539 7
1540 5
1541 0
1542 18
1543 6
1544 9
1545 6
1546 5
1547 2
1548 1
1549 53
1550 3
1551 3
1552 7
1553 78
1554 5
1555 4
1556 2
1557 40
1558 4
1559 2
1560 3
1561 59
1562 27
1563 5
1564 0
1565 29
1566 81
1567 3
1568 4
1569 7
1570 1
1571 38
1572 29
1573 2
1574 7
1575 11
1576 4
1577 2
1578 19
1579 9
1580 52
1581 8
1582 1
1583 6
1584 5
1585 16
1586 4
1587 8
1588 50
1589 5
1590 103
1591 2
1592 10
1593 4
1594 13
1595 8
1596 25
1597 5
