1 0
2 3
3 3
4 93
5 19
6 20
7 0
8 1
9 13
10 0
11 0
12 15
13 1
14 11
15 16
16 8
17 22
18 13
19 0
20 0
21 5
22 0
23 6
24 12
25 7
26 2
27 7
28 1
29 5
30 3
31 5
32 3
33 2
34 9
35 18
36 3
37 7
38 0
39 7
40 0
41 1
42 4
43 2
44 1
45 7
46 0
47 2
48 3
49 4
50 2
51 11
52 6
53 0
54 0
55 9
56 12
57 0
58 13
59 26
60 16
61 11
62 7
63 9
64 4
65 2
66 5
67 6
68 11
69 17
70 0
71 0
72 21
73 13
74 2
75 16
76 2
77 5
78 1
79 5
80 6
81 5
82 1
83 0
84 19
85 13
86 7
87 1
88 1
89 3
90 1
91 28
92 5
93 12
94 10
95 0
96 19
97 3
98 1
99 11
100 2
101 4
102 0
103 17
104 2
105 0
106 22
107 0
108 7
109 1
110 3
111 7
112 13
113 1
114 7
115 4
116 2
117 1
118 7
119 2
120 24
121 10
122 10
123 4
124 25
125 0
126 5
127 3
128 8
129 0
130 6
131 9
132 5
133 7
134 11
135 5
136 1
137 6
138 19
139 4
140 6
141 2
142 0
143 3
144 22
145 0
146 7
147 8
148 3
149 2
150 0
151 3
152 17
153 1
154 7
155 7
156 2
157 0
158 11
159 8
160 0
161 1
162 3
163 1
164 1
165 2
166 13
167 0
168 18
169 5
170 1
171 2
172 1
173 1
174 3
175 5
176 5
177 6
178 0
179 0
180 5
181 2
182 3
183 2
184 1
185 15
186 7
187 3
188 18
189 0
190 0
191 1
192 3
193 7
194 6
195 4
196 0
197 10
198 1
199 3
200 1
201 5
202 9
203 0
204 0
205 11
206 12
207 2
208 3
209 8
210 6
211 6
212 0
213 0
214 5
215 2
216 0
217 1
218 5
219 4
220 0
221 0
222 27
223 0
224 8
225 2
226 0
227 1
228 0
229 0
230 2
231 12
232 10
233 3
234 0
235 3
236 7
237 9
238 0
239 2
240 0
241 7
242 0
243 22
244 0
245 0
246 0
247 10
248 6
249 3
250 3
251 1
252 1
253 1
254 8
255 1
256 4
257 13
258 6
259 3
260 5
261 3
262 0
263 14
264 0
265 5
266 0
267 5
268 5
269 1
270 6
271 11
272 1
273 1
274 0
275 0
276 0
277 0
278 0
279 10
280 13
281 9
282 0
283 16
284 3
285 3
286 4
287 19
288 11
289 0
290 5
291 15
292 3
293 20
294 2
295 0
296 2
297 0
298 13
299 2
300 8
301 0
302 4
303 1
304 0
305 1
306 0
307 7
308 13
309 8
310 0
311 7
312 0
313 5
314 12
315 6
316 59
317 1
318 6
319 4
320 5
321 2
322 12
323 7
324 8
325 4
326 6
327 12
328 7
329 0
330 0
331 1
332 6
333 10
334 14
335 4
336 6
337 15
338 6
339 1
340 5
341 6
342 9
343 8
344 10
345 20
346 9
347 0
348 0
349 0
350 8
351 17
352 2
353 6
354 6
355 36
356 4
357 0
358 7
359 43
360 0
361 20
362 0
363 9
364 3
365 0
366 3
367 7
368 3
369 4
370 20
371 10
372 2
373 13
374 3
375 3
376 0
377 5
378 3
379 11
380 16
381 6
382 10
383 5
384 8
385 34
386 19
387 55
388 13
389 6
390 0
391 7
392 78
393 15
394 11
395 8
396 2
397 53
398 17
399 0
400 7
401 14
402 3
403 0
404 14
405 26
406 7
407 1
408 0
409 0
410 2
411 18
412 3
413 6
414 7
415 31
416 6
417 0
418 17
419 6
420 3
421 6
422 6
423 0
424 3
425 1
426 19
427 26
428 9
429 0
430 2
431 4
432 19
433 6
434 0
435 3
436 3
437 0
438 5
439 7
440 5
441 2
442 22
443 27
444 3
445 0
446 21
447 3
448 6
449 2
450 1
451 1
452 14
453 5
454 10
455 1
456 9
457 8
458 9
459 17
460 0
461 3
462 18
463 20
464 25
465 8
466 23
467 3
468 16
469 2
470 13
471 8
472 5
473 20
474 1
475 9
476 12
477 2
478 11
479 5
480 2
481 4
482 10
483 0
484 31
485 5
486 2
487 0
488 0
489 0
490 2
491 27
492 13
493 2
494 1
495 1
496 47
497 6
498 4
499 2
500 3
501 0
502 1
503 4
504 0
505 2
506 4
507 5
508 1
509 5
510 0
511 0
512 0
513 21
514 10
515 9
516 5
517 0
518 3
519 6
520 11
521 3
522 2
523 5
524 0
525 3
526 1
527 4
528 4
529 0
530 22
531 0
532 1
533 8
534 0
535 1
536 5
537 4
538 11
539 16
540 11
541 13
542 2
543 11
544 40
545 11
546 0
547 11
548 0
549 4
550 4
551 0
552 1
553 18
554 2
555 0
556 9
557 4
558 13
559 12
560 16
561 52
562 46
563 1
564 2
565 0
566 2
567 2
568 22
569 1
570 3
571 12
572 6
573 24
574 32
575 0
576 3
577 8
578 25
579 0
580 13
581 18
582 2
583 2
584 3
585 3
586 9
587 1
588 0
589 6
590 3
591 13
592 13
593 7
594 7
595 14
596 9
597 12
598 5
599 4
600 7
601 1
602 1
603 9
604 0
605 1
606 11
607 11
608 4
609 1
610 5
611 17
612 1
613 4
614 20
615 17
616 6
617 3
618 1
619 1
620 0
621 3
622 2
623 14
624 6
625 6
626 0
627 13
628 5
629 4
630 24
631 3
632 8
633 2
634 4
635 2
636 2
637 9
638 8
639 4
640 0
641 2
642 2
643 3
644 0
645 16
646 6
647 18
648 0
649 8
650 5
651 11
652 3
653 0
654 1
655 23
656 7
657 0
658 17
659 0
660 4
661 0
662 9
663 0
664 4
665 1
666 3
667 11
668 17
669 37
670 0
671 5
672 14
673 12
674 18
675 0
676 22
677 6
678 17
679 5
680 25
681 55
682 8
683 6
684 19
685 2
686 16
687 12
688 13
689 7
690 7
691 0
692 1
693 3
694 2
695 1
696 19
697 17
698 2
699 0
700 1
701 34
702 3
703 12
704 38
705 7
706 8
707 3
708 0
709 3
710 3
711 63
712 0
713 2
714 0
715 28
716 3
717 8
718 1
719 19
720 18
721 2
722 2
723 14
724 2
725 11
726 12
727 2
728 0
729 4
730 3
731 0
732 0
733 6
734 14
735 0
736 6
737 31
738 4
739 25
740 0
741 1
742 5
743 4
744 17
745 9
746 3
747 3
748 23
749 13
750 20
751 27
752 26
753 2
754 7
755 1
756 24
757 1
758 11
759 5
760 5
761 5
762 0
763 30
764 18
765 9
766 22
767 1
768 16
769 2
770 1
771 2
772 1
773 18
774 0
775 6
776 1
777 10
778 11
779 5
780 5
781 1
782 7
783 4
784 9
785 6
786 8
787 5
788 36
789 2
790 9
791 3
792 0
793 10
794 3
795 11
796 26
797 21
798 4
799 8
800 3
801 14
802 43
803 3
804 4
805 8
806 22
807 6
808 2
809 1
810 17
811 12
812 3
813 7
814 6
815 13
816 5
817 15
818 7
819 5
820 8
821 0
822 12
823 0
824 5
825 17
826 19
827 10
828 2
829 8
830 16
831 5
832 3
833 6
834 0
835 3
836 16
837 23
838 6
839 1
840 0
841 0
842 4
843 8
844 9
845 2
846 18
847 4
848 17
849 105
850 1
851 5
852 8
853 1
854 0
855 16
856 10
857 3
858 8
859 1
860 9
861 13
862 1
863 11
864 13
865 8
866 5
867 25
868 3
869 8
870 1
871 7
872 9
873 2
874 21
875 6
876 0
877 7
878 12
879 13
880 0
881 2
882 0
883 11
884 2
885 3
886 6
887 9
888 3
889 3
890 10
891 2
892 1
893 12
894 6
895 1
896 9
897 0
898 12
899 10
900 3
901 6
902 3
903 13
904 0
905 1
906 1
907 18
908 10
909 0
910 0
911 2
912 10
913 1
914 4
915 18
916 2
917 5
918 2
919 10
920 0
921 13
922 4
923 15
924 13
925 3
926 1
927 2
928 5
929 20
930 9
931 6
932 3
933 1
934 17
935 0
936 1
937 0
938 15
939 4
940 8
941 17
942 12
943 0
944 0
945 25
946 11
947 7
948 11
949 6
950 3
951 0
952 0
953 0
954 6
955 6
956 38
957 7
958 5
959 17
960 11
961 3
962 0
963 2
964 7
965 2
966 19
967 1
968 13
969 7
970 10
971 4
972 2
973 0
974 3
975 12
976 6
977 6
978 1
979 0
980 3
981 0
982 0
983 0
984 6
985 5
986 5
987 6
988 11
989 0
990 14
991 1
992 10
993 2
994 11
995 0
996 6
997 13
998 5
999 6
1000 1
1001 26
1002 40
1003 0
1004 15
1005 1
1006 23
1007 4
1008 26
1009 25
1010 26
1011 0
1012 23
1013 5
1014 24
1015 4
1016 7
1017 8
1018 0
1019 6
1020 1
1021 1
1022 8
1023 0
1024 2
1025 0
1026 9
1027 4
1028 4
1029 2
1030 7
1031 3
1032 11
1033 4
1034 8
1035 2
1036 2
1037 6
1038 9
1039 3
1040 1
1041 1
1042 4
1043 9
1044 2
1045 8
1046 2
1047 2
1048 7
1049 0
1050 0
1051 5
1052 4
1053 24
1054 19
1055 0
1056 2
1057 0
1058 20
1059 5
1060 0
1061 9
1062 7
1063 0
1064 8
1065 0
1066 1
1067 4
1068 6
1069 14
1070 0
1071 3
1072 2
1073 4
1074 2
1075 6
1076 1
1077 11
1078 5
1079 2
1080 8
1081 2
1082 35
1083 8
1084 4
1085 0
1086 0
1087 1
1088 0
1089 0
1090 14
1091 14
1092 4
1093 17
1094 12
1095 2
1096 6
1097 19
1098 15
1099 39
1100 1
1101 3
1102 3
1103 17
1104 20
1105 13
1106 6
1107 2
1108 7
1109 3
1110 6
1111 8
1112 4
1113 4
1114 20
1115 6
1116 5
1117 12
1118 1
1119 0
1120 0
1121 0
1122 1
1123 6
1124 2
1125 1
1126 7
1127 2
1128 4
1129 4
1130 10
1131 25
1132 0
1133 0
1134 4
1135 4
1136 0
1137 20
1138 7
1139 11
1140 0
1141 0
1142 5
1143 0
1144 31
1145 0
1146 6
1147 4
1148 2
1149 1
1150 1
1151 10
1152 12
1153 0
1154 12
1155 9
1156 7
1157 0
1158 2
1159 39
1160 1
1161 8
1162 0
1163 4
1164 0
1165 1
1166 5
1167 15
1168 3
1169 3
1170 7
1171 4
1172 40
1173 4
1174 1
1175 16
1176 0
1177 24
1178 3
1179 10
1180 3
1181 27
1182 10
1183 3
1184 42
1185 1
1186 4
1187 16
1188 6
1189 9
1190 5
1191 13
1192 7
1193 39
1194 5
1195 0
1196 3
1197 1
1198 4
1199 2
1200 8
1201 15
1202 2
1203 3
1204 4
1205 0
1206 2
1207 5
1208 9
1209 6
1210 7
1211 4
1212 1
1213 0
1214 0
1215 6
1216 3
1217 13
1218 6
1219 29
1220 0
1221 1
1222 34
1223 8
1224 3
1225 0
1226 2
1227 1
1228 1
1229 2
1230 3
1231 5
1232 15
1233 21
1234 0
1235 0
1236 2
1237 18
1238 3
1239 19
1240 0
1241 2
1242 8
1243 1
1244 8
1245 4
1246 1
1247 5
1248 5
1249 2
1250 28
1251 3
1252 2
1253 12
1254 2
1255 7
1256 4
1257 5
1258 5
1259 4
1260 14
1261 44
1262 3
1263 13
1264 11
1265 10
1266 15
1267 7
1268 5
1269 3
1270 6
1271 1
1272 10
1273 16
1274 2
1275 7
1276 0
1277 7
1278 18
1279 1
1280 4
1281 28
1282 1
1283 3
1284 4
1285 4
1286 16
1287 5
1288 2
1289 0
1290 1
1291 7
1292 5
1293 9
1294 8
1295 14
1296 21
1297 8
1298 9
1299 1
1300 34
1301 4
1302 2
1303 14
1304 0
1305 0
1306 0
1307 7
1308 2
1309 2
1310 6
1311 3
1312 2
1313 8
1314 18
1315 3
1316 0
1317 16
1318 30
1319 7
1320 6
1321 19
1322 1
1323 3
1324 1
1325 5
1326 13
1327 5
1328 5
1329 8
1330 12
1331 0
1332 5
1333 2
1334 8
1335 10
1336 16
1337 0
1338 5
1339 12
1340 3
1341 2
1342 0
1343 0
1344 6
1345 1
1346 3
1347 7
1348 0
1349 2
1350 5
1351 0
1352 3
1353 5
1354 0
1355 87
1356 12
1357 7
1358 0
1359 18
1360 8
1361 0
1362 4
1363 12
1364 5
1365 0
1366 3
1367 9
1368 51
1369 33
1370 13
1371 4
1372 9
1373 5
1374 2
1375 1
1376 9
1377 2
1378 0
1379 8
1380 6
1381 10
1382 1
1383 41
1384 6
1385 2
1386 1
1387 2
1388 4
1389 2
1390 1
1391 0
1392 0
1393 4
1394 10
1395 0
1396 2
1397 5
1398 0
1399 6
1400 5
1401 3
1402 37
1403 0
1404 2
1405 5
1406 3
1407 0
1408 0
1409 17
1410 6
1411 0
1412 8
1413 7
1414 24
1415 3
1416 1
1417 1
1418 3
1419 6
1420 0
1421 2
1422 13
1423 10
1424 0
1425 1
1426 0
1427 1
1428 5
1429 4
1430 4
1431 0
1432 2
1433 3
1434 0
1435 2
1436 10
1437 14
1438 1
1439 0
1440 0
1441 0
1442 0
1443 6
1444 19
1445 3
1446 2
1447 3
1448 4
1449 12
1450 15
1451 0
1452 10
1453 3
1454 4
1455 4
1456 3
1457 0
1458 9
1459 4
1460 22
1461 0
1462 3
1463 0
1464 0
1465 7
1466 2
1467 23
1468 5
1469 5
1470 7
1471 8
1472 9
1473 2
1474 12
1475 4
1476 12
1477 2
1478 0
1479 23
1480 6
1481 6
1482 7
1483 4
1484 15
1485 9
1486 3
1487 3
1488 2
1489 4
1490 4
1491 16
1492 21
1493 0
1494 1
1495 21
1496 7
1497 4
1498 1
1499 1
1500 1
1501 4
1502 0
1503 1
1504 3
1505 10
1506 7
1507 3
1508 31
1509 2
1510 6
1511 5
1512 7
1513 0
1514 2
1515 0
1516 6
1517 5
1518 0
1519 0
1520 4
1521 5
1522 14
1523 26
1524 5
1525 6
1526 0
1527 0
1528 18
1529 3
1530 18
1531 2
1532 0
1533 4
1534 0
1535 26
1536 4
1537 14
1538 3
1539 0
1540 3
1541 0
1542 0
1543 0
1544 18
1545 7
1546 0
1547 2
1548 1
1549 2
1550 4
1551 1
1552 3
1553 1
1554 1
1555 6
1556 4
1557 7
1558 12
1559 14
1560 4
1561 2
1562 38
1563 1
1564 11
1565 2
1566 28
1567 3
1568 1
1569 0
1570 0
1571 7
1572 31
1573 3
1574 14
1575 11
1576 0
1577 5
1578 4
1579 38
1580 8
1581 11
1582 1
1583 15
1584 21
1585 0
1586 0
1587 7
1588 2
1589 6
1590 18
1591 9
1592 16
1593 10
1594 25
1595 12
1596 13
1597 9
