1 5
2 0
3 27
4 10
5 19
6 4
7 14
8 6
9 10
10 0
11 0
12 8
13 11
14 12
15 3
16 8
17 8
18 21
19 7
20 0
21 13
22 0
23 1
24 14
25 4
26 9
27 13
28 1
29 8
30 0
31 15
32 7
33 0
34 6
35 7
36 15
37 10
38 3
39 5
40 5
41 0
42 10
43 9
44 1
45 6
46 7
47 0
48 18
49 5
50 4
51 6
52 1
53 11
54 3
55 0
56 7
57 1
58 13
59 10
60 33
61 42
62 11
63 14
64 0
65 14
66 3
67 1
68 0
69 2
70 4
71 0
72 6
73 35
74 12
75 24
76 25
77 41
78 1
79 16
80 9
81 15
82 0
83 18
84 6
85 1
86 2
87 3
88 4
89 8
90 2
91 3
92 1
93 11
94 13
95 21
96 10
97 6
98 10
99 3
100 2
101 1
102 1
103 16
104 0
105 1
106 7
107 6
108 16
109 9
110 1
111 0
112 9
113 16
114 3
115 1
116 8
117 11
118 11
119 3
120 19
121 1
122 1
123 13
124 28
125 5
126 16
127 2
128 14
129 0
130 0
131 3
132 6
133 3
134 8
135 1
136 2
137 2
138 17
139 0
140 8
141 3
142 2
143 0
144 4
145 15
146 0
147 24
148 15
149 10
150 0
151 13
152 0
153 0
154 12
155 1
156 1
157 0
158 3
159 5
160 5
161 0
162 1
163 27
164 4
165 13
166 11
167 2
168 5
169 36
170 0
171 1
172 5
173 2
174 9
175 14
176 9
177 10
178 1
179 2
180 12
181 4
182 4
183 5
184 3
185 6
186 1
187 1
188 16
189 2
190 0
191 10
192 0
193 5
194 2
195 12
196 0
197 1
198 7
199 0
200 11
201 1
202 3
203 8
204 2
205 2
206 5
207 29
208 18
209 15
210 0
211 3
212 2
213 0
214 10
215 1
216 5
217 17
218 89
219 2
220 19
221 0
222 12
223 0
224 1
225 10
226 20
227 2
228 8
229 1
230 12
231 1
232 11
233 19
234 0
235 0
236 5
237 15
238 6
239 3
240 15
241 4
242 0
243 13
244 0
245 1
246 24
247 26
248 16
249 1
250 11
251 1
252 0
253 0
254 16
255 0
256 2
257 10
258 4
259 3
260 35
261 5
262 0
263 7
264 0
265 6
266 0
267 0
268 0
269 0
270 0
271 1
272 5
273 0
274 0
275 29
276 14
277 0
278 0
279 5
280 4
281 1
282 0
283 2
284 0
285 3
286 13
287 27
288 2
289 0
290 4
291 9
292 0
293 17
294 0
295 20
296 3
297 0
298 0
299 4
300 1
301 0
302 23
303 2
304 0
305 6
306 2
307 17
308 26
309 7
310 1
311 13
312 0
313 8
314 13
315 8
316 7
317 0
318 8
319 2
320 2
321 12
322 2
323 14
324 5
325 6
326 0
327 2
328 18
329 2
330 7
331 9
332 4
333 9
334 7
335 4
336 6
337 3
338 3
339 15
340 2
341 5
342 23
343 6
344 13
345 7
346 31
347 13
348 3
349 0
350 0
351 23
352 10
353 2
354 1
355 25
356 4
357 0
358 6
359 7
360 0
361 4
362 8
363 0
364 0
365 4
366 0
367 2
368 6
369 0
370 1
371 12
372 2
373 1
374 6
375 3
376 17
377 7
378 6
379 2
380 6
381 0
382 0
383 0
384 0
385 2
386 0
387 9
388 2
389 20
390 1
391 35
392 10
393 0
394 0
395 6
396 0
397 3
398 18
399 0
400 8
401 19
402 10
403 2
404 3
405 4
406 28
407 6
408 1
409 3
410 0
411 4
412 4
413 4
414 1
415 19
416 25
417 2
418 12
419 14
420 8
421 4
422 30
423 1
424 5
425 4
426 7
427 7
428 6
429 0
430 1
431 2
432 8
433 30
434 1
435 4
436 4
437 0
438 6
439 2
440 12
441 19
442 0
443 12
444 0
445 0
446 3
447 9
448 18
449 1
450 6
451 8
452 2
453 2
454 17
455 12
456 3
457 5
458 4
459 11
460 23
461 5
462 29
463 6
464 24
465 10
466 10
467 0
468 9
469 0
470 35
471 48
472 2
473 11
474 0
475 2
476 8
477 0
478 5
479 1
480 0
481 6
482 18
483 0
484 3
485 6
486 5
487 6
488 1
489 4
490 1
491 5
492 4
493 11
494 0
495 1
496 11
497 1
498 78
499 14
500 3
501 3
502 0
503 2
504 1
505 27
506 5
507 2
508 7
509 1
510 0
511 7
512 5
513 30
514 1
515 8
516 0
517 0
518 4
519 6
520 3
521 29
522 42
523 11
524 0
525 6
526 0
527 7
528 1
529 0
530 7
531 1
532 0
533 25
534 0
535 0
536 4
537 9
538 26
539 1
540 12
541 41
542 6
543 9
544 14
545 4
546 3
547 9
548 3
549 26
550 43
551 2
552 12
553 9
554 20
555 2
556 30
557 0
558 5
559 18
560 4
561 31
562 9
563 5
564 4
565 7
566 10
567 6
568 4
569 79
570 5
571 20
572 7
573 21
574 13
575 0
576 2
577 6
578 1
579 5
580 5
581 11
582 3
583 40
584 17
585 29
586 11
587 0
588 0
589 8
590 1
591 4
592 9
593 3
594 6
595 5
596 10
597 17
598 0
599 2
600 3
601 3
602 2
603 2
604 1
605 7
606 6
607 3
608 6
609 0
610 3
611 18
612 0
613 0
614 40
615 7
616 17
617 10
618 1
619 1
620 0
621 53
622 0
623 20
624 4
625 0
626 7
627 38
628 4
629 5
630 8
631 0
632 10
633 3
634 4
635 11
636 0
637 8
638 15
639 0
640 0
641 15
642 4
643 14
644 0
645 11
646 4
647 11
648 1
649 6
650 1
651 4
652 16
653 0
654 9
655 7
656 2
657 6
658 13
659 3
660 13
661 13
662 2
663 10
664 2
665 3
666 0
667 19
668 7
669 45
670 6
671 6
672 19
673 12
674 1
675 0
676 4
677 8
678 44
679 1
680 7
681 11
682 1
683 0
684 9
685 4
686 4
687 0
688 7
689 8
690 0
691 3
692 8
693 0
694 4
695 8
696 21
697 20
698 12
699 0
700 0
701 4
702 4
703 22
704 53
705 2
706 31
707 0
708 1
709 17
710 5
711 12
712 0
713 6
714 0
715 17
716 17
717 0
718 0
719 0
720 7
721 4
722 0
723 24
724 3
725 2
726 5
727 2
728 2
729 16
730 7
731 0
732 0
733 3
734 27
735 0
736 5
737 4
738 2
739 10
740 4
741 0
742 7
743 2
744 20
745 9
746 1
747 6
748 8
749 25
750 9
751 5
752 2
753 5
754 5
755 15
756 7
757 1
758 11
759 0
760 1
761 9
762 2
763 12
764 3
765 4
766 7
767 0
768 22
769 0
770 0
771 0
772 8
773 0
774 0
775 8
776 0
777 0
778 4
779 15
780 1
781 0
782 0
783 0
784 4
785 0
786 13
787 0
788 5
789 10
790 13
791 38
792 0
793 12
794 0
795 13
796 26
797 6
798 4
799 1
800 1
801 0
802 12
803 2
804 14
805 1
806 13
807 0
808 2
809 1
810 0
811 6
812 0
813 0
814 4
815 17
816 1
817 7
818 4
819 14
820 13
821 0
822 3
823 4
824 0
825 4
826 9
827 1
828 2
829 10
830 9
831 3
832 15
833 15
834 0
835 14
836 3
837 4
838 6
839 7
840 0
841 0
842 1
843 0
844 7
845 2
846 12
847 2
848 11
849 19
850 7
851 8
852 2
853 4
854 0
855 4
856 18
857 6
858 1
859 0
860 0
861 4
862 1
863 12
864 4
865 7
866 4
867 14
868 1
869 1
870 10
871 15
872 12
873 5
874 45
875 2
876 0
877 2
878 33
879 4
880 1
881 1
882 2
883 3
884 10
885 1
886 14
887 19
888 0
889 0
890 0
891 5
892 0
893 4
894 1
895 11
896 0
897 2
898 9
899 6
900 3
901 3
902 8
903 0
904 2
905 0
906 5
907 1
908 32
909 3
910 0
911 9
912 1
913 4
914 0
915 5
916 24
917 1
918 2
919 15
920 6
921 3
922 5
923 7
924 7
925 15
926 1
927 10
928 9
929 3
930 16
931 13
932 0
933 8
934 0
935 2
936 23
937 0
938 26
939 12
940 3
941 1
942 4
943 1
944 1
945 11
946 1
947 8
948 1
949 9
950 2
951 0
952 5
953 2
954 0
955 0
956 35
957 5
958 11
959 7
960 12
961 2
962 0
963 1
964 4
965 4
966 15
967 5
968 52
969 0
970 12
971 2
972 1
973 1
974 17
975 3
976 18
977 26
978 2
979 0
980 0
981 2
982 0
983 1
984 0
985 20
986 9
987 2
988 30
989 0
990 16
991 15
992 15
993 3
994 6
995 13
996 9
997 13
998 18
999 0
1000 6
1001 5
1002 17
1003 9
1004 20
1005 0
1006 16
1007 0
1008 25
1009 10
1010 3
1011 6
1012 15
1013 4
1014 21
1015 9
1016 12
1017 0
1018 2
1019 5
1020 1
1021 6
1022 1
1023 1
1024 0
1025 0
1026 1
1027 6
1028 3
1029 12
1030 0
1031 6
1032 15
1033 3
1034 36
1035 30
1036 5
1037 6
1038 7
1039 30
1040 3
1041 0
1042 6
1043 0
1044 8
1045 8
1046 1
1047 1
1048 9
1049 0
1050 2
1051 2
1052 1
1053 16
1054 9
1055 4
1056 0
1057 0
1058 2
1059 6
1060 0
1061 5
1062 0
1063 29
1064 20
1065 0
1066 1
1067 5
1068 7
1069 2
1070 0
1071 15
1072 0
1073 15
1074 3
1075 5
1076 3
1077 11
1078 72
1079 3
1080 3
1081 6
1082 24
1083 28
1084 3
1085 0
1086 2
1087 16
1088 1
1089 5
1090 16
1091 3
1092 0
1093 0
1094 7
1095 0
1096 8
1097 7
1098 24
1099 10
1100 1
1101 4
1102 0
1103 8
1104 9
1105 8
1106 36
1107 8
1108 11
1109 0
1110 0
1111 13
1112 0
1113 0
1114 0
1115 9
1116 0
1117 6
1118 0
1119 1
1120 6
1121 1
1122 3
1123 1
1124 5
1125 1
1126 27
1127 1
1128 24
1129 0
1130 14
1131 13
1132 0
1133 5
1134 0
1135 3
1136 1
1137 8
1138 1
1139 0
1140 0
1141 1
1142 6
1143 2
1144 9
1145 7
1146 8
1147 6
1148 1
1149 4
1150 10
1151 2
1152 17
1153 0
1154 5
1155 0
1156 36
1157 4
1158 0
1159 13
1160 0
1161 11
1162 0
1163 4
1164 5
1165 2
1166 8
1167 2
1168 6
1169 0
1170 10
1171 5
1172 5
1173 0
1174 27
1175 16
1176 1
1177 24
1178 11
1179 12
1180 0
1181 8
1182 2
1183 5
1184 0
1185 0
1186 0
1187 2
1188 0
1189 2
1190 0
1191 8
1192 18
1193 5
1194 2
1195 0
1196 4
1197 5
1198 0
1199 51
1200 3
1201 15
1202 0
1203 0
1204 8
1205 5
1206 1
1207 0
1208 22
1209 0
1210 8
1211 0
1212 0
1213 4
1214 1
1215 1
1216 12
1217 16
1218 3
1219 7
1220 0
1221 2
1222 18
1223 11
1224 11
1225 1
1226 10
1227 0
1228 0
1229 0
1230 1
1231 51
1232 1
1233 11
1234 8
1235 0
1236 2
1237 1
1238 11
1239 18
1240 0
1241 2
1242 7
1243 1
1244 4
1245 5
1246 0
1247 14
1248 11
1249 1
1250 6
1251 5
1252 0
1253 5
1254 0
1255 1
1256 5
1257 2
1258 3
1259 5
1260 9
1261 26
1262 1
1263 9
1264 3
1265 19
1266 12
1267 17
1268 1
1269 0
1270 0
1271 0
1272 3
1273 4
1274 0
1275 20
1276 0
1277 2
1278 5
1279 0
1280 1
1281 11
1282 0
1283 12
1284 6
1285 0
1286 16
1287 1
1288 0
1289 10
1290 0
1291 4
1292 38
1293 3
1294 0
1295 12
1296 2
1297 27
1298 35
1299 3
1300 34
1301 0
1302 2
1303 15
1304 0
1305 0
1306 2
1307 13
1308 2
1309 0
1310 16
1311 8
1312 21
1313 0
1314 3
1315 17
1316 0
1317 0
1318 5
1319 2
1320 10
1321 17
1322 5
1323 3
1324 6
1325 5
1326 7
1327 1
1328 4
1329 2
1330 0
1331 0
1332 0
1333 8
1334 17
1335 33
1336 2
1337 0
1338 6
1339 8
1340 0
1341 2
1342 10
1343 1
1344 15
1345 4
1346 2
1347 1
1348 2
1349 17
1350 12
1351 29
1352 12
1353 7
1354 0
1355 23
1356 2
1357 10
1358 0
1359 10
1360 1
1361 2
1362 13
1363 2
1364 14
1365 0
1366 2
1367 2
1368 19
1369 11
1370 10
1371 12
1372 0
1373 0
1374 3
1375 1
1376 3
1377 1
1378 4
1379 25
1380 0
1381 46
1382 2
1383 12
1384 1
1385 0
1386 17
1387 0
1388 24
1389 0
1390 1
1391 2
1392 1
1393 0
1394 7
1395 11
1396 10
1397 13
1398 0
1399 0
1400 48
1401 0
1402 1
1403 1
1404 9
1405 1
1406 0
1407 31
1408 0
1409 6
1410 11
1411 0
1412 2
1413 6
1414 6
1415 10
1416 0
1417 0
1418 6
1419 1
1420 0
1421 0
1422 2
1423 8
1424 0
1425 7
1426 4
1427 3
1428 25
1429 0
1430 26
1431 3
1432 8
1433 4
1434 0
1435 5
1436 17
1437 3
1438 3
1439 1
1440 7
1441 3
1442 0
1443 11
1444 0
1445 8
1446 3
1447 9
1448 19
1449 6
1450 9
1451 0
1452 3
1453 13
1454 5
1455 14
1456 2
1457 4
1458 18
1459 48
1460 7
1461 0
1462 1
1463 1
1464 4
1465 25
1466 15
1467 22
1468 7
1469 5
1470 14
1471 5
1472 29
1473 2
1474 12
1475 7
1476 29
1477 7
1478 1
1479 8
1480 2
1481 13
1482 7
1483 0
1484 4
1485 14
1486 2
1487 19
1488 0
1489 0
1490 14
1491 1
1492 0
1493 0
1494 0
1495 1
1496 5
1497 0
1498 10
1499 0
1500 0
1501 0
1502 0
1503 0
1504 13
1505 1
1506 9
1507 40
1508 14
1509 4
1510 3
1511 6
1512 13
1513 1
1514 4
1515 0
1516 0
1517 2
1518 3
1519 2
1520 3
1521 11
1522 30
1523 21
1524 0
1525 5
1526 4
1527 7
1528 2
1529 7
1530 3
1531 1
1532 2
1533 3
1534 0
1535 22
1536 13
1537 52
1538 1
1539 2
1540 0
1541 0
1542 2
1543 0
1544 4
1545 1
1546 1
1547 2
1548 1
1549 4
1550 1
1551 2
1552 1
1553 0
1554 11
1555 3
1556 2
1557 1
1558 0
1559 1
1560 3
1561 1
1562 25
1563 2
1564 3
1565 0
1566 6
1567 0
1568 1
1569 10
1570 2
1571 122
1572 14
1573 1
1574 13
1575 15
1576 0
1577 10
1578 22
1579 1
1580 2
1581 15
1582 3
1583 9
1584 0
1585 24
1586 0
1587 2
1588 6
1589 1
1590 3
1591 0
1592 14
1593 4
1594 7
1595 1
1596 10
1597 0
