1 0
2 1
3 6
4 7
5 18
6 11
7 0
8 0
9 4
10 0
11 0
12 2
13 0
14 0
15 6
16 29
17 8
18 18
19 0
20 6
21 5
22 11
23 8
24 18
25 67
26 23
27 8
28 0
29 5
30 0
31 4
32 35
33 0
34 11
35 11
36 14
37 31
38 12
39 20
40 6
41 11
42 21
43 52
44 0
45 15
46 1
47 0
48 8
49 7
50 28
51 34
52 0
53 14
54 12
55 0
56 15
57 0
58 24
59 12
60 33
61 34
62 43
63 15
64 12
65 48
66 9
67 3
68 11
69 7
70 4
71 1
72 48
73 43
74 16
75 15
76 7
77 40
78 0
79 14
80 5
81 82
82 25
83 8
84 22
85 11
86 12
87 0
88 0
89 4
90 27
91 5
92 0
93 25
94 6
95 1
96 4
97 7
98 3
99 4
100 14
101 4
102 2
103 25
104 0
105 6
106 4
107 3
108 7
109 10
110 0
111 0
112 22
113 7
114 4
115 11
116 7
117 12
118 10
119 1
120 11
121 6
122 1
123 24
124 16
125 1
126 12
127 4
128 17
129 9
130 18
131 9
132 7
133 5
134 12
135 4
136 25
137 25
138 11
139 32
140 4
141 25
142 0
143 2
144 7
145 35
146 8
147 12
148 10
149 7
150 1
151 25
152 0
153 3
154 3
155 0
156 0
157 2
158 12
159 7
160 1
161 1
162 3
163 17
164 0
165 8
166 16
167 5
168 20
169 1
170 0
171 2
172 3
173 4
174 1
175 10
176 2
177 10
178 3
179 23
180 22
181 21
182 2
183 1
184 3
185 8
186 0
187 0
188 27
189 0
190 0
191 9
192 0
193 4
194 3
195 4
196 6
197 0
198 1
199 2
200 10
201 1
202 3
203 3
204 3
205 0
206 18
207 3
208 13
209 18
210 2
211 7
212 2
213 1
214 6
215 9
216 1
217 19
218 9
219 29
220 25
221 8
222 34
223 0
224 1
225 20
226 0
227 2
228 10
229 0
230 2
231 15
232 10
233 30
234 0
235 3
236 16
237 12
238 10
239 13
240 8
241 3
242 3
243 23
244 3
245 3
246 10
247 2
248 15
249 3
250 9
251 1
252 4
253 0
254 2
255 18
256 15
257 27
258 12
259 4
260 14
261 0
262 1
263 101
264 0
265 16
266 1
267 24
268 0
269 1
270 0
271 17
272 8
273 28
274 11
275 48
276 0
277 3
278 4
279 1
280 0
281 11
282 6
283 5
284 5
285 7
286 0
287 5
288 4
289 0
290 10
291 4
292 0
293 23
294 0
295 11
296 6
297 2
298 9
299 9
300 0
301 0
302 4
303 22
304 0
305 20
306 2
307 22
308 34
309 22
310 0
311 11
312 10
313 36
314 8
315 15
316 34
317 0
318 14
319 2
320 6
321 13
322 1
323 30
324 33
325 6
326 0
327 3
328 20
329 0
330 4
331 11
332 3
333 13
334 5
335 16
336 7
337 3
338 15
339 9
340 3
341 12
342 20
343 18
344 45
345 20
346 19
347 1
348 1
349 1
350 2
351 40
352 11
353 19
354 2
355 22
356 10
357 3
358 30
359 8
360 0
361 6
362 6
363 18
364 26
365 1
366 1
367 4
368 0
369 2
370 4
371 4
372 0
373 0
374 0
375 1
376 7
377 20
378 13
379 6
380 9
381 4
382 0
383 0
384 4
385 3
386 23
387 11
388 2
389 14
390 0
391 5
392 19
393 0
394 2
395 20
396 0
397 7
398 20
399 0
400 21
401 5
402 1
403 15
404 2
405 2
406 23
407 4
408 4
409 5
410 3
411 14
412 0
413 15
414 5
415 25
416 4
417 0
418 17
419 24
420 13
421 24
422 13
423 2
424 6
425 7
426 3
427 12
428 7
429 0
430 1
431 12
432 11
433 12
434 3
435 5
436 5
437 3
438 3
439 5
440 23
441 6
442 3
443 6
444 2
445 0
446 7
447 3
448 0
449 20
450 1
451 4
452 4
453 17
454 13
455 7
456 9
457 26
458 0
459 17
460 11
461 5
462 11
463 18
464 12
465 2
466 5
467 1
468 3
469 0
470 17
471 20
472 34
473 15
474 12
475 4
476 3
477 11
478 1
479 7
480 7
481 4
482 5
483 0
484 2
485 12
486 6
487 1
488 2
489 5
490 0
491 9
492 12
493 3
494 1
495 4
496 2
497 6
498 20
499 5
500 7
501 16
502 5
503 3
504 0
505 2
506 9
507 10
508 16
509 0
510 4
511 2
512 2
513 15
514 0
515 30
516 3
517 3
518 0
519 8
520 6
521 8
522 0
523 6
524 1
525 18
526 1
527 15
528 0
529 0
530 13
531 3
532 21
533 5
534 0
535 0
536 1
537 12
538 8
539 16
540 4
541 3
542 2
543 14
544 9
545 10
546 9
547 6
548 5
549 27
550 7
551 1
552 1
553 34
554 29
555 6
556 42
557 4
558 27
559 83
560 22
561 3
562 14
563 1
564 1
565 17
566 10
567 20
568 12
569 9
570 4
571 17
572 23
573 37
574 23
575 4
576 1
577 0
578 6
579 8
580 11
581 13
582 1
583 2
584 8
585 3
586 4
587 0
588 2
589 2
590 9
591 26
592 2
593 13
594 0
595 11
596 16
597 25
598 3
599 0
600 21
601 0
602 2
603 3
604 8
605 36
606 9
607 23
608 7
609 2
610 1
611 12
612 0
613 0
614 19
615 67
616 17
617 17
618 5
619 12
620 5
621 8
622 13
623 14
624 19
625 0
626 16
627 40
628 10
629 9
630 17
631 4
632 8
633 16
634 7
635 3
636 1
637 7
638 17
639 5
640 0
641 22
642 16
643 16
644 0
645 16
646 6
647 5
648 4
649 4
650 2
651 20
652 0
653 4
654 9
655 8
656 10
657 3
658 11
659 5
660 11
661 9
662 8
663 6
664 5
665 5
666 4
667 30
668 15
669 20
670 0
671 5
672 10
673 9
674 7
675 1
676 16
677 12
678 5
679 4
680 6
681 15
682 19
683 8
684 32
685 13
686 71
687 5
688 21
689 15
690 6
691 1
692 20
693 0
694 8
695 1
696 7
697 14
698 4
699 7
700 2
701 3
702 6
703 36
704 68
705 1
706 8
707 1
708 1
709 3
710 6
711 28
712 0
713 6
714 0
715 10
716 67
717 2
718 6
719 4
720 0
721 0
722 4
723 26
724 5
725 1
726 8
727 6
728 1
729 4
730 11
731 3
732 12
733 5
734 33
735 1
736 8
737 22
738 10
739 20
740 3
741 0
742 7
743 3
744 31
745 2
746 1
747 4
748 1
749 18
750 11
751 9
752 5
753 1
754 35
755 12
756 12
757 5
758 6
759 16
760 0
761 30
762 0
763 16
764 2
765 6
766 17
767 0
768 14
769 6
770 6
771 0
772 1
773 1
774 0
775 18
776 0
777 4
778 12
779 19
780 12
781 0
782 2
783 0
784 15
785 2
786 62
787 12
788 19
789 9
790 0
791 5
792 0
793 7
794 0
795 19
796 17
797 26
798 9
799 1
800 5
801 0
802 9
803 36
804 23
805 7
806 12
807 1
808 1
809 12
810 2
811 20
812 12
813 0
814 14
815 19
816 7
817 14
818 30
819 22
820 41
821 0
822 7
823 2
824 2
825 26
826 11
827 3
828 2
829 17
830 26
831 23
832 26
833 3
834 4
835 21
836 32
837 14
838 24
839 18
840 21
841 4
842 10
843 7
844 6
845 1
846 6
847 17
848 30
849 20
850 6
851 10
852 9
853 4
854 11
855 12
856 33
857 4
858 1
859 6
860 1
861 30
862 2
863 14
864 0
865 10
866 3
867 41
868 5
869 6
870 7
871 26
872 5
873 7
874 22
875 1
876 5
877 0
878 28
879 9
880 1
881 5
882 3
883 10
884 10
885 0
886 9
887 11
888 11
889 0
890 6
891 0
892 3
893 21
894 2
895 3
896 9
897 4
898 1
899 3
900 4
901 9
902 7
903 0
904 4
905 2
906 1
907 1
908 1
909 0
910 0
911 3
912 9
913 10
914 0
915 11
916 13
917 9
918 2
919 7
920 1
921 8
922 0
923 2
924 9
925 24
926 0
927 15
928 7
929 10
930 0
931 21
932 4
933 0
934 2
935 2
936 10
937 0
938 9
939 2
940 0
941 14
942 0
943 5
944 1
945 0
946 0
947 11
948 0
949 6
950 1
951 0
952 1
953 0
954 7
955 2
956 34
957 13
958 7
959 14
960 4
961 1
962 4
963 0
964 12
965 1
966 2
967 5
968 10
969 0
970 17
971 7
972 24
973 1
974 14
975 6
976 11
977 23
978 7
979 0
980 0
981 6
982 0
983 0
984 1
985 86
986 0
987 8
988 57
989 0
990 19
991 32
992 29
993 2
994 20
995 9
996 11
997 20
998 21
999 5
1000 6
1001 10
1002 37
1003 2
1004 18
1005 3
1006 23
1007 1
1008 24
1009 65
1010 0
1011 9
1012 19
1013 0
1014 28
1015 19
1016 27
1017 39
1018 1
1019 2
1020 1
1021 16
1022 6
1023 0
1024 0
1025 0
1026 0
1027 32
1028 0
1029 5
1030 8
1031 10
1032 15
1033 17
1034 17
1035 5
1036 6
1037 18
1038 2
1039 12
1040 1
1041 5
1042 7
1043 0
1044 6
1045 19
1046 1
1047 8
1048 5
1049 2
1050 0
1051 16
1052 5
1053 4
1054 8
1055 0
1056 1
1057 0
1058 16
1059 11
1060 0
1061 12
1062 0
1063 0
1064 44
1065 2
1066 1
1067 5
1068 4
1069 15
1070 0
1071 12
1072 1
1073 13
1074 3
1075 8
1076 9
1077 4
1078 27
1079 7
1080 16
1081 0
1082 20
1083 19
1084 4
1085 1
1086 0
1087 22
1088 3
1089 1
1090 28
1091 9
1092 0
1093 16
1094 17
1095 17
1096 7
1097 5
1098 11
1099 28
1100 1
1101 2
1102 2
1103 14
1104 45
1105 26
1106 36
1107 3
1108 22
1109 9
1110 3
1111 12
1112 11
1113 6
1114 12
1115 19
1116 1
1117 10
1118 6
1119 0
1120 15
1121 2
1122 0
1123 3
1124 1
1125 1
1126 32
1127 7
1128 0
1129 0
1130 27
1131 39
1132 8
1133 17
1134 2
1135 11
1136 0
1137 10
1138 9
1139 1
1140 4
1141 1
1142 5
1143 2
1144 6
1145 1
1146 7
1147 5
1148 9
1149 32
1150 8
1151 6
1152 16
1153 0
1154 8
1155 5
1156 5
1157 11
1158 9
1159 10
1160 0
1161 15
1162 0
1163 26
1164 12
1165 3
1166 9
1167 1
1168 10
1169 3
1170 4
1171 1
1172 15
1173 13
1174 0
1175 8
1176 0
1177 23
1178 22
1179 21
1180 11
1181 8
1182 4
1183 112
1184 21
1185 2
1186 6
1187 4
1188 2
1189 19
1190 18
1191 20
1192 53
1193 20
1194 6
1195 0
1196 16
1197 2
1198 6
1199 26
1200 41
1201 28
1202 9
1203 2
1204 13
1205 6
1206 2
1207 5
1208 36
1209 0
1210 9
1211 2
1212 16
1213 2
1214 0
1215 0
1216 21
1217 17
1218 6
1219 28
1220 1
1221 12
1222 61
1223 15
1224 17
1225 1
1226 10
1227 2
1228 3
1229 8
1230 50
1231 28
1232 7
1233 21
1234 17
1235 0
1236 9
1237 0
1238 25
1239 15
1240 1
1241 8
1242 22
1243 8
1244 10
1245 2
1246 1
1247 40
1248 3
1249 11
1250 9
1251 2
1252 1
1253 0
1254 8
1255 5
1256 2
1257 2
1258 4
1259 5
1260 10
1261 28
1262 2
1263 17
1264 8
1265 18
1266 9
1267 45
1268 4
1269 0
1270 42
1271 0
1272 10
1273 8
1274 8
1275 38
1276 8
1277 17
1278 19
1279 0
1280 4
1281 25
1282 0
1283 1
1284 0
1285 2
1286 21
1287 0
1288 3
1289 15
1290 14
1291 34
1292 51
1293 13
1294 3
1295 3
1296 4
1297 51
1298 64
1299 3
1300 31
1301 3
1302 42
1303 35
1304 3
1305 1
1306 11
1307 26
1308 3
1309 14
1310 7
1311 26
1312 15
1313 1
1314 12
1315 2
1316 2
1317 0
1318 19
1319 5
1320 47
1321 9
1322 7
1323 4
1324 4
1325 7
1326 8
1327 3
1328 14
1329 7
1330 18
1331 9
1332 0
1333 7
1334 11
1335 34
1336 8
1337 10
1338 13
1339 14
1340 1
1341 9
1342 14
1343 3
1344 20
1345 1
1346 0
1347 10
1348 0
1349 5
1350 17
1351 7
1352 21
1353 9
1354 0
1355 11
1356 9
1357 14
1358 2
1359 22
1360 18
1361 5
1362 0
1363 4
1364 8
1365 4
1366 7
1367 5
1368 20
1369 14
1370 17
1371 34
1372 1
1373 2
1374 36
1375 13
1376 12
1377 3
1378 5
1379 16
1380 3
1381 8
1382 62
1383 24
1384 9
1385 8
1386 26
1387 11
1388 19
1389 0
1390 5
1391 4
1392 1
1393 10
1394 12
1395 31
1396 13
1397 17
1398 3
1399 20
1400 15
1401 5
1402 13
1403 0
1404 22
1405 7
1406 6
1407 23
1408 7
1409 20
1410 6
1411 5
1412 15
1413 2
1414 1
1415 8
1416 0
1417 0
1418 14
1419 21
1420 0
1421 3
1422 20
1423 7
1424 3
1425 25
1426 2
1427 2
1428 0
1429 10
1430 28
1431 20
1432 6
1433 6
1434 10
1435 36
1436 23
1437 2
1438 4
1439 4
1440 2
1441 3
1442 2
1443 10
1444 3
1445 4
1446 2
1447 8
1448 23
1449 8
1450 5
1451 4
1452 20
1453 15
1454 19
1455 9
1456 7
1457 0
1458 6
1459 27
1460 10
1461 3
1462 0
1463 2
1464 2
1465 28
1466 34
1467 55
1468 24
1469 8
1470 24
1471 21
1472 10
1473 7
1474 8
1475 18
1476 36
1477 16
1478 2
1479 18
1480 1
1481 31
1482 11
1483 1
1484 9
1485 2
1486 24
1487 18
1488 0
1489 3
1490 26
1491 1
1492 19
1493 0
1494 5
1495 36
1496 7
1497 3
1498 0
1499 5
1500 1
1501 0
1502 0
1503 0
1504 23
1505 0
1506 4
1507 10
1508 25
1509 1
1510 0
1511 13
1512 3
1513 4
1514 2
1515 0
1516 2
1517 2
1518 2
1519 4
1520 12
1521 8
1522 11
1523 12
1524 1
1525 19
1526 9
1527 0
1528 2
1529 6
1530 1
1531 3
1532 0
1533 0
1534 0
1535 12
1536 10
1537 21
1538 1
1539 9
1540 0
1541 0
1542 0
1543 0
1544 3
1545 0
1546 2
1547 3
1548 3
1549 2
1550 5
1551 4
1552 13
1553 0
1554 15
1555 7
1556 2
1557 1
1558 0
1559 0
1560 0
1561 9
1562 41
1563 5
1564 5
1565 2
1566 10
1567 2
1568 2
1569 1
1570 0
1571 10
1572 6
1573 0
1574 5
1575 2
1576 8
1577 2
1578 6
1579 28
1580 2
1581 11
1582 3
1583 1
1584 4
1585 0
1586 1
1587 1
1588 2
1589 1
1590 3
1591 4
1592 14
1593 14
1594 1
1595 3
1596 43
1597 1
