1 0
2 0
3 8
4 22
5 10
6 7
7 0
8 0
9 21
10 0
11 0
12 2
13 4
14 1
15 4
16 15
17 4
18 7
19 1
20 0
21 0
22 0
23 2
24 17
25 4
26 1
27 0
28 0
29 0
30 0
31 9
32 8
33 11
34 2
35 14
36 5
37 4
38 4
39 5
40 1
41 0
42 1
43 5
44 13
45 1
46 0
47 0
48 8
49 1
50 7
51 37
52 3
53 0
54 6
55 9
56 5
57 2
58 16
59 3
60 5
61 3
62 9
63 0
64 0
65 5
66 16
67 10
68 9
69 3
70 5
71 0
72 3
73 22
74 8
75 5
76 8
77 12
78 1
79 2
80 6
81 2
82 3
83 8
84 8
85 2
86 24
87 4
88 0
89 29
90 21
91 27
92 0
93 56
94 3
95 3
96 29
97 16
98 1
99 24
100 1
101 3
102 5
103 40
104 6
105 0
106 6
107 6
108 1
109 16
110 3
111 0
112 13
113 0
114 4
115 10
116 3
117 29
118 16
119 22
120 6
121 9
122 8
123 5
124 44
125 24
126 8
127 1
128 1
129 0
130 5
131 5
132 8
133 7
134 9
135 24
136 1
137 0
138 10
139 4
140 5
141 11
142 3
143 2
144 4
145 1
146 4
147 7
148 2
149 18
150 0
151 1
152 1
153 4
154 14
155 0
156 0
157 0
158 2
159 13
160 0
161 6
162 1
163 6
164 0
165 2
166 5
167 11
168 5
169 0
170 2
171 1
172 0
173 0
174 1
175 8
176 13
177 1
178 2
179 6
180 7
181 1
182 5
183 1
184 9
185 6
186 4
187 0
188 33
189 0
190 3
191 4
192 10
193 8
194 4
195 2
196 2
197 0
198 2
199 0
200 2
201 7
202 4
203 0
204 6
205 3
206 1
207 2
208 7
209 4
210 2
211 1
212 9
213 0
214 15
215 0
216 0
217 11
218 5
219 8
220 0
221 0
222 1
223 0
224 2
225 8
226 9
227 9
228 5
229 13
230 5
231 16
232 10
233 6
234 0
235 2
236 0
237 0
238 3
239 16
240 19
241 1
242 3
243 16
244 0
245 0
246 3
247 11
248 5
249 5
250 6
251 6
252 5
253 0
254 11
255 7
256 36
257 1
258 11
259 4
260 5
261 4
262 1
263 10
264 1
265 7
266 1
267 8
268 0
269 20
270 0
271 9
272 105
273 0
274 0
275 8
276 0
277 2
278 0
279 14
280 15
281 0
282 4
283 17
284 6
285 2
286 10
287 21
288 9
289 0
290 6
291 14
292 4
293 1
294 2
295 4
296 9
297 0
298 7
299 3
300 6
301 3
302 18
303 5
304 3
305 1
306 0
307 7
308 5
309 11
310 2
311 4
312 8
313 5
314 12
315 4
316 6
317 0
318 18
319 0
320 20
321 1
322 7
323 5
324 7
325 1
326 0
327 10
328 12
329 0
330 1
331 4
332 2
333 2
334 5
335 4
336 3
337 9
338 3
339 4
340 0
341 7
342 7
343 12
344 67
345 19
346 3
347 4
348 3
349 0
350 0
351 19
352 3
353 6
354 0
355 6
356 3
357 0
358 0
359 4
360 14
361 0
362 0
363 0
364 2
365 6
366 0
367 4
368 9
369 14
370 11
371 41
372 2
373 0
374 2
375 1
376 1
377 4
378 6
379 11
380 2
381 14
382 5
383 10
384 1
385 7
386 6
387 27
388 7
389 22
390 14
391 18
392 19
393 17
394 4
395 14
396 3
397 10
398 3
399 0
400 6
401 12
402 10
403 14
404 2
405 3
406 18
407 0
408 0
409 20
410 8
411 35
412 4
413 0
414 2
415 5
416 33
417 0
418 11
419 6
420 6
421 4
422 20
423 1
424 9
425 7
426 12
427 8
428 13
429 5
430 14
431 4
432 3
433 23
434 0
435 0
436 1
437 0
438 0
439 13
440 17
441 8
442 1
443 10
444 1
445 0
446 10
447 1
448 4
449 9
450 3
451 7
452 5
453 16
454 21
455 0
456 6
457 0
458 7
459 10
460 0
461 0
462 11
463 19
464 2
465 1
466 5
467 4
468 3
469 2
470 6
471 24
472 29
473 23
474 22
475 18
476 14
477 10
478 1
479 0
480 2
481 7
482 2
483 4
484 5
485 11
486 2
487 0
488 2
489 0
490 0
491 6
492 4
493 1
494 2
495 0
496 2
497 0
498 9
499 7
500 3
501 5
502 2
503 0
504 0
505 7
506 0
507 32
508 0
509 10
510 0
511 1
512 0
513 6
514 0
515 11
516 1
517 4
518 2
519 4
520 3
521 0
522 7
523 7
524 1
525 3
526 2
527 2
528 1
529 0
530 10
531 12
532 2
533 17
534 0
535 0
536 6
537 4
538 16
539 21
540 17
541 12
542 0
543 7
544 9
545 1
546 2
547 2
548 0
549 7
550 2
551 11
552 1
553 6
554 8
555 4
556 17
557 3
558 20
559 28
560 11
561 20
562 58
563 17
564 0
565 12
566 4
567 2
568 4
569 11
570 0
571 12
572 42
573 70
574 16
575 6
576 3
577 2
578 3
579 22
580 12
581 6
582 9
583 2
584 9
585 4
586 7
587 14
588 7
589 2
590 2
591 2
592 3
593 2
594 3
595 22
596 12
597 4
598 11
599 1
600 3
601 4
602 5
603 0
604 2
605 24
606 5
607 4
608 4
609 0
610 15
611 17
612 0
613 4
614 13
615 56
616 13
617 5
618 2
619 0
620 0
621 2
622 2
623 15
624 3
625 4
626 5
627 3
628 4
629 0
630 10
631 10
632 0
633 6
634 13
635 19
636 2
637 0
638 3
639 3
640 0
641 6
642 10
643 18
644 0
645 8
646 5
647 4
648 1
649 3
650 10
651 9
652 5
653 2
654 16
655 3
656 10
657 0
658 5
659 10
660 10
661 16
662 2
663 14
664 2
665 26
666 1
667 0
668 3
669 8
670 5
671 1
672 8
673 5
674 3
675 1
676 15
677 0
678 5
679 2
680 2
681 12
682 9
683 7
684 9
685 22
686 7
687 8
688 6
689 10
690 3
691 0
692 2
693 14
694 3
695 0
696 6
697 10
698 20
699 0
700 5
701 10
702 1
703 26
704 17
705 11
706 9
707 2
708 0
709 5
710 17
711 29
712 0
713 0
714 20
715 15
716 1
717 5
718 6
719 6
720 0
721 0
722 26
723 16
724 5
725 4
726 3
727 1
728 0
729 9
730 2
731 0
732 9
733 21
734 17
735 1
736 7
737 21
738 7
739 20
740 0
741 17
742 19
743 2
744 27
745 6
746 9
747 2
748 2
749 8
750 5
751 13
752 3
753 2
754 5
755 53
756 5
757 12
758 1
759 3
760 17
761 21
762 1
763 32
764 4
765 5
766 7
767 7
768 23
769 7
770 0
771 1
772 0
773 10
774 4
775 14
776 3
777 7
778 4
779 11
780 5
781 12
782 1
783 3
784 7
785 7
786 5
787 2
788 6
789 7
790 2
791 6
792 2
793 9
794 2
795 0
796 6
797 14
798 9
799 2
800 0
801 2
802 5
803 9
804 13
805 0
806 3
807 0
808 0
809 5
810 3
811 10
812 12
813 4
814 10
815 2
816 1
817 7
818 13
819 1
820 6
821 0
822 38
823 1
824 0
825 4
826 2
827 0
828 0
829 10
830 10
831 9
832 8
833 6
834 0
835 10
836 0
837 12
838 7
839 0
840 4
841 5
842 6
843 2
844 16
845 2
846 6
847 0
848 20
849 6
850 9
851 11
852 3
853 11
854 5
855 1
856 5
857 10
858 0
859 0
860 0
861 7
862 0
863 2
864 38
865 6
866 0
867 25
868 7
869 0
870 0
871 10
872 14
873 0
874 3
875 8
876 2
877 1
878 7
879 41
880 1
881 0
882 0
883 0
884 3
885 3
886 2
887 5
888 1
889 0
890 1
891 48
892 5
893 8
894 3
895 2
896 11
897 1
898 8
899 4
900 27
901 6
902 3
903 8
904 0
905 1
906 2
907 4
908 12
909 0
910 0
911 6
912 20
913 3
914 2
915 22
916 2
917 8
918 0
919 11
920 7
921 9
922 7
923 2
924 18
925 23
926 7
927 0
928 1
929 22
930 20
931 2
932 0
933 1
934 3
935 2
936 5
937 4
938 14
939 0
940 2
941 3
942 18
943 8
944 0
945 3
946 7
947 35
948 6
949 74
950 3
951 1
952 24
953 0
954 9
955 5
956 8
957 12
958 27
959 39
960 1
961 1
962 0
963 4
964 15
965 10
966 24
967 7
968 0
969 0
970 4
971 0
972 14
973 4
974 3
975 2
976 3
977 1
978 2
979 5
980 0
981 4
982 2
983 2
984 0
985 13
986 2
987 3
988 12
989 0
990 7
991 18
992 2
993 17
994 1
995 4
996 6
997 14
998 1
999 1
1000 0
1001 4
1002 4
1003 0
1004 5
1005 5
1006 25
1007 3
1008 12
1009 7
1010 0
1011 0
1012 5
1013 4
1014 6
1015 2
1016 6
1017 6
1018 2
1019 9
1020 0
1021 17
1022 1
1023 0
1024 1
1025 2
1026 4
1027 2
1028 10
1029 1
1030 1
1031 2
1032 11
1033 3
1034 9
1035 16
1036 13
1037 3
1038 1
1039 0
1040 1
1041 0
1042 9
1043 12
1044 0
1045 6
1046 5
1047 1
1048 6
1049 0
1050 1
1051 14
1052 9
1053 21
1054 9
1055 0
1056 10
1057 0
1058 9
1059 3
1060 4
1061 5
1062 0
1063 0
1064 1
1065 1
1066 3
1067 12
1068 8
1069 6
1070 0
1071 7
1072 3
1073 11
1074 0
1075 2
1076 16
1077 1
1078 23
1079 1
1080 0
1081 11
1082 5
1083 11
1084 8
1085 3
1086 2
1087 9
1088 24
1089 0
1090 1
1091 3
1092 1
1093 2
1094 10
1095 1
1096 5
1097 3
1098 7
1099 1
1100 0
1101 0
1102 2
1103 3
1104 25
1105 5
1106 4
1107 3
1108 9
1109 3
1110 3
1111 1
1112 6
1113 1
1114 2
1115 2
1116 8
1117 2
1118 1
1119 0
1120 3
1121 0
1122 4
1123 0
1124 2
1125 3
1126 16
1127 4
1128 10
1129 0
1130 12
1131 30
1132 0
1133 6
1134 11
1135 0
1136 20
1137 13
1138 13
1139 3
1140 0
1141 0
1142 2
1143 8
1144 3
1145 0
1146 11
1147 6
1148 2
1149 7
1150 3
1151 18
1152 16
1153 0
1154 7
1155 17
1156 6
1157 0
1158 6
1159 26
1160 0
1161 10
1162 0
1163 4
1164 5
1165 0
1166 9
1167 2
1168 6
1169 1
1170 11
1171 17
1172 4
1173 2
1174 2
1175 6
1176 2
1177 13
1178 29
1179 28
1180 5
1181 13
1182 23
1183 12
1184 5
1185 5
1186 1
1187 3
1188 5
1189 4
1190 6
1191 7
1192 6
1193 9
1194 12
1195 3
1196 0
1197 0
1198 0
1199 12
1200 2
1201 35
1202 2
1203 0
1204 7
1205 27
1206 0
1207 6
1208 5
1209 1
1210 2
1211 2
1212 4
1213 0
1214 0
1215 2
1216 7
1217 6
1218 2
1219 1
1220 2
1221 1
1222 11
1223 6
1224 10
1225 0
1226 21
1227 1
1228 0
1229 0
1230 6
1231 32
1232 3
1233 5
1234 4
1235 7
1236 3
1237 2
1238 13
1239 22
1240 1
1241 1
1242 5
1243 0
1244 0
1245 0
1246 1
1247 10
1248 1
1249 7
1250 6
1251 0
1252 2
1253 2
1254 3
1255 1
1256 6
1257 10
1258 0
1259 2
1260 54
1261 16
1262 6
1263 19
1264 16
1265 25
1266 3
1267 10
1268 5
1269 0
1270 4
1271 7
1272 3
1273 6
1274 2
1275 2
1276 3
1277 5
1278 3
1279 3
1280 6
1281 12
1282 0
1283 4
1284 3
1285 2
1286 24
1287 11
1288 2
1289 5
1290 0
1291 3
1292 2
1293 9
1294 1
1295 13
1296 1
1297 29
1298 7
1299 5
1300 7
1301 6
1302 2
1303 13
1304 0
1305 1
1306 2
1307 3
1308 2
1309 13
1310 3
1311 3
1312 4
1313 0
1314 5
1315 3
1316 3
1317 3
1318 2
1319 2
1320 4
1321 6
1322 3
1323 14
1324 0
1325 2
1326 15
1327 0
1328 6
1329 0
1330 4
1331 0
1332 0
1333 2
1334 3
1335 29
1336 4
1337 0
1338 29
1339 3
1340 6
1341 0
1342 0
1343 0
1344 6
1345 3
1346 4
1347 0
1348 0
1349 22
1350 2
1351 0
1352 4
1353 22
1354 6
1355 21
1356 18
1357 4
1358 2
1359 28
1360 6
1361 0
1362 3
1363 0
1364 2
1365 10
1366 2
1367 0
1368 10
1369 5
1370 5
1371 2
1372 4
1373 1
1374 0
1375 16
1376 11
1377 0
1378 2
1379 44
1380 7
1381 2
1382 4
1383 5
1384 2
1385 0
1386 1
1387 3
1388 6
1389 0
1390 2
1391 3
1392 4
1393 0
1394 1
1395 6
1396 2
1397 13
1398 0
1399 0
1400 1
1401 2
1402 2
1403 3
1404 10
1405 7
1406 7
1407 5
1408 9
1409 9
1410 10
1411 3
1412 6
1413 9
1414 3
1415 0
1416 0
1417 0
1418 0
1419 2
1420 3
1421 0
1422 7
1423 5
1424 2
1425 1
1426 0
1427 2
1428 0
1429 3
1430 3
1431 2
1432 0
1433 0
1434 0
1435 11
1436 8
1437 10
1438 10
1439 4
1440 5
1441 2
1442 0
1443 6
1444 0
1445 11
1446 10
1447 4
1448 1
1449 14
1450 3
1451 0
1452 2
1453 14
1454 6
1455 1
1456 0
1457 0
1458 3
1459 2
1460 9
1461 0
1462 0
1463 15
1464 0
1465 5
1466 5
1467 11
1468 3
1469 1
1470 3
1471 7
1472 14
1473 0
1474 3
1475 13
1476 29
1477 5
1478 0
1479 3
1480 0
1481 1
1482 2
1483 12
1484 0
1485 3
1486 3
1487 10
1488 6
1489 1
1490 0
1491 6
1492 4
1493 0
1494 5
1495 14
1496 11
1497 18
1498 7
1499 0
1500 27
1501 10
1502 0
1503 4
1504 10
1505 9
1506 4
1507 13
1508 28
1509 4
1510 1
1511 0
1512 17
1513 1
1514 8
1515 4
1516 6
1517 5
1518 1
1519 2
1520 4
1521 18
1522 8
1523 12
1524 0
1525 9
1526 3
1527 2
1528 18
1529 6
1530 0
1531 0
1532 32
1533 2
1534 2
1535 10
1536 35
1537 27
1538 1
1539 7
1540 0
1541 0
1542 0
1543 15
1544 1
1545 6
1546 12
1547 4
1548 7
1549 10
1550 1
1551 3
1552 16
1553 5
1554 4
1555 8
1556 6
1557 5
1558 2
1559 0
1560 34
1561 3
1562 31
1563 6
1564 5
1565 0
1566 17
1567 0
1568 0
1569 3
1570 0
1571 3
1572 44
1573 0
1574 17
1575 28
1576 2
1577 5
1578 4
1579 1
1580 2
1581 9
1582 0
1583 8
1584 18
1585 7
1586 0
1587 3
1588 4
1589 3
1590 10
1591 7
1592 19
1593 11
1594 12
1595 7
1596 31
1597 4
