1 6
2 0
3 9
4 29
5 12
6 28
7 3
8 2
9 14
10 6
11 0
12 15
13 9
14 10
15 1
16 16
17 24
18 10
19 7
20 0
21 0
22 0
23 2
24 24
25 2
26 3
27 6
28 6
29 4
30 1
31 2
32 3
33 0
34 2
35 13
36 13
37 16
38 5
39 1
40 32
41 0
42 0
43 7
44 0
45 0
46 4
47 1
48 4
49 0
50 8
51 3
52 0
53 0
54 1
55 0
56 3
57 3
58 12
59 0
60 27
61 2
62 12
63 11
64 0
65 20
66 1
67 3
68 0
69 2
70 1
71 0
72 18
73 6
74 12
75 7
76 6
77 6
78 6
79 6
80 16
81 5
82 4
83 10
84 35
85 22
86 7
87 12
88 0
89 7
90 12
91 0
92 2
93 12
94 6
95 0
96 13
97 0
98 10
99 2
100 16
101 5
102 1
103 17
104 0
105 0
106 1
107 4
108 0
109 3
110 1
111 0
112 8
113 6
114 55
115 4
116 4
117 13
118 6
119 2
120 22
121 0
122 6
123 9
124 65
125 2
126 40
127 0
128 9
129 5
130 2
131 2
132 23
133 7
134 11
135 9
136 6
137 4
138 1
139 9
140 10
141 5
142 0
143 2
144 31
145 2
146 0
147 0
148 7
149 0
150 2
151 20
152 0
153 0
154 2
155 0
156 0
157 3
158 4
159 2
160 0
161 1
162 17
163 3
164 0
165 0
166 3
167 0
168 1
169 7
170 22
171 0
172 0
173 0
174 1
175 10
176 2
177 1
178 4
179 1
180 6
181 7
182 1
183 8
184 2
185 1
186 11
187 0
188 63
189 1
190 0
191 12
192 0
193 3
194 5
195 0
196 0
197 0
198 0
199 0
200 0
201 1
202 0
203 1
204 1
205 0
206 10
207 0
208 8
209 14
210 1
211 0
212 0
213 3
214 4
215 0
216 2
217 0
218 6
219 8
220 1
221 0
222 1
223 0
224 8
225 6
226 1
227 2
228 7
229 1
230 2
231 5
232 11
233 20
234 0
235 0
236 4
237 11
238 12
239 0
240 4
241 1
242 0
243 34
244 0
245 2
246 2
247 8
248 2
249 8
250 9
251 0
252 0
253 2
254 8
255 2
256 1
257 3
258 10
259 2
260 7
261 2
262 0
263 5
264 0
265 9
266 0
267 7
268 3
269 4
270 2
271 6
272 3
273 1
274 0
275 0
276 1
277 0
278 0
279 1
280 1
281 7
282 2
283 8
284 1
285 3
286 20
287 1
288 12
289 0
290 37
291 3
292 4
293 12
294 0
295 7
296 5
297 0
298 3
299 8
300 2
301 7
302 0
303 4
304 0
305 2
306 3
307 18
308 23
309 6
310 3
311 1
312 0
313 11
314 24
315 6
316 8
317 0
318 8
319 2
320 15
321 5
322 0
323 10
324 3
325 3
326 1
327 46
328 6
329 0
330 0
331 1
332 10
333 9
334 19
335 5
336 5
337 0
338 3
339 1
340 0
341 8
342 4
343 2
344 9
345 4
346 5
347 3
348 0
349 4
350 5
351 89
352 3
353 4
354 2
355 48
356 3
357 10
358 0
359 2
360 0
361 0
362 6
363 1
364 0
365 0
366 1
367 7
368 0
369 5
370 42
371 25
372 2
373 1
374 8
375 4
376 0
377 10
378 5
379 91
380 4
381 1
382 0
383 0
384 7
385 26
386 5
387 53
388 11
389 14
390 0
391 12
392 2
393 1
394 7
395 9
396 1
397 10
398 39
399 0
400 7
401 3
402 6
403 0
404 7
405 13
406 4
407 0
408 3
409 1
410 0
411 2
412 0
413 6
414 4
415 8
416 23
417 0
418 13
419 43
420 6
421 54
422 2
423 1
424 1
425 8
426 0
427 10
428 1
429 0
430 3
431 2
432 8
433 1
434 0
435 0
436 3
437 0
438 0
439 7
440 13
441 12
442 9
443 4
444 3
445 0
446 5
447 0
448 8
449 1
450 13
451 1
452 12
453 9
454 9
455 1
456 5
457 10
458 12
459 3
460 10
461 5
462 13
463 0
464 8
465 0
466 5
467 5
468 4
469 1
470 21
471 4
472 9
473 8
474 0
475 7
476 5
477 2
478 0
479 0
480 0
481 2
482 1
483 0
484 9
485 0
486 1
487 0
488 3
489 5
490 0
491 12
492 3
493 3
494 3
495 1
496 4
497 0
498 12
499 9
500 0
501 0
502 1
503 0
504 0
505 2
506 0
507 12
508 7
509 29
510 0
511 1
512 0
513 0
514 0
515 13
516 0
517 4
518 0
519 0
520 1
521 0
522 0
523 3
524 1
525 0
526 0
527 3
528 1
529 0
530 1
531 0
532 0
533 1
534 0
535 0
536 5
537 4
538 5
539 13
540 12
541 3
542 8
543 5
544 5
545 22
546 0
547 1
548 2
549 7
550 3
551 1
552 9
553 6
554 3
555 0
556 7
557 1
558 22
559 9
560 23
561 2
562 26
563 3
564 1
565 3
566 11
567 3
568 17
569 5
570 2
571 11
572 13
573 74
574 7
575 0
576 5
577 1
578 1
579 5
580 10
581 1
582 0
583 1
584 24
585 0
586 3
587 0
588 0
589 0
590 7
591 3
592 8
593 1
594 8
595 33
596 18
597 29
598 4
599 3
600 14
601 1
602 0
603 0
604 11
605 5
606 4
607 5
608 13
609 5
610 8
611 7
612 0
613 3
614 4
615 5
616 2
617 5
618 0
619 0
620 0
621 2
622 2
623 9
624 8
625 10
626 17
627 9
628 7
629 1
630 8
631 4
632 6
633 10
634 7
635 1
636 0
637 12
638 3
639 0
640 0
641 1
642 17
643 1
644 0
645 3
646 0
647 4
648 0
649 2
650 2
651 5
652 5
653 0
654 13
655 29
656 2
657 3
658 5
659 7
660 6
661 4
662 13
663 0
664 5
665 3
666 2
667 0
668 14
669 5
670 1
671 8
672 2
673 4
674 5
675 2
676 4
677 5
678 1
679 2
680 3
681 21
682 15
683 11
684 12
685 2
686 28
687 11
688 0
689 20
690 1
691 1
692 6
693 4
694 13
695 8
696 3
697 4
698 4
699 2
700 3
701 1
702 0
703 1
704 16
705 8
706 4
707 6
708 8
709 4
710 6
711 26
712 0
713 1
714 1
715 3
716 1
717 7
718 1
719 15
720 1
721 1
722 0
723 8
724 0
725 1
726 18
727 2
728 1
729 2
730 6
731 0
732 9
733 15
734 17
735 0
736 1
737 14
738 6
739 3
740 0
741 0
742 10
743 9
744 36
745 1
746 3
747 13
748 22
749 17
750 15
751 11
752 6
753 2
754 3
755 10
756 8
757 5
758 14
759 6
760 1
761 21
762 2
763 12
764 7
765 20
766 19
767 0
768 56
769 2
770 0
771 0
772 0
773 5
774 5
775 14
776 3
777 4
778 7
779 17
780 3
781 0
782 1
783 11
784 14
785 23
786 1
787 38
788 25
789 6
790 0
791 16
792 0
793 5
794 2
795 2
796 7
797 10
798 4
799 0
800 2
801 4
802 8
803 7
804 27
805 2
806 0
807 0
808 0
809 0
810 0
811 9
812 5
813 0
814 4
815 12
816 0
817 8
818 2
819 2
820 11
821 0
822 2
823 1
824 7
825 9
826 2
827 1
828 1
829 4
830 16
831 2
832 4
833 2
834 0
835 16
836 3
837 9
838 12
839 0
840 0
841 0
842 4
843 4
844 1
845 1
846 11
847 15
848 18
849 4
850 9
851 47
852 7
853 0
854 2
855 0
856 12
857 0
858 4
859 1
860 0
861 7
862 3
863 3
864 2
865 11
866 0
867 9
868 3
869 2
870 0
871 16
872 2
873 0
874 2
875 0
876 0
877 2
878 13
879 6
880 0
881 2
882 0
883 0
884 0
885 8
886 1
887 2
888 2
889 0
890 0
891 1
892 0
893 13
894 12
895 3
896 3
897 0
898 3
899 4
900 6
901 5
902 0
903 0
904 6
905 0
906 2
907 10
908 4
909 13
910 5
911 3
912 0
913 5
914 0
915 5
916 0
917 2
918 8
919 9
920 1
921 3
922 7
923 5
924 1
925 18
926 3
927 0
928 1
929 3
930 12
931 1
932 0
933 0
934 2
935 13
936 5
937 0
938 14
939 0
940 2
941 0
942 0
943 1
944 0
945 1
946 0
947 3
948 1
949 4
950 2
951 0
952 7
953 4
954 2
955 0
956 29
957 4
958 6
959 3
960 0
961 7
962 5
963 6
964 0
965 3
966 3
967 0
968 1
969 1
970 10
971 0
972 5
973 12
974 18
975 6
976 13
977 8
978 1
979 0
980 4
981 5
982 0
983 12
984 2
985 17
986 9
987 6
988 2
989 1
990 2
991 12
992 25
993 7
994 1
995 5
996 10
997 15
998 9
999 1
1000 17
1001 0
1002 36
1003 0
1004 6
1005 0
1006 5
1007 5
1008 4
1009 9
1010 6
1011 0
1012 8
1013 0
1014 5
1015 6
1016 13
1017 1
1018 4
1019 48
1020 0
1021 22
1022 0
1023 0
1024 0
1025 0
1026 7
1027 6
1028 0
1029 3
1030 2
1031 1
1032 14
1033 3
1034 9
1035 7
1036 2
1037 3
1038 7
1039 2
1040 7
1041 1
1042 3
1043 2
1044 5
1045 4
1046 2
1047 0
1048 2
1049 2
1050 0
1051 4
1052 5
1053 2
1054 21
1055 1
1056 3
1057 0
1058 24
1059 0
1060 1
1061 3
1062 9
1063 0
1064 5
1065 2
1066 5
1067 0
1068 0
1069 5
1070 0
1071 5
1072 0
1073 2
1074 1
1075 9
1076 7
1077 2
1078 4
1079 2
1080 25
1081 25
1082 22
1083 7
1084 11
1085 0
1086 3
1087 8
1088 2
1089 0
1090 2
1091 2
1092 2
1093 3
1094 6
1095 1
1096 7
1097 8
1098 1
1099 0
1100 0
1101 1
1102 6
1103 21
1104 12
1105 17
1106 5
1107 0
1108 6
1109 9
1110 0
1111 7
1112 0
1113 4
1114 4
1115 2
1116 9
1117 7
1118 0
1119 0
1120 0
1121 1
1122 1
1123 0
1124 7
1125 2
1126 3
1127 1
1128 3
1129 4
1130 15
1131 20
1132 2
1133 28
1134 0
1135 0
1136 0
1137 0
1138 2
1139 0
1140 6
1141 0
1142 7
1143 5
1144 0
1145 1
1146 6
1147 1
1148 0
1149 2
1150 5
1151 4
1152 19
1153 1
1154 7
1155 14
1156 33
1157 2
1158 0
1159 19
1160 0
1161 3
1162 0
1163 1
1164 0
1165 11
1166 5
1167 6
1168 34
1169 0
1170 10
1171 17
1172 4
1173 0
1174 0
1175 10
1176 3
1177 7
1178 7
1179 9
1180 13
1181 18
1182 0
1183 19
1184 30
1185 3
1186 13
1187 3
1188 10
1189 11
1190 9
1191 37
1192 6
1193 23
1194 15
1195 1
1196 9
1197 22
1198 0
1199 2
1200 2
1201 8
1202 1
1203 6
1204 8
1205 7
1206 1
1207 3
1208 20
1209 1
1210 0
1211 11
1212 0
1213 0
1214 2
1215 13
1216 28
1217 17
1218 5
1219 30
1220 0
1221 1
1222 10
1223 6
1224 2
1225 4
1226 7
1227 4
1228 3
1229 3
1230 4
1231 13
1232 0
1233 15
1234 6
1235 12
1236 2
1237 7
1238 35
1239 13
1240 1
1241 13
1242 2
1243 18
1244 13
1245 0
1246 4
1247 10
1248 4
1249 5
1250 3
1251 2
1252 3
1253 4
1254 5
1255 3
1256 7
1257 8
1258 12
1259 7
1260 4
1261 24
1262 16
1263 24
1264 8
1265 23
1266 8
1267 11
1268 2
1269 0
1270 2
1271 2
1272 26
1273 11
1274 0
1275 17
1276 7
1277 6
1278 26
1279 6
1280 6
1281 12
1282 0
1283 0
1284 5
1285 2
1286 26
1287 2
1288 2
1289 1
1290 5
1291 3
1292 3
1293 34
1294 5
1295 21
1296 10
1297 54
1298 7
1299 6
1300 30
1301 0
1302 2
1303 20
1304 1
1305 0
1306 0
1307 8
1308 7
1309 1
1310 4
1311 10
1312 9
1313 3
1314 2
1315 3
1316 0
1317 0
1318 7
1319 1
1320 18
1321 6
1322 4
1323 1
1324 0
1325 6
1326 4
1327 0
1328 26
1329 0
1330 1
1331 0
1332 1
1333 7
1334 3
1335 16
1336 5
1337 2
1338 4
1339 68
1340 2
1341 0
1342 28
1343 2
1344 5
1345 0
1346 5
1347 3
1348 0
1349 7
1350 16
1351 8
1352 3
1353 6
1354 0
1355 1
1356 13
1357 2
1358 1
1359 8
1360 58
1361 0
1362 3
1363 1
1364 26
1365 48
1366 1
1367 8
1368 18
1369 12
1370 4
1371 7
1372 0
1373 10
1374 2
1375 1
1376 8
1377 1
1378 2
1379 18
1380 22
1381 4
1382 2
1383 7
1384 6
1385 3
1386 4
1387 6
1388 0
1389 0
1390 2
1391 2
1392 0
1393 5
1394 20
1395 6
1396 4
1397 2
1398 0
1399 3
1400 0
1401 6
1402 2
1403 0
1404 17
1405 20
1406 0
1407 4
1408 1
1409 4
1410 2
1411 0
1412 7
1413 7
1414 1
1415 4
1416 1
1417 0
1418 13
1419 1
1420 0
1421 5
1422 4
1423 4
1424 4
1425 3
1426 0
1427 11
1428 8
1429 0
1430 10
1431 1
1432 2
1433 0
1434 7
1435 5
1436 7
1437 3
1438 0
1439 1
1440 4
1441 1
1442 0
1443 15
1444 0
1445 0
1446 1
1447 0
1448 6
1449 4
1450 12
1451 0
1452 4
1453 1
1454 5
1455 3
1456 5
1457 0
1458 2
1459 12
1460 9
1461 2
1462 0
1463 4
1464 2
1465 3
1466 4
1467 36
1468 4
1469 1
1470 16
1471 6
1472 25
1473 5
1474 0
1475 8
1476 2
1477 0
1478 0
1479 6
1480 1
1481 0
1482 17
1483 7
1484 2
1485 8
1486 2
1487 10
1488 0
1489 0
1490 4
1491 19
1492 11
1493 0
1494 20
1495 4
1496 2
1497 2
1498 0
1499 0
1500 0
1501 7
1502 0
1503 0
1504 5
1505 3
1506 0
1507 2
1508 8
1509 1
1510 3
1511 1
1512 0
1513 2
1514 7
1515 0
1516 9
1517 2
1518 0
1519 0
1520 4
1521 2
1522 19
1523 12
1524 1
1525 2
1526 1
1527 0
1528 0
1529 3
1530 4
1531 0
1532 2
1533 0
1534 0
1535 16
1536 4
1537 13
1538 1
1539 0
1540 0
1541 9
1542 2
1543 2
1544 0
1545 3
1546 0
1547 0
1548 14
1549 1
1550 1
1551 1
1552 3
1553 0
1554 9
1555 11
1556 0
1557 3
1558 0
1559 0
1560 0
1561 0
1562 15
1563 0
1564 4
1565 2
1566 23
1567 0
1568 1
1569 2
1570 7
1571 80
1572 10
1573 9
1574 4
1575 4
1576 2
1577 2
1578 8
1579 88
1580 0
1581 9
1582 0
1583 9
1584 9
1585 0
1586 0
1587 4
1588 3
1589 0
1590 3
1591 0
1592 1
1593 5
1594 6
1595 0
1596 10
1597 1
