1 0
2 0
3 11
4 10
5 23
6 18
7 1
8 1
9 8
10 3
11 0
12 3
13 2
14 1
15 2
16 10
17 2
18 20
19 9
20 0
21 5
22 6
23 1
24 29
25 20
26 12
27 13
28 3
29 31
30 6
31 20
32 1
33 1
34 7
35 21
36 32
37 25
38 13
39 17
40 45
41 5
42 16
43 10
44 2
45 19
46 0
47 0
48 18
49 4
50 25
51 27
52 0
53 7
54 1
55 0
56 40
57 2
58 17
59 12
60 38
61 68
62 65
63 8
64 0
65 2
66 7
67 13
68 0
69 10
70 29
71 1
72 42
73 62
74 7
75 81
76 33
77 33
78 4
79 36
80 41
81 38
82 6
83 25
84 27
85 4
86 8
87 8
88 12
89 10
90 17
91 6
92 1
93 7
94 7
95 5
96 12
97 1
98 3
99 5
100 17
101 4
102 4
103 6
104 3
105 2
106 0
107 0
108 13
109 14
110 2
111 0
112 25
113 3
114 15
115 9
116 19
117 10
118 8
119 6
120 25
121 4
122 2
123 7
124 17
125 2
126 16
127 6
128 16
129 5
130 23
131 12
132 14
133 8
134 6
135 23
136 12
137 12
138 35
139 3
140 9
141 5
142 0
143 0
144 14
145 5
146 1
147 23
148 11
149 9
150 0
151 16
152 0
153 7
154 6
155 8
156 1
157 4
158 11
159 7
160 0
161 2
162 17
163 12
164 1
165 16
166 20
167 10
168 7
169 22
170 5
171 15
172 3
173 4
174 3
175 16
176 10
177 24
178 11
179 33
180 45
181 22
182 4
183 7
184 4
185 16
186 3
187 1
188 36
189 4
190 2
191 10
192 12
193 12
194 8
195 10
196 0
197 0
198 40
199 3
200 11
201 3
202 7
203 1
204 5
205 4
206 26
207 9
208 52
209 33
210 4
211 3
212 0
213 0
214 10
215 5
216 3
217 14
218 24
219 17
220 23
221 2
222 28
223 3
224 3
225 16
226 0
227 1
228 6
229 19
230 10
231 11
232 12
233 40
234 0
235 23
236 26
237 27
238 4
239 24
240 43
241 13
242 1
243 20
244 0
245 0
246 47
247 4
248 178
249 35
250 2
251 0
252 0
253 28
254 12
255 0
256 14
257 12
258 35
259 3
260 35
261 10
262 5
263 54
264 0
265 21
266 0
267 24
268 7
269 0
270 4
271 16
272 0
273 0
274 2
275 51
276 6
277 2
278 0
279 0
280 18
281 5
282 0
283 8
284 0
285 6
286 9
287 8
288 1
289 0
290 21
291 9
292 1
293 26
294 0
295 11
296 3
297 0
298 14
299 0
300 1
301 2
302 0
303 74
304 0
305 12
306 2
307 69
308 42
309 25
310 5
311 9
312 0
313 57
314 39
315 27
316 19
317 0
318 28
319 3
320 12
321 7
322 0
323 28
324 8
325 0
326 3
327 5
328 32
329 11
330 6
331 0
332 17
333 13
334 9
335 15
336 2
337 20
338 16
339 10
340 1
341 53
342 22
343 15
344 20
345 12
346 11
347 7
348 3
349 4
350 15
351 13
352 17
353 18
354 2
355 27
356 18
357 3
358 29
359 41
360 7
361 19
362 15
363 0
364 7
365 2
366 1
367 5
368 3
369 5
370 2
371 20
372 2
373 0
374 5
375 27
376 3
377 18
378 18
379 12
380 5
381 24
382 0
383 0
384 22
385 24
386 6
387 30
388 1
389 10
390 1
391 23
392 21
393 1
394 3
395 19
396 5
397 13
398 11
399 1
400 43
401 15
402 23
403 4
404 16
405 7
406 9
407 6
408 6
409 4
410 1
411 7
412 2
413 4
414 7
415 32
416 13
417 2
418 21
419 22
420 26
421 29
422 38
423 3
424 3
425 26
426 4
427 8
428 9
429 0
430 6
431 23
432 12
433 10
434 0
435 2
436 5
437 3
438 0
439 6
440 63
441 37
442 4
443 12
444 9
445 0
446 0
447 2
448 35
449 3
450 6
451 19
452 10
453 41
454 19
455 16
456 26
457 11
458 2
459 4
460 7
461 2
462 17
463 32
464 7
465 3
466 8
467 8
468 23
469 0
470 36
471 13
472 10
473 22
474 12
475 9
476 16
477 2
478 14
479 4
480 13
481 5
482 0
483 7
484 5
485 9
486 3
487 2
488 0
489 0
490 3
491 9
492 1
493 3
494 5
495 4
496 12
497 0
498 29
499 2
500 2
501 4
502 1
503 2
504 0
505 1
506 1
507 3
508 3
509 9
510 6
511 8
512 4
513 42
514 3
515 23
516 1
517 2
518 5
519 15
520 2
521 8
522 12
523 2
524 18
525 10
526 3
527 2
528 0
529 0
530 11
531 0
532 16
533 5
534 5
535 1
536 0
537 9
538 6
539 8
540 22
541 7
542 3
543 2
544 32
545 0
546 0
547 25
548 3
549 23
550 3
551 0
552 6
553 35
554 14
555 13
556 8
557 6
558 30
559 22
560 2
561 22
562 15
563 3
564 0
565 0
566 0
567 33
568 29
569 13
570 5
571 21
572 18
573 23
574 19
575 10
576 4
577 13
578 4
579 16
580 9
581 7
582 3
583 15
584 9
585 0
586 3
587 0
588 4
589 11
590 5
591 12
592 49
593 4
594 33
595 46
596 18
597 85
598 6
599 1
600 18
601 11
602 2
603 4
604 12
605 44
606 11
607 10
608 15
609 0
610 19
611 38
612 4
613 1
614 27
615 49
616 5
617 31
618 2
619 2
620 3
621 45
622 24
623 18
624 14
625 12
626 6
627 165
628 35
629 58
630 25
631 29
632 6
633 14
634 20
635 7
636 0
637 21
638 25
639 11
640 0
641 14
642 29
643 60
644 14
645 16
646 16
647 14
648 10
649 10
650 2
651 53
652 4
653 3
654 38
655 8
656 16
657 3
658 20
659 6
660 11
661 16
662 21
663 8
664 7
665 5
666 3
667 15
668 27
669 38
670 2
671 17
672 39
673 11
674 17
675 3
676 15
677 10
678 23
679 12
680 1
681 8
682 42
683 22
684 10
685 5
686 80
687 17
688 15
689 32
690 3
691 0
692 17
693 4
694 11
695 7
696 17
697 14
698 13
699 2
700 0
701 22
702 2
703 25
704 19
705 2
706 22
707 0
708 2
709 2
710 4
711 28
712 0
713 27
714 1
715 15
716 17
717 3
718 2
719 6
720 1
721 0
722 1
723 16
724 1
725 2
726 8
727 2
728 2
729 11
730 12
731 16
732 18
733 14
734 45
735 0
736 3
737 6
738 19
739 2
740 5
741 1
742 14
743 1
744 40
745 0
746 2
747 8
748 12
749 6
750 32
751 8
752 10
753 1
754 28
755 2
756 7
757 8
758 6
759 0
760 1
761 33
762 2
763 9
764 10
765 22
766 22
767 0
768 58
769 8
770 0
771 0
772 0
773 3
774 5
775 38
776 0
777 11
778 26
779 47
780 0
781 0
782 8
783 0
784 15
785 10
786 6
787 0
788 61
789 0
790 1
791 16
792 0
793 46
794 3
795 2
796 18
797 35
798 0
799 9
800 0
801 10
802 15
803 9
804 48
805 3
806 9
807 0
808 0
809 30
810 0
811 28
812 6
813 11
814 28
815 39
816 2
817 23
818 14
819 8
820 37
821 6
822 18
823 5
824 10
825 23
826 3
827 13
828 1
829 9
830 16
831 21
832 7
833 6
834 3
835 4
836 23
837 11
838 23
839 1
840 0
841 2
842 25
843 6
844 18
845 2
846 33
847 28
848 17
849 25
850 7
851 11
852 3
853 4
854 0
855 5
856 22
857 13
858 0
859 0
860 0
861 25
862 0
863 16
864 2
865 5
866 0
867 16
868 1
869 13
870 11
871 15
872 18
873 3
874 25
875 3
876 6
877 2
878 35
879 3
880 2
881 14
882 5
883 4
884 7
885 10
886 8
887 57
888 26
889 0
890 4
891 0
892 1
893 13
894 0
895 1
896 5
897 1
898 14
899 2
900 3
901 6
902 0
903 8
904 0
905 0
906 8
907 3
908 5
909 1
910 8
911 1
912 6
913 2
914 7
915 10
916 17
917 2
918 2
919 23
920 5
921 3
922 0
923 3
924 5
925 49
926 3
927 1
928 3
929 0
930 3
931 11
932 1
933 0
934 4
935 1
936 17
937 2
938 45
939 0
940 1
941 2
942 8
943 7
944 2
945 2
946 0
947 8
948 5
949 3
950 2
951 0
952 0
953 7
954 2
955 0
956 44
957 44
958 12
959 18
960 4
961 2
962 3
963 4
964 0
965 1
966 2
967 1
968 0
969 7
970 12
971 9
972 0
973 3
974 25
975 7
976 19
977 15
978 1
979 9
980 0
981 2
982 11
983 4
984 20
985 14
986 8
987 0
988 42
989 0
990 28
991 15
992 24
993 5
994 33
995 16
996 16
997 13
998 14
999 2
1000 4
1001 8
1002 19
1003 2
1004 21
1005 0
1006 49
1007 2
1008 26
1009 126
1010 1
1011 0
1012 50
1013 0
1014 17
1015 19
1016 19
1017 19
1018 0
1019 5
1020 0
1021 11
1022 0
1023 0
1024 3
1025 0
1026 7
1027 3
1028 2
1029 6
1030 5
1031 7
1032 18
1033 10
1034 7
1035 42
1036 9
1037 26
1038 0
1039 18
1040 6
1041 2
1042 25
1043 0
1044 3
1045 22
1046 8
1047 3
1048 6
1049 0
1050 0
1051 18
1052 18
1053 21
1054 27
1055 0
1056 0
1057 0
1058 31
1059 5
1060 0
1061 9
1062 0
1063 4
1064 30
1065 7
1066 8
1067 6
1068 21
1069 49
1070 2
1071 9
1072 1
1073 8
1074 8
1075 14
1076 15
1077 12
1078 2
1079 1
1080 14
1081 22
1082 49
1083 8
1084 19
1085 10
1086 6
1087 96
1088 7
1089 0
1090 22
1091 4
1092 0
1093 27
1094 48
1095 17
1096 6
1097 14
1098 12
1099 39
1100 1
1101 1
1102 9
1103 24
1104 27
1105 14
1106 45
1107 7
1108 6
1109 8
1110 0
1111 10
1112 3
1113 18
1114 4
1115 7
1116 9
1117 6
1118 0
1119 0
1120 2
1121 0
1122 1
1123 0
1124 1
1125 12
1126 41
1127 0
1128 10
1129 2
1130 15
1131 27
1132 2
1133 28
1134 5
1135 2
1136 0
1137 2
1138 0
1139 0
1140 2
1141 1
1142 1
1143 0
1144 2
1145 5
1146 3
1147 5
1148 4
1149 13
1150 5
1151 2
1152 10
1153 0
1154 15
1155 37
1156 28
1157 4
1158 0
1159 21
1160 0
1161 26
1162 0
1163 7
1164 19
1165 3
1166 24
1167 19
1168 3
1169 3
1170 11
1171 7
1172 9
1173 0
1174 0
1175 8
1176 1
1177 8
1178 6
1179 2
1180 43
1181 17
1182 4
1183 5
1184 46
1185 13
1186 3
1187 3
1188 0
1189 26
1190 21
1191 38
1192 20
1193 23
1194 1
1195 0
1196 3
1197 8
1198 0
1199 10
1200 14
1201 14
1202 4
1203 21
1204 2
1205 16
1206 2
1207 5
1208 24
1209 8
1210 0
1211 2
1212 0
1213 1
1214 4
1215 2
1216 22
1217 62
1218 12
1219 64
1220 0
1221 10
1222 38
1223 21
1224 11
1225 0
1226 13
1227 0
1228 2
1229 4
1230 11
1231 34
1232 1
1233 24
1234 0
1235 2
1236 8
1237 1
1238 28
1239 22
1240 1
1241 0
1242 8
1243 3
1244 0
1245 0
1246 5
1247 46
1248 5
1249 15
1250 3
1251 5
1252 4
1253 70
1254 7
1255 11
1256 5
1257 6
1258 12
1259 3
1260 8
1261 25
1262 5
1263 19
1264 3
1265 115
1266 34
1267 19
1268 15
1269 0
1270 7
1271 2
1272 5
1273 26
1274 8
1275 9
1276 7
1277 21
1278 13
1279 0
1280 0
1281 22
1282 0
1283 7
1284 0
1285 2
1286 16
1287 0
1288 3
1289 2
1290 3
1291 2
1292 1
1293 22
1294 3
1295 8
1296 22
1297 58
1298 34
1299 5
1300 37
1301 0
1302 13
1303 14
1304 0
1305 0
1306 0
1307 9
1308 6
1309 10
1310 8
1311 5
1312 9
1313 0
1314 1
1315 17
1316 13
1317 1
1318 15
1319 6
1320 43
1321 13
1322 4
1323 17
1324 10
1325 4
1326 27
1327 2
1328 34
1329 1
1330 2
1331 0
1332 0
1333 14
1334 6
1335 19
1336 2
1337 0
1338 13
1339 21
1340 2
1341 9
1342 9
1343 0
1344 25
1345 1
1346 1
1347 8
1348 1
1349 22
1350 18
1351 15
1352 30
1353 10
1354 0
1355 33
1356 5
1357 20
1358 0
1359 17
1360 14
1361 4
1362 0
1363 2
1364 22
1365 7
1366 10
1367 4
1368 17
1369 8
1370 38
1371 17
1372 6
1373 19
1374 5
1375 6
1376 8
1377 2
1378 10
1379 62
1380 24
1381 12
1382 11
1383 4
1384 57
1385 0
1386 23
1387 13
1388 3
1389 0
1390 7
1391 4
1392 2
1393 1
1394 11
1395 7
1396 20
1397 8
1398 1
1399 0
1400 0
1401 10
1402 6
1403 1
1404 7
1405 14
1406 3
1407 23
1408 0
1409 19
1410 31
1411 7
1412 2
1413 0
1414 8
1415 9
1416 0
1417 5
1418 1
1419 3
1420 2
1421 2
1422 11
1423 17
1424 0
1425 27
1426 1
1427 2
1428 3
1429 0
1430 12
1431 9
1432 4
1433 1
1434 3
1435 35
1436 18
1437 5
1438 9
1439 3
1440 0
1441 0
1442 0
1443 12
1444 1
1445 15
1446 6
1447 7
1448 8
1449 10
1450 12
1451 4
1452 15
1453 11
1454 23
1455 6
1456 3
1457 0
1458 3
1459 42
1460 8
1461 0
1462 0
1463 0
1464 7
1465 37
1466 17
1467 12
1468 14
1469 7
1470 40
1471 12
1472 13
1473 11
1474 4
1475 6
1476 23
1477 4
1478 8
1479 23
1480 8
1481 13
1482 13
1483 5
1484 7
1485 14
1486 18
1487 9
1488 6
1489 2
1490 12
1491 19
1492 5
1493 0
1494 8
1495 8
1496 9
1497 1
1498 0
1499 0
1500 3
1501 4
1502 1
1503 3
1504 12
1505 3
1506 0
1507 28
1508 16
1509 4
1510 9
1511 13
1512 4
1513 2
1514 2
1515 0
1516 5
1517 2
1518 3
1519 0
1520 40
1521 31
1522 17
1523 9
1524 2
1525 36
1526 0
1527 7
1528 11
1529 4
1530 6
1531 1
1532 8
1533 2
1534 0
1535 33
1536 33
1537 49
1538 2
1539 2
1540 0
1541 0
1542 2
1543 0
1544 2
1545 4
1546 1
1547 4
1548 1
1549 2
1550 6
1551 1
1552 8
1553 0
1554 9
1555 3
1556 2
1557 11
1558 1
1559 0
1560 0
1561 0
1562 35
1563 7
1564 4
1565 2
1566 7
1567 0
1568 3
1569 2
1570 0
1571 56
1572 6
1573 0
1574 3
1575 12
1576 18
1577 0
1578 5
1579 67
1580 1
1581 2
1582 3
1583 3
1584 21
1585 0
1586 3
1587 7
1588 7
1589 3
1590 10
1591 0
1592 21
1593 22
1594 13
1595 6
1596 39
1597 2
