1 2
2 10
3 80
4 117
5 144
6 139
7 10
8 12
9 124
10 4
11 11
12 93
13 111
14 34
15 81
16 42
17 79
18 120
19 11
20 1
21 1
22 15
23 21
24 29
25 20
26 9
27 6
28 14
29 19
30 4
31 82
32 14
33 5
34 35
35 57
36 21
37 28
38 13
39 42
40 11
41 18
42 17
43 11
44 14
45 9
46 12
47 1
48 10
49 2
50 16
51 52
52 15
53 3
54 13
55 5
56 22
57 5
58 32
59 10
60 27
61 23
62 59
63 9
64 30
65 19
66 26
67 3
68 21
69 31
70 30
71 2
72 29
73 28
74 11
75 40
76 23
77 25
78 17
79 19
80 16
81 42
82 5
83 19
84 27
85 23
86 12
87 29
88 8
89 17
90 38
91 11
92 6
93 21
94 15
95 10
96 12
97 8
98 3
99 11
100 8
101 9
102 7
103 19
104 1
105 6
106 7
107 5
108 18
109 5
110 4
111 3
112 60
113 11
114 20
115 5
116 27
117 15
118 22
119 10
120 37
121 29
122 8
123 35
124 32
125 13
126 31
127 13
128 54
129 20
130 13
131 14
132 18
133 29
134 27
135 10
136 13
137 11
138 15
139 13
140 22
141 18
142 10
143 20
144 23
145 23
146 21
147 27
148 17
149 16
150 4
151 18
152 5
153 19
154 13
155 3
156 4
157 1
158 43
159 21
160 8
161 5
162 2
163 6
164 1
165 3
166 6
167 24
168 2
169 22
170 6
171 11
172 3
173 2
174 14
175 28
176 5
177 15
178 16
179 30
180 48
181 22
182 10
183 15
184 1
185 17
186 15
187 6
188 77
189 10
190 4
191 18
192 15
193 11
194 8
195 11
196 20
197 3
198 10
199 25
200 19
201 3
202 8
203 18
204 11
205 21
206 13
207 13
208 23
209 33
210 15
211 6
212 9
213 11
214 23
215 13
216 4
217 9
218 12
219 18
220 7
221 12
222 44
223 8
224 20
225 19
226 2
227 16
228 17
229 13
230 15
231 21
232 15
233 24
234 6
235 6
236 6
237 60
238 8
239 43
240 26
241 11
242 18
243 9
244 5
245 6
246 17
247 11
248 18
249 7
250 8
251 13
252 24
253 25
254 32
255 10
256 9
257 16
258 43
259 15
260 23
261 29
262 3
263 19
264 9
265 21
266 6
267 66
268 21
269 6
270 8
271 47
272 23
273 19
274 4
275 16
276 7
277 12
278 14
279 8
280 7
281 19
282 8
283 39
284 7
285 9
286 10
287 14
288 14
289 6
290 14
291 13
292 17
293 23
294 9
295 18
296 7
297 9
298 22
299 10
300 5
301 11
302 19
303 13
304 10
305 2
306 3
307 25
308 18
309 11
310 17
311 15
312 21
313 16
314 24
315 23
316 38
317 3
318 18
319 10
320 25
321 15
322 25
323 26
324 37
325 25
326 18
327 18
328 34
329 16
330 9
331 10
332 49
333 20
334 12
335 43
336 19
337 18
338 33
339 36
340 15
341 15
342 35
343 46
344 44
345 16
346 26
347 19
348 17
349 11
350 15
351 51
352 13
353 15
354 3
355 138
356 12
357 14
358 22
359 18
360 9
361 33
362 19
363 9
364 14
365 5
366 19
367 41
368 7
369 22
370 71
371 36
372 4
373 4
374 31
375 19
376 4
377 11
378 20
379 8
380 23
381 13
382 13
383 11
384 9
385 27
386 10
387 18
388 22
389 22
390 9
391 21
392 34
393 14
394 20
395 13
396 7
397 30
398 31
399 4
400 10
401 25
402 13
403 15
404 8
405 8
406 22
407 10
408 15
409 22
410 11
411 12
412 7
413 15
414 12
415 19
416 64
417 8
418 44
419 16
420 7
421 24
422 50
423 9
424 4
425 25
426 7
427 29
428 11
429 14
430 10
431 27
432 33
433 23
434 3
435 6
436 14
437 2
438 8
439 38
440 42
441 9
442 15
443 27
444 13
445 3
446 30
447 12
448 38
449 10
450 8
451 7
452 34
453 15
454 48
455 38
456 27
457 12
458 16
459 23
460 4
461 24
462 27
463 9
464 4
465 7
466 38
467 11
468 7
469 12
470 15
471 16
472 5
473 119
474 14
475 21
476 11
477 19
478 5
479 6
480 4
481 10
482 4
483 1
484 3
485 5
486 2
487 1
488 1
489 1
490 1
491 9
492 4
493 9
494 5
495 2
496 5
497 10
498 13
499 3
500 3
501 1
502 7
503 6
504 0
505 4
506 2
507 1
508 8
509 2
510 4
511 1
512 2
513 9
514 11
515 18
516 8
517 5
518 2
519 4
520 2
521 11
522 13
523 55
524 6
525 7
526 5
527 2
528 4
529 2
530 17
531 1
532 5
533 6
534 6
535 8
536 20
537 6
538 8
539 64
540 25
541 4
542 3
543 18
544 22
545 3
546 3
547 3
548 1
549 19
550 38
551 4
552 31
553 28
554 53
555 14
556 46
557 21
558 35
559 75
560 13
561 68
562 72
563 76
564 71
565 9
566 38
567 26
568 35
569 23
570 31
571 101
572 68
573 132
574 83
575 64
576 38
577 13
578 20
579 141
580 101
581 90
582 5
583 15
584 28
585 6
586 9
587 79
588 6
589 11
590 4
591 19
592 152
593 25
594 10
595 15
596 30
597 21
598 17
599 21
600 11
601 11
602 32
603 13
604 15
605 23
606 13
607 20
608 22
609 7
610 7
611 19
612 6
613 5
614 29
615 50
616 6
617 5
618 12
619 4
620 10
621 10
622 9
623 8
624 5
625 21
626 10
627 15
628 11
629 8
630 11
631 8
632 9
633 101
634 19
635 4
636 4
637 15
638 38
639 16
640 10
641 22
642 8
643 13
644 4
645 17
646 4
647 21
648 12
649 10
650 11
651 9
652 7
653 4
654 12
655 9
656 9
657 4
658 19
659 21
660 10
661 15
662 27
663 15
664 33
665 30
666 3
667 26
668 21
669 18
670 8
671 30
672 8
673 9
674 11
675 6
676 14
677 28
678 8
679 15
680 15
681 15
682 60
683 16
684 4
685 10
686 8
687 87
688 55
689 7
690 6
691 5
692 15
693 11
694 137
695 27
696 28
697 16
698 37
699 14
700 9
701 6
702 0
703 5
704 10
705 13
706 6
707 5
708 13
709 10
710 9
711 20
712 0
713 2
714 4
715 16
716 7
717 7
718 6
719 13
720 49
721 3
722 2
723 15
724 7
725 14
726 11
727 6
728 4
729 5
730 13
731 6
732 6
733 13
734 28
735 1
736 8
737 31
738 17
739 15
740 1
741 4
742 7
743 8
744 94
745 5
746 35
747 10
748 41
749 8
750 28
751 9
752 4
753 18
754 6
755 63
756 13
757 6
758 4
759 14
760 7
761 79
762 16
763 52
764 35
765 18
766 5
767 10
768 21
769 8
770 5
771 7
772 5
773 22
774 10
775 15
776 6
777 10
778 21
779 91
780 24
781 9
782 5
783 57
784 29
785 8
786 23
787 16
788 27
789 10
790 10
791 12
792 10
793 21
794 7
795 4
796 10
797 29
798 16
799 12
800 6
801 16
802 66
803 9
804 30
805 6
806 15
807 0
808 14
809 15
810 22
811 20
812 8
813 6
814 10
815 14
816 11
817 27
818 151
819 8
820 35
821 1
822 30
823 11
824 12
825 31
826 7
827 10
828 11
829 14
830 43
831 13
832 16
833 12
834 9
835 66
836 7
837 9
838 11
839 9
840 16
841 1
842 16
843 21
844 23
845 20
846 30
847 27
848 12
849 17
850 12
851 8
852 5
853 7
854 28
855 14
856 13
857 8
858 3
859 5
860 3
861 26
862 8
863 8
864 4
865 13
866 5
867 35
868 16
869 15
870 17
871 19
872 12
873 5
874 31
875 6
876 18
877 6
878 22
879 52
880 2
881 20
882 9
883 6
884 12
885 7
886 3
887 14
888 31
889 8
890 19
891 34
892 13
893 24
894 12
895 23
896 11
897 29
898 92
899 33
900 38
901 13
902 4
903 6
904 8
905 12
906 4
907 17
908 37
909 3
910 20
911 10
912 21
913 15
914 29
915 22
916 11
917 17
918 23
919 18
920 10
921 32
922 13
923 9
924 8
925 19
926 20
927 7
928 24
929 9
930 46
931 16
932 14
933 26
934 30
935 23
936 26
937 5
938 79
939 10
940 28
941 17
942 32
943 57
944 17
945 27
946 24
947 48
948 42
949 54
950 40
951 37
952 51
953 34
954 97
955 33
956 55
957 45
958 47
959 47
960 13
961 50
962 71
963 41
964 26
965 638
966 147
967 47
968 2
969 7
970 62
971 8
972 18
973 3
974 18
975 5
976 8
977 5
978 4
979 8
980 7
981 2
982 10
983 18
984 0
985 10
986 11
987 1
988 11
989 1
990 9
991 19
992 7
993 5
994 17
995 12
996 9
997 168
998 21
999 15
1000 14
1001 34
1002 8
1003 5
1004 15
1005 4
1006 4
1007 7
1008 16
1009 12
1010 1
1011 2
1012 6
1013 1
1014 18
1015 7
1016 16
1017 15
1018 7
1019 15
1020 1
1021 6
1022 12
1023 1
1024 1
1025 5
1026 8
1027 4
1028 6
1029 7
1030 13
1031 11
1032 23
1033 4
1034 4
1035 12
1036 5
1037 18
1038 8
1039 6
1040 12
1041 3
1042 13
1043 4
1044 10
1045 30
1046 5
1047 4
1048 12
1049 2
1050 1
1051 5
1052 4
1053 8
1054 15
1055 1
1056 8
1057 0
1058 16
1059 66
1060 7
1061 21
1062 4
1063 5
1064 17
1065 5
1066 13
1067 1
1068 6
1069 135
1070 2
1071 16
1072 4
1073 8
1074 4
1075 9
1076 45
1077 5
1078 1
1079 5
1080 6
1081 2
1082 12
1083 27
1084 29
1085 0
1086 20
1087 5
1088 9
1089 3
1090 5
1091 13
1092 4
1093 4
1094 21
1095 3
1096 51
1097 4
1098 20
1099 6
1100 3
1101 4
1102 7
1103 16
1104 3
1105 3
1106 38
1107 16
1108 12
1109 7
1110 12
1111 23
1112 14
1113 8
1114 11
1115 16
1116 3
1117 16
1118 0
1119 3
1120 4
1121 4
1122 2
1123 0
1124 4
1125 3
1126 9
1127 3
1128 8
1129 3
1130 13
1131 41
1132 2
1133 9
1134 6
1135 4
1136 1
1137 4
1138 2
1139 4
1140 4
1141 3
1142 6
1143 2
1144 4
1145 3
1146 5
1147 7
1148 2
1149 3
1150 16
1151 4
1152 7
1153 1
1154 6
1155 12
1156 14
1157 0
1158 4
1159 10
1160 4
1161 12
1162 6
1163 25
1164 16
1165 35
1166 41
1167 13
1168 11
1169 29
1170 23
1171 29
1172 46
1173 6
1174 27
1175 51
1176 13
1177 31
1178 14
1179 17
1180 29
1181 31
1182 18
1183 15
1184 63
1185 19
1186 26
1187 9
1188 12
1189 92
1190 26
1191 29
1192 52
1193 18
1194 9
1195 24
1196 27
1197 37
1198 5
1199 45
1200 17
1201 41
1202 7
1203 22
1204 30
1205 46
1206 10
1207 19
1208 31
1209 9
1210 9
1211 24
1212 10
1213 4
1214 7
1215 9
1216 54
1217 24
1218 25
1219 46
1220 4
1221 20
1222 27
1223 40
1224 33
1225 21
1226 16
1227 6
1228 14
1229 11
1230 19
1231 79
1232 4
1233 41
1234 14
1235 19
1236 4
1237 7
1238 54
1239 26
1240 11
1241 6
1242 11
1243 11
1244 10
1245 5
1246 4
1247 61
1248 20
1249 3
1250 3
1251 24
1252 3
1253 6
1254 2
1255 19
1256 5
1257 28
1258 10
1259 20
1260 61
1261 16
1262 19
1263 25
1264 34
1265 63
1266 14
1267 53
1268 14
1269 6
1270 6
1271 6
1272 24
1273 13
1274 9
1275 21
1276 13
1277 12
1278 17
1279 13
1280 5
1281 15
1282 5
1283 5
1284 16
1285 9
1286 15
1287 13
1288 19
1289 10
1290 12
1291 10
1292 12
1293 20
1294 6
1295 36
1296 18
1297 16
1298 16
1299 5
1300 16
1301 10
1302 5
1303 42
1304 2
1305 9
1306 9
1307 27
1308 15
1309 46
1310 11
1311 9
1312 8
1313 6
1314 9
1315 17
1316 19
1317 4
1318 25
1319 3
1320 5
1321 14
1322 11
1323 10
1324 5
1325 6
1326 33
1327 5
1328 18
1329 7
1330 17
1331 1
1332 3
1333 20
1334 17
1335 70
1336 5
1337 36
1338 5
1339 27
1340 7
1341 7
1342 6
1343 12
1344 131
1345 8
1346 12
1347 3
1348 3
1349 22
1350 19
1351 7
1352 42
1353 7
1354 5
1355 27
1356 25
1357 27
1358 10
1359 26
1360 28
1361 3
1362 10
1363 10
1364 4
1365 8
1366 59
1367 14
1368 26
1369 157
1370 26
1371 15
1372 20
1373 7
1374 9
1375 5
1376 5
1377 3
1378 3
1379 29
1380 24
1381 14
1382 19
1383 8
1384 21
1385 1
1386 18
1387 14
1388 15
1389 10
1390 8
1391 9
1392 7
1393 2
1394 5
1395 11
1396 28
1397 8
1398 12
1399 16
1400 10
1401 90
1402 6
1403 9
1404 14
1405 27
1406 6
1407 20
1408 10
1409 26
1410 25
1411 8
1412 13
1413 3
1414 14
1415 17
1416 6
1417 4
1418 8
1419 10
1420 6
1421 7
1422 9
1423 11
1424 13
1425 17
1426 5
1427 11
1428 9
1429 24
1430 14
1431 33
1432 17
1433 2
1434 10
1435 9
1436 29
1437 15
1438 1
1439 2
1440 13
1441 10
1442 3
1443 11
1444 11
1445 5
1446 11
1447 13
1448 11
1449 28
1450 7
1451 11
1452 35
1453 24
1454 10
1455 10
1456 2
1457 5
1458 11
1459 36
1460 9
1461 6
1462 9
1463 24
1464 7
1465 39
1466 30
1467 237
1468 4
1469 10
1470 11
1471 38
1472 119
1473 17
1474 16
1475 15
1476 15
1477 10
1478 14
1479 29
1480 8
1481 14
1482 184
1483 17
1484 7
1485 10
1486 13
1487 9
1488 12
1489 6
1490 32
1491 10
1492 15
1493 6
1494 5
1495 33
1496 21
1497 19
1498 6
1499 8
1500 14
1501 12
1502 1
1503 17
1504 15
1505 17
1506 13
1507 7
1508 28
1509 14
1510 11
1511 14
1512 8
1513 33
1514 16
1515 12
1516 11
1517 1
1518 23
1519 7
1520 10
1521 28
1522 22
1523 27
1524 17
1525 58
1526 19
1527 29
1528 10
1529 10
1530 5
1531 7
1532 10
1533 1
1534 9
1535 21
1536 13
1537 15
1538 3
1539 5
1540 4
1541 4
1542 7
1543 8
1544 4
1545 3
1546 7
1547 19
1548 2
1549 8
1550 1
1551 13
1552 16
1553 7
1554 15
1555 13
1556 11
1557 30
1558 2
1559 2
1560 10
1561 11
1562 46
1563 3
1564 2
1565 37
1566 37
1567 2
1568 3
1569 8
1570 2
1571 74
1572 221
1573 77
1574 74
1575 47
1576 13
1577 31
1578 19
1579 15
1580 7
1581 35
1582 36
1583 189
1584 34
1585 4
1586 3
1587 4
1588 1
1589 4
1590 30
1591 5
1592 28
1593 56
1594 26
1595 21
1596 61
1597 6
