1 48
2 17
3 199
4 232
5 149
6 692
7 26
8 20
9 381
10 16
11 43
12 207
13 217
14 124
15 256
16 264
17 194
18 386
19 70
20 21
21 39
22 70
23 92
24 103
25 121
26 101
27 130
28 224
29 49
30 104
31 204
32 74
33 44
34 56
35 62
36 111
37 60
38 84
39 83
40 69
41 213
42 98
43 103
44 48
45 89
46 57
47 32
48 104
49 91
50 39
51 102
52 44
53 99
54 117
55 62
56 116
57 45
58 56
59 87
60 75
61 87
62 161
63 132
64 49
65 70
66 158
67 47
68 74
69 149
70 69
71 14
72 14
73 10
74 12
75 12
76 5
77 6
78 16
79 10
80 7
81 14
82 4
83 7
84 17
85 37
86 8
87 26
88 4
89 6
90 7
91 9
92 10
93 22
94 17
95 7
96 30
97 11
98 3
99 10
100 12
101 18
102 0
103 4
104 0
105 3
106 5
107 6
108 7
109 4
110 0
111 7
112 27
113 3
114 23
115 3
116 8
117 11
118 9
119 3
120 28
121 11
122 5
123 12
124 13
125 9
126 12
127 3
128 11
129 12
130 16
131 13
132 18
133 16
134 19
135 9
136 5
137 6
138 10
139 7
140 7
141 22
142 5
143 2
144 12
145 8
146 31
147 19
148 12
149 22
150 7
151 6
152 7
153 13
154 16
155 8
156 19
157 1
158 19
159 13
160 13
161 2
162 3
163 11
164 8
165 7
166 25
167 16
168 8
169 12
170 2
171 9
172 13
173 15
174 8
175 23
176 10
177 26
178 34
179 25
180 14
181 9
182 17
183 10
184 5
185 4
186 4
187 7
188 6
189 11
190 8
191 24
192 16
193 10
194 8
195 4
196 6
197 3
198 2
199 11
200 9
201 3
202 18
203 6
204 6
205 14
206 14
207 18
208 30
209 17
210 7
211 9
212 10
213 20
214 16
215 8
216 7
217 12
218 12
219 16
220 29
221 7
222 32
223 31
224 11
225 20
226 6
227 25
228 9
229 12
230 12
231 11
232 18
233 16
234 18
235 13
236 9
237 20
238 19
239 27
240 14
241 18
242 3
243 8
244 7
245 4
246 31
247 3
248 7
249 8
250 14
251 28
252 15
253 12
254 18
255 15
256 6
257 19
258 16
259 12
260 15
261 11
262 3
263 26
264 7
265 31
266 16
267 18
268 14
269 11
270 11
271 36
272 11
273 38
274 7
275 11
276 2
277 3
278 15
279 10
280 18
281 9
282 8
283 13
284 8
285 6
286 8
287 11
288 2
289 1
290 7
291 19
292 9
293 18
294 3
295 11
296 5
297 6
298 11
299 7
300 9
301 8
302 4
303 7
304 12
305 3
306 4
307 11
308 14
309 6
310 5
311 17
312 8
313 13
314 8
315 37
316 13
317 7
318 13
319 15
320 8
321 20
322 8
323 18
324 14
325 6
326 5
327 12
328 12
329 16
330 7
331 9
332 18
333 12
334 13
335 11
336 7
337 18
338 13
339 19
340 10
341 7
342 8
343 30
344 13
345 8
346 16
347 14
348 3
349 16
350 2
351 23
352 9
353 8
354 0
355 22
356 7
357 9
358 7
359 21
360 11
361 22
362 16
363 9
364 8
365 14
366 9
367 39
368 6
369 14
370 7
371 18
372 5
373 8
374 0
375 5
376 1
377 9
378 10
379 5
380 8
381 14
382 8
383 9
384 16
385 20
386 3
387 17
388 5
389 13
390 10
391 15
392 8
393 7
394 5
395 17
396 7
397 19
398 10
399 1
400 13
401 15
402 5
403 4
404 15
405 12
406 12
407 4
408 5
409 4
410 11
411 3
412 9
413 13
414 6
415 10
416 12
417 6
418 15
419 10
420 8
421 13
422 13
423 6
424 13
425 8
426 6
427 13
428 8
429 3
430 9
431 4
432 4
433 8
434 4
435 4
436 16
437 7
438 8
439 14
440 17
441 2
442 6
443 9
444 10
445 6
446 12
447 12
448 15
449 11
450 6
451 8
452 4
453 12
454 7
455 19
456 17
457 8
458 9
459 10
460 11
461 7
462 6
463 8
464 6
465 18
466 11
467 11
468 16
469 22
470 14
471 11
472 5
473 13
474 8
475 16
476 16
477 19
478 3
479 6
480 6
481 3
482 5
483 5
484 2
485 2
486 6
487 5
488 2
489 2
490 10
491 20
492 6
493 9
494 1
495 3
496 13
497 6
498 16
499 3
500 4
501 6
502 5
503 11
504 2
505 9
506 7
507 3
508 9
509 4
510 13
511 4
512 2
513 7
514 11
515 17
516 3
517 4
518 1
519 2
520 5
521 6
522 10
523 32
524 30
525 9
526 6
527 1
528 7
529 3
530 9
531 7
532 7
533 5
534 5
535 5
536 25
537 6
538 12
539 44
540 42
541 7
542 14
543 9
544 35
545 8
546 9
547 2
548 3
549 35
550 24
551 3
552 14
553 11
554 8
555 1
556 6
557 7
558 5
559 11
560 5
561 22
562 4
563 9
564 7
565 4
566 6
567 12
568 17
569 6
570 9
571 15
572 9
573 51
574 18
575 25
576 3
577 6
578 8
579 22
580 20
581 7
582 32
583 8
584 3
585 9
586 6
587 10
588 13
589 14
590 37
591 10
592 7
593 18
594 9
595 35
596 39
597 30
598 25
599 13
600 12
601 20
602 10
603 8
604 12
605 27
606 19
607 12
608 15
609 7
610 11
611 24
612 6
613 6
614 12
615 12
616 12
617 9
618 7
619 7
620 7
621 6
622 4
623 13
624 14
625 8
626 21
627 15
628 8
629 10
630 13
631 9
632 7
633 13
634 14
635 5
636 4
637 7
638 34
639 8
640 1
641 7
642 14
643 8
644 3
645 12
646 3
647 16
648 13
649 7
650 23
651 17
652 7
653 8
654 17
655 8
656 3
657 9
658 4
659 13
660 10
661 21
662 10
663 11
664 10
665 19
666 4
667 9
668 15
669 15
670 9
671 7
672 4
673 14
674 14
675 6
676 22
677 11
678 11
679 10
680 12
681 5
682 10
683 33
684 13
685 7
686 20
687 11
688 5
689 14
690 4
691 8
692 7
693 14
694 21
695 3
696 31
697 11
698 12
699 17
700 12
701 6
702 6
703 9
704 30
705 6
706 7
707 8
708 14
709 14
710 11
711 24
712 3
713 8
714 9
715 15
716 13
717 17
718 14
719 14
720 6
721 0
722 11
723 15
724 15
725 11
726 10
727 6
728 6
729 9
730 6
731 9
732 5
733 4
734 13
735 1
736 9
737 21
738 15
739 12
740 5
741 4
742 22
743 9
744 16
745 9
746 8
747 30
748 32
749 13
750 21
751 12
752 12
753 10
754 42
755 4
756 11
757 7
758 10
759 15
760 7
761 11
762 14
763 32
764 7
765 23
766 6
767 11
768 22
769 19
770 7
771 6
772 5
773 18
774 8
775 26
776 13
777 4
778 8
779 6
780 8
781 2
782 12
783 18
784 6
785 16
786 7
787 25
788 24
789 7
790 6
791 8
792 5
793 5
794 11
795 3
796 35
797 11
798 9
799 2
800 11
801 6
802 21
803 6
804 19
805 9
806 7
807 0
808 1
809 10
810 14
811 13
812 9
813 18
814 5
815 15
816 5
817 11
818 1
819 4
820 13
821 4
822 8
823 12
824 4
825 26
826 6
827 10
828 19
829 8
830 15
831 15
832 6
833 7
834 12
835 7
836 11
837 22
838 7
839 3
840 5
841 3
842 4
843 4
844 12
845 5
846 10
847 4
848 21
849 11
850 12
851 5
852 3
853 3
854 4
855 7
856 18
857 10
858 6
859 4
860 11
861 15
862 9
863 6
864 6
865 12
866 3
867 14
868 11
869 9
870 7
871 18
872 6
873 9
874 6
875 5
876 6
877 4
878 17
879 18
880 9
881 12
882 8
883 11
884 11
885 0
886 4
887 5
888 4
889 4
890 12
891 19
892 5
893 9
894 11
895 15
896 10
897 7
898 11
899 7
900 11
901 11
902 3
903 2
904 3
905 2
906 1
907 9
908 12
909 0
910 9
911 2
912 11
913 12
914 13
915 2
916 7
917 5
918 1
919 2
920 8
921 8
922 8
923 6
924 5
925 4
926 9
927 1
928 14
929 7
930 11
931 6
932 2
933 8
934 3
935 3
936 4
937 1
938 11
939 14
940 7
941 5
942 3
943 3
944 2
945 2
946 3
947 7
948 6
949 18
950 3
951 3
952 6
953 2
954 25
955 7
956 10
957 7
958 12
959 16
960 6
961 5
962 5
963 4
964 24
965 4
966 26
967 15
968 14
969 8
970 11
971 24
972 18
973 14
974 26
975 6
976 14
977 5
978 11
979 12
980 10
981 11
982 19
983 13
984 7
985 30
986 7
987 2
988 28
989 4
990 8
991 15
992 11
993 9
994 23
995 10
996 15
997 19
998 18
999 11
1000 5
1001 12
1002 17
1003 6
1004 12
1005 6
1006 9
1007 14
1008 39
1009 9
1010 7
1011 5
1012 29
1013 2
1014 11
1015 26
1016 11
1017 14
1018 5
1019 34
1020 6
1021 31
1022 14
1023 13
1024 7
1025 5
1026 5
1027 7
1028 7
1029 22
1030 4
1031 8
1032 13
1033 10
1034 39
1035 7
1036 5
1037 31
1038 6
1039 7
1040 7
1041 2
1042 14
1043 5
1044 15
1045 12
1046 5
1047 12
1048 9
1049 4
1050 7
1051 23
1052 11
1053 8
1054 12
1055 6
1056 3
1057 0
1058 24
1059 10
1060 6
1061 5
1062 5
1063 3
1064 10
1065 1
1066 10
1067 4
1068 6
1069 14
1070 1
1071 7
1072 5
1073 9
1074 3
1075 7
1076 20
1077 4
1078 5
1079 2
1080 7
1081 12
1082 13
1083 8
1084 18
1085 3
1086 2
1087 11
1088 4
1089 7
1090 14
1091 7
1092 4
1093 11
1094 14
1095 8
1096 13
1097 3
1098 7
1099 9
1100 5
1101 4
1102 7
1103 15
1104 14
1105 18
1106 20
1107 21
1108 24
1109 5
1110 18
1111 14
1112 13
1113 16
1114 4
1115 10
1116 2
1117 9
1118 19
1119 4
1120 11
1121 11
1122 8
1123 11
1124 15
1125 10
1126 31
1127 13
1128 17
1129 5
1130 19
1131 32
1132 3
1133 6
1134 5
1135 7
1136 5
1137 3
1138 6
1139 16
1140 7
1141 8
1142 16
1143 10
1144 9
1145 1
1146 22
1147 8
1148 6
1149 8
1150 13
1151 5
1152 12
1153 3
1154 26
1155 30
1156 9
1157 2
1158 17
1159 28
1160 0
1161 13
1162 20
1163 112
1164 62
1165 140
1166 100
1167 73
1168 69
1169 101
1170 145
1171 106
1172 177
1173 77
1174 153
1175 148
1176 61
1177 175
1178 80
1179 66
1180 8
1181 16
1182 118
1183 12
1184 12
1185 17
1186 16
1187 18
1188 11
1189 21
1190 21
1191 14
1192 21
1193 26
1194 5
1195 25
1196 5
1197 9
1198 5
1199 17
1200 21
1201 25
1202 10
1203 9
1204 10
1205 10
1206 11
1207 13
1208 11
1209 7
1210 12
1211 2
1212 16
1213 27
1214 7
1215 10
1216 19
1217 10
1218 18
1219 14
1220 1
1221 13
1222 9
1223 28
1224 21
1225 17
1226 6
1227 4
1228 11
1229 10
1230 11
1231 19
1232 3
1233 33
1234 4
1235 6
1236 7
1237 4
1238 12
1239 13
1240 8
1241 13
1242 12
1243 8
1244 3
1245 16
1246 9
1247 40
1248 2
1249 4
1250 14
1251 15
1252 10
1253 16
1254 4
1255 19
1256 13
1257 9
1258 11
1259 15
1260 11
1261 22
1262 18
1263 12
1264 7
1265 20
1266 11
1267 17
1268 10
1269 24
1270 19
1271 8
1272 18
1273 18
1274 10
1275 24
1276 16
1277 14
1278 18
1279 26
1280 21
1281 23
1282 5
1283 11
1284 19
1285 24
1286 20
1287 4
1288 7
1289 16
1290 11
1291 13
1292 19
1293 16
1294 16
1295 31
1296 18
1297 36
1298 24
1299 18
1300 32
1301 11
1302 20
1303 17
1304 13
1305 9
1306 12
1307 35
1308 3
1309 19
1310 6
1311 12
1312 4
1313 9
1314 22
1315 8
1316 26
1317 9
1318 9
1319 7
1320 11
1321 12
1322 3
1323 16
1324 11
1325 9
1326 15
1327 6
1328 20
1329 15
1330 3
1331 9
1332 3
1333 10
1334 19
1335 15
1336 15
1337 17
1338 12
1339 14
1340 9
1341 9
1342 19
1343 11
1344 23
1345 10
1346 3
1347 2
1348 7
1349 34
1350 7
1351 12
1352 21
1353 12
1354 11
1355 8
1356 15
1357 11
1358 13
1359 15
1360 12
1361 5
1362 19
1363 19
1364 9
1365 19
1366 10
1367 19
1368 7
1369 18
1370 12
1371 12
1372 16
1373 16
1374 5
1375 9
1376 13
1377 12
1378 11
1379 23
1380 12
1381 4
1382 12
1383 7
1384 27
1385 6
1386 11
1387 14
1388 21
1389 10
1390 19
1391 21
1392 5
1393 15
1394 29
1395 8
1396 15
1397 6
1398 11
1399 13
1400 4
1401 13
1402 11
1403 3
1404 8
1405 13
1406 13
1407 8
1408 12
1409 18
1410 17
1411 12
1412 18
1413 13
1414 13
1415 25
1416 5
1417 16
1418 15
1419 6
1420 16
1421 4
1422 9
1423 11
1424 10
1425 8
1426 7
1427 9
1428 10
1429 20
1430 37
1431 4
1432 5
1433 2
1434 7
1435 6
1436 9
1437 8
1438 3
1439 4
1440 7
1441 11
1442 1
1443 5
1444 4
1445 16
1446 6
1447 16
1448 10
1449 9
1450 14
1451 7
1452 6
1453 15
1454 5
1455 19
1456 5
1457 4
1458 19
1459 25
1460 28
1461 7
1462 5
1463 6
1464 11
1465 16
1466 14
1467 15
1468 8
1469 35
1470 14
1471 13
1472 15
1473 16
1474 23
1475 15
1476 15
1477 7
1478 12
1479 14
1480 7
1481 5
1482 7
1483 5
1484 32
1485 7
1486 26
1487 26
1488 24
1489 7
1490 16
1491 6
1492 7
1493 4
1494 5
1495 14
1496 20
1497 16
1498 9
1499 16
1500 7
1501 8
1502 9
1503 9
1504 4
1505 7
1506 9
1507 6
1508 10
1509 3
1510 13
1511 16
1512 5
1513 5
1514 11
1515 9
1516 16
1517 6
1518 6
1519 5
1520 15
1521 10
1522 13
1523 10
1524 3
1525 5
1526 6
1527 16
1528 5
1529 11
1530 6
1531 5
1532 3
1533 4
1534 2
1535 14
1536 4
1537 6
1538 6
1539 10
1540 4
1541 1
1542 7
1543 1
1544 11
1545 5
1546 4
1547 1
1548 6
1549 4
1550 3
1551 16
1552 5
1553 12
1554 6
1555 5
1556 3
1557 4
1558 2
1559 4
1560 6
1561 7
1562 17
1563 3
1564 3
1565 9
1566 15
1567 4
1568 9
1569 2
1570 12
1571 128
1572 406
1573 154
1574 222
1575 164
1576 110
1577 47
1578 19
1579 8
1580 5
1581 8
1582 7
1583 11
1584 42
1585 6
1586 4
1587 5
1588 13
1589 6
1590 14
1591 92
1592 85
1593 102
1594 127
1595 30
1596 22
1597 4
