1 0
2 3
3 8
4 40
5 11
6 14
7 1
8 0
9 10
10 0
11 1
12 2
13 2
14 1
15 3
16 7
17 16
18 26
19 0
20 0
21 1
22 1
23 1
24 23
25 10
26 6
27 3
28 12
29 38
30 0
31 3
32 3
33 1
34 1
35 9
36 5
37 4
38 5
39 24
40 4
41 2
42 13
43 2
44 0
45 1
46 3
47 0
48 4
49 1
50 5
51 4
52 2
53 0
54 5
55 1
56 42
57 7
58 4
59 67
60 8
61 23
62 12
63 2
64 2
65 2
66 15
67 0
68 7
69 3
70 1
71 0
72 6
73 38
74 4
75 8
76 15
77 27
78 1
79 12
80 17
81 41
82 8
83 7
84 35
85 2
86 2
87 1
88 5
89 10
90 25
91 3
92 2
93 2
94 3
95 2
96 3
97 2
98 4
99 1
100 3
101 5
102 8
103 4
104 0
105 0
106 2
107 1
108 8
109 1
110 10
111 2
112 9
113 2
114 5
115 3
116 4
117 6
118 3
119 0
120 28
121 6
122 4
123 7
124 5
125 3
126 7
127 6
128 5
129 7
130 26
131 47
132 56
133 19
134 9
135 12
136 3
137 27
138 30
139 26
140 4
141 14
142 3
143 4
144 0
145 24
146 2
147 29
148 15
149 8
150 10
151 53
152 5
153 2
154 3
155 1
156 1
157 2
158 19
159 14
160 0
161 2
162 3
163 26
164 5
165 12
166 12
167 33
168 2
169 2
170 0
171 11
172 0
173 0
174 34
175 20
176 1
177 5
178 8
179 0
180 19
181 31
182 2
183 8
184 16
185 8
186 9
187 2
188 97
189 3
190 1
191 7
192 1
193 7
194 9
195 17
196 6
197 0
198 2
199 0
200 4
201 1
202 0
203 11
204 2
205 1
206 16
207 1
208 2
209 12
210 3
211 22
212 0
213 0
214 30
215 15
216 1
217 3
218 22
219 15
220 15
221 0
222 3
223 3
224 5
225 0
226 0
227 0
228 1
229 27
230 18
231 4
232 174
233 16
234 2
235 1
236 0
237 11
238 7
239 20
240 77
241 8
242 10
243 2
244 1
245 1
246 5
247 5
248 7
249 0
250 24
251 2
252 0
253 18
254 8
255 1
256 11
257 9
258 7
259 0
260 31
261 4
262 0
263 7
264 0
265 8
266 0
267 3
268 1
269 14
270 0
271 5
272 0
273 3
274 1
275 4
276 1
277 30
278 0
279 6
280 17
281 3
282 1
283 17
284 7
285 3
286 9
287 5
288 8
289 1
290 9
291 0
292 1
293 12
294 0
295 7
296 44
297 0
298 16
299 0
300 2
301 2
302 3
303 10
304 7
305 0
306 4
307 16
308 15
309 31
310 1
311 15
312 0
313 27
314 15
315 82
316 35
317 1
318 41
319 1
320 15
321 7
322 0
323 5
324 6
325 2
326 13
327 3
328 8
329 0
330 0
331 0
332 2
333 100
334 4
335 47
336 2
337 15
338 1
339 7
340 1
341 2
342 5
343 2
344 6
345 32
346 17
347 2
348 1
349 0
350 22
351 47
352 36
353 9
354 0
355 4
356 20
357 2
358 0
359 27
360 6
361 8
362 8
363 0
364 0
365 1
366 0
367 10
368 2
369 4
370 1
371 8
372 1
373 1
374 2
375 2
376 3
377 12
378 6
379 3
380 4
381 29
382 13
383 0
384 9
385 10
386 5
387 30
388 1
389 5
390 5
391 7
392 9
393 9
394 1
395 25
396 3
397 8
398 5
399 0
400 13
401 7
402 5
403 0
404 17
405 8
406 3
407 2
408 2
409 0
410 0
411 10
412 4
413 2
414 1
415 3
416 18
417 0
418 10
419 12
420 7
421 15
422 8
423 0
424 1
425 9
426 0
427 9
428 5
429 0
430 6
431 2
432 10
433 5
434 2
435 0
436 7
437 0
438 0
439 1
440 11
441 8
442 1
443 8
444 1
445 2
446 7
447 17
448 5
449 3
450 12
451 7
452 4
453 10
454 22
455 6
456 2
457 13
458 1
459 6
460 6
461 9
462 6
463 9
464 7
465 0
466 6
467 1
468 1
469 5
470 9
471 8
472 12
473 7
474 1
475 6
476 2
477 3
478 10
479 0
480 3
481 2
482 2
483 1
484 1
485 8
486 1
487 0
488 2
489 0
490 2
491 5
492 2
493 0
494 1
495 1
496 6
497 1
498 9
499 2
500 5
501 13
502 0
503 4
504 0
505 2
506 1
507 1
508 11
509 0
510 4
511 3
512 0
513 15
514 1
515 11
516 4
517 2
518 0
519 0
520 2
521 0
522 4
523 8
524 0
525 7
526 6
527 1
528 1
529 0
530 3
531 15
532 1
533 3
534 0
535 0
536 3
537 4
538 4
539 2
540 0
541 4
542 9
543 8
544 22
545 9
546 0
547 6
548 0
549 5
550 8
551 3
552 5
553 52
554 3
555 0
556 27
557 3
558 5
559 5
560 5
561 8
562 6
563 7
564 4
565 4
566 7
567 0
568 6
569 2
570 10
571 11
572 1
573 17
574 19
575 3
576 1
577 3
578 0
579 5
580 2
581 10
582 0
583 5
584 3
585 2
586 72
587 0
588 7
589 13
590 16
591 7
592 8
593 1
594 2
595 16
596 10
597 3
598 1
599 38
600 31
601 2
602 0
603 3
604 14
605 18
606 6
607 26
608 44
609 1
610 50
611 38
612 8
613 1
614 3
615 13
616 15
617 1
618 17
619 5
620 0
621 2
622 2
623 83
624 18
625 17
626 6
627 8
628 38
629 6
630 65
631 4
632 4
633 5
634 2
635 15
636 1
637 23
638 3
639 3
640 0
641 29
642 13
643 22
644 0
645 24
646 2
647 11
648 10
649 2
650 0
651 38
652 2
653 10
654 12
655 6
656 2
657 2
658 56
659 5
660 37
661 20
662 14
663 4
664 3
665 63
666 0
667 6
668 5
669 6
670 0
671 22
672 3
673 10
674 11
675 2
676 18
677 33
678 20
679 5
680 16
681 9
682 34
683 4
684 36
685 0
686 38
687 29
688 10
689 101
690 3
691 1
692 38
693 1
694 17
695 2
696 5
697 35
698 4
699 2
700 1
701 1
702 3
703 36
704 21
705 7
706 33
707 1
708 3
709 1
710 1
711 14
712 0
713 12
714 0
715 22
716 14
717 0
718 0
719 13
720 5
721 0
722 2
723 29
724 2
725 2
726 12
727 3
728 8
729 28
730 16
731 2
732 18
733 29
734 10
735 0
736 19
737 14
738 6
739 6
740 2
741 0
742 10
743 2
744 14
745 0
746 22
747 1
748 47
749 17
750 95
751 19
752 4
753 7
754 13
755 14
756 4
757 19
758 4
759 9
760 2
761 16
762 2
763 93
764 5
765 8
766 47
767 0
768 41
769 2
770 0
771 2
772 0
773 4
774 5
775 10
776 0
777 13
778 2
779 10
780 10
781 3
782 0
783 3
784 2
785 7
786 7
787 8
788 31
789 6
790 4
791 6
792 0
793 16
794 5
795 6
796 9
797 9
798 23
799 1
800 8
801 7
802 12
803 28
804 25
805 43
806 2
807 5
808 3
809 4
810 1
811 6
812 2
813 0
814 7
815 43
816 1
817 4
818 10
819 5
820 30
821 0
822 71
823 4
824 1
825 8
826 6
827 6
828 0
829 12
830 2
831 15
832 12
833 5
834 0
835 20
836 29
837 31
838 10
839 2
840 4
841 1
842 5
843 9
844 5
845 2
846 9
847 8
848 2
849 29
850 10
851 3
852 3
853 3
854 10
855 3
856 15
857 2
858 6
859 1
860 0
861 13
862 0
863 19
864 0
865 8
866 0
867 10
868 1
869 11
870 2
871 7
872 4
873 0
874 11
875 0
876 1
877 1
878 20
879 8
880 2
881 12
882 5
883 1
884 7
885 4
886 14
887 18
888 0
889 5
890 5
891 12
892 0
893 10
894 3
895 3
896 2
897 0
898 1
899 2
900 2
901 0
902 3
903 4
904 1
905 3
906 5
907 0
908 10
909 3
910 0
911 2
912 11
913 3
914 4
915 0
916 11
917 3
918 4
919 8
920 12
921 1
922 15
923 6
924 22
925 3
926 1
927 3
928 5
929 1
930 5
931 2
932 1
933 0
934 1
935 8
936 2
937 7
938 4
939 0
940 0
941 7
942 2
943 6
944 1
945 1
946 0
947 0
948 0
949 1
950 0
951 0
952 1
953 0
954 19
955 2
956 10
957 3
958 4
959 6
960 0
961 3
962 2
963 0
964 8
965 5
966 8
967 4
968 20
969 0
970 29
971 4
972 1
973 4
974 36
975 3
976 10
977 21
978 2
979 0
980 0
981 2
982 0
983 0
984 0
985 55
986 104
987 1
988 55
989 4
990 53
991 54
992 15
993 27
994 0
995 11
996 2
997 32
998 14
999 5
1000 16
1001 3
1002 17
1003 9
1004 56
1005 3
1006 13
1007 6
1008 47
1009 42
1010 3
1011 0
1012 23
1013 5
1014 12
1015 9
1016 56
1017 45
1018 0
1019 21
1020 2
1021 27
1022 8
1023 3
1024 2
1025 2
1026 2
1027 1
1028 4
1029 18
1030 62
1031 4
1032 10
1033 5
1034 13
1035 4
1036 2
1037 6
1038 2
1039 7
1040 4
1041 0
1042 9
1043 1
1044 0
1045 14
1046 2
1047 1
1048 1
1049 0
1050 0
1051 2
1052 56
1053 17
1054 5
1055 1
1056 5
1057 2
1058 21
1059 17
1060 2
1061 2
1062 2
1063 0
1064 15
1065 4
1066 9
1067 1
1068 2
1069 14
1070 0
1071 2
1072 1
1073 2
1074 5
1075 7
1076 3
1077 8
1078 9
1079 0
1080 10
1081 6
1082 116
1083 1
1084 9
1085 5
1086 0
1087 14
1088 8
1089 0
1090 2
1091 2
1092 0
1093 9
1094 7
1095 2
1096 10
1097 2
1098 7
1099 12
1100 0
1101 1
1102 0
1103 16
1104 83
1105 24
1106 9
1107 46
1108 16
1109 22
1110 0
1111 2
1112 0
1113 9
1114 2
1115 12
1116 7
1117 4
1118 0
1119 3
1120 0
1121 0
1122 24
1123 0
1124 2
1125 1
1126 6
1127 3
1128 3
1129 0
1130 4
1131 14
1132 15
1133 9
1134 0
1135 1
1136 0
1137 1
1138 0
1139 12
1140 2
1141 5
1142 6
1143 1
1144 7
1145 5
1146 13
1147 1
1148 10
1149 6
1150 10
1151 2
1152 19
1153 2
1154 4
1155 19
1156 9
1157 0
1158 3
1159 5
1160 17
1161 8
1162 0
1163 1
1164 5
1165 6
1166 1
1167 7
1168 0
1169 0
1170 14
1171 8
1172 0
1173 13
1174 1
1175 11
1176 1
1177 4
1178 2
1179 4
1180 1
1181 17
1182 4
1183 9
1184 13
1185 4
1186 1
1187 15
1188 0
1189 5
1190 3
1191 6
1192 22
1193 69
1194 7
1195 0
1196 5
1197 1
1198 0
1199 17
1200 4
1201 12
1202 9
1203 3
1204 7
1205 0
1206 2
1207 0
1208 46
1209 7
1210 14
1211 14
1212 0
1213 6
1214 4
1215 0
1216 18
1217 5
1218 9
1219 26
1220 0
1221 4
1222 23
1223 26
1224 5
1225 2
1226 2
1227 10
1228 6
1229 3
1230 7
1231 12
1232 2
1233 21
1234 2
1235 1
1236 3
1237 7
1238 13
1239 10
1240 3
1241 3
1242 5
1243 10
1244 25
1245 3
1246 0
1247 10
1248 0
1249 2
1250 12
1251 4
1252 7
1253 14
1254 1
1255 1
1256 10
1257 3
1258 59
1259 2
1260 10
1261 4
1262 16
1263 21
1264 6
1265 20
1266 8
1267 17
1268 7
1269 3
1270 17
1271 0
1272 1
1273 8
1274 3
1275 2
1276 5
1277 4
1278 1
1279 8
1280 0
1281 29
1282 1
1283 2
1284 0
1285 1
1286 48
1287 2
1288 17
1289 15
1290 28
1291 11
1292 7
1293 7
1294 1
1295 3
1296 6
1297 14
1298 22
1299 9
1300 6
1301 0
1302 6
1303 24
1304 0
1305 22
1306 0
1307 13
1308 4
1309 8
1310 7
1311 37
1312 6
1313 4
1314 4
1315 39
1316 0
1317 1
1318 18
1319 1
1320 14
1321 3
1322 2
1323 3
1324 6
1325 48
1326 5
1327 0
1328 19
1329 0
1330 5
1331 6
1332 0
1333 27
1334 11
1335 12
1336 0
1337 5
1338 13
1339 142
1340 2
1341 12
1342 13
1343 5
1344 30
1345 6
1346 6
1347 32
1348 1
1349 20
1350 7
1351 15
1352 14
1353 6
1354 4
1355 12
1356 9
1357 1
1358 0
1359 29
1360 5
1361 0
1362 3
1363 8
1364 63
1365 7
1366 6
1367 5
1368 15
1369 8
1370 57
1371 2
1372 3
1373 7
1374 3
1375 23
1376 9
1377 0
1378 2
1379 16
1380 2
1381 122
1382 9
1383 18
1384 58
1385 0
1386 7
1387 0
1388 11
1389 2
1390 2
1391 0
1392 0
1393 11
1394 16
1395 4
1396 6
1397 2
1398 0
1399 10
1400 2
1401 7
1402 1
1403 1
1404 3
1405 92
1406 0
1407 19
1408 0
1409 14
1410 7
1411 14
1412 12
1413 3
1414 1
1415 5
1416 0
1417 0
1418 17
1419 1
1420 0
1421 0
1422 16
1423 6
1424 4
1425 13
1426 1
1427 1
1428 8
1429 0
1430 4
1431 6
1432 4
1433 0
1434 0
1435 4
1436 10
1437 2
1438 2
1439 0
1440 13
1441 9
1442 0
1443 5
1444 8
1445 6
1446 14
1447 16
1448 3
1449 4
1450 9
1451 1
1452 5
1453 2
1454 16
1455 51
1456 12
1457 0
1458 9
1459 14
1460 6
1461 3
1462 0
1463 1
1464 0
1465 20
1466 7
1467 18
1468 21
1469 2
1470 12
1471 5
1472 7
1473 10
1474 6
1475 1
1476 10
1477 15
1478 5
1479 2
1480 9
1481 3
1482 12
1483 11
1484 1
1485 1
1486 6
1487 11
1488 2
1489 3
1490 13
1491 0
1492 2
1493 1
1494 0
1495 15
1496 25
1497 8
1498 0
1499 0
1500 5
1501 0
1502 1
1503 0
1504 15
1505 0
1506 3
1507 44
1508 17
1509 1
1510 0
1511 18
1512 2
1513 0
1514 3
1515 3
1516 10
1517 3
1518 6
1519 0
1520 11
1521 10
1522 4
1523 16
1524 0
1525 12
1526 0
1527 2
1528 7
1529 2
1530 2
1531 1
1532 2
1533 2
1534 0
1535 25
1536 6
1537 8
1538 0
1539 0
1540 0
1541 0
1542 1
1543 2
1544 4
1545 2
1546 3
1547 2
1548 0
1549 3
1550 0
1551 2
1552 4
1553 0
1554 4
1555 3
1556 0
1557 2
1558 0
1559 0
1560 0
1561 1
1562 13
1563 2
1564 3
1565 6
1566 3
1567 0
1568 2
1569 1
1570 5
1571 46
1572 5
1573 0
1574 16
1575 7
1576 0
1577 42
1578 1
1579 14
1580 0
1581 4
1582 1
1583 1
1584 7
1585 0
1586 1
1587 0
1588 10
1589 2
1590 0
1591 1
1592 5
1593 10
1594 10
1595 0
1596 29
1597 7
