1 41
2 23
3 265
4 344
5 275
6 652
7 27
8 20
9 265
10 16
11 25
12 115
13 108
14 153
15 212
16 308
17 153
18 273
19 14
20 0
21 6
22 12
23 11
24 42
25 67
26 30
27 6
28 32
29 10
30 4
31 42
32 50
33 4
34 69
35 43
36 44
37 52
38 10
39 25
40 11
41 12
42 14
43 29
44 3
45 13
46 3
47 3
48 19
49 2
50 15
51 62
52 7
53 4
54 13
55 3
56 43
57 0
58 23
59 46
60 46
61 61
62 42
63 10
64 16
65 12
66 7
67 9
68 6
69 28
70 35
71 3
72 59
73 16
74 13
75 51
76 15
77 10
78 18
79 35
80 16
81 12
82 4
83 20
84 21
85 14
86 33
87 23
88 8
89 15
90 20
91 7
92 3
93 17
94 32
95 14
96 17
97 6
98 2
99 11
100 6
101 13
102 7
103 20
104 1
105 3
106 4
107 9
108 12
109 11
110 0
111 5
112 34
113 7
114 42
115 13
116 66
117 21
118 42
119 5
120 45
121 5
122 8
123 13
124 15
125 16
126 22
127 5
128 37
129 33
130 7
131 22
132 43
133 28
134 31
135 12
136 32
137 20
138 19
139 27
140 25
141 28
142 10
143 2
144 14
145 13
146 23
147 53
148 37
149 12
150 15
151 9
152 15
153 37
154 30
155 9
156 3
157 6
158 21
159 14
160 11
161 7
162 5
163 61
164 5
165 18
166 49
167 11
168 5
169 19
170 17
171 24
172 8
173 2
174 18
175 45
176 10
177 22
178 18
179 56
180 57
181 34
182 12
183 31
184 5
185 7
186 3
187 5
188 38
189 9
190 39
191 33
192 13
193 19
194 5
195 22
196 10
197 0
198 19
199 15
200 22
201 5
202 5
203 27
204 2
205 3
206 10
207 11
208 36
209 26
210 8
211 10
212 14
213 12
214 24
215 20
216 9
217 103
218 17
219 40
220 43
221 2
222 14
223 8
224 9
225 32
226 9
227 24
228 33
229 31
230 20
231 77
232 22
233 41
234 4
235 125
236 20
237 48
238 15
239 26
240 42
241 23
242 13
243 15
244 2
245 14
246 14
247 8
248 8
249 27
250 34
251 10
252 17
253 27
254 25
255 15
256 10
257 9
258 48
259 33
260 63
261 15
262 9
263 42
264 7
265 46
266 5
267 18
268 14
269 8
270 13
271 35
272 10
273 10
274 1
275 62
276 3
277 24
278 8
279 5
280 22
281 4
282 6
283 29
284 28
285 5
286 8
287 10
288 5
289 0
290 12
291 8
292 6
293 40
294 6
295 6
296 3
297 4
298 15
299 17
300 8
301 4
302 6
303 18
304 9
305 11
306 3
307 26
308 9
309 16
310 8
311 20
312 3
313 82
314 21
315 81
316 65
317 5
318 43
319 7
320 31
321 33
322 9
323 11
324 12
325 3
326 7
327 11
328 7
329 6
330 3
331 5
332 22
333 13
334 12
335 13
336 6
337 17
338 6
339 11
340 10
341 31
342 17
343 130
344 52
345 20
346 21
347 19
348 6
349 13
350 6
351 50
352 29
353 13
354 3
355 16
356 8
357 18
358 19
359 11
360 6
361 18
362 10
363 11
364 16
365 4
366 4
367 38
368 9
369 9
370 2
371 31
372 3
373 2
374 14
375 18
376 8
377 27
378 27
379 23
380 15
381 28
382 9
383 5
384 34
385 55
386 28
387 27
388 32
389 105
390 6
391 20
392 30
393 8
394 9
395 18
396 1
397 29
398 45
399 7
400 40
401 164
402 30
403 9
404 9
405 21
406 21
407 3
408 13
409 8
410 3
411 25
412 0
413 29
414 12
415 18
416 11
417 3
418 75
419 64
420 56
421 22
422 58
423 5
424 6
425 44
426 14
427 33
428 50
429 13
430 24
431 51
432 67
433 38
434 3
435 11
436 23
437 10
438 3
439 28
440 27
441 31
442 25
443 71
444 9
445 1
446 15
447 12
448 27
449 19
450 31
451 5
452 16
453 51
454 16
455 43
456 6
457 46
458 7
459 70
460 14
461 11
462 27
463 10
464 27
465 8
466 66
467 33
468 10
469 15
470 41
471 43
472 91
473 13
474 12
475 47
476 8
477 5
478 8
479 3
480 2
481 12
482 7
483 1
484 4
485 3
486 3
487 4
488 5
489 2
490 5
491 16
492 3
493 8
494 1
495 13
496 8
497 4
498 35
499 4
500 3
501 4
502 6
503 7
504 4
505 20
506 5
507 6
508 7
509 1
510 8
511 2
512 3
513 8
514 15
515 13
516 2
517 3
518 6
519 5
520 0
521 11
522 9
523 32
524 10
525 8
526 5
527 7
528 8
529 6
530 3
531 1
532 3
533 5
534 6
535 21
536 18
537 10
538 10
539 29
540 19
541 4
542 3
543 4
544 10
545 10
546 7
547 5
548 4
549 20
550 14
551 3
552 23
553 7
554 13
555 8
556 22
557 20
558 15
559 34
560 9
561 12
562 16
563 14
564 16
565 2
566 5
567 13
568 22
569 5
570 7
571 18
572 15
573 54
574 26
575 16
576 9
577 0
578 7
579 30
580 10
581 17
582 6
583 11
584 62
585 9
586 22
587 7
588 6
589 9
590 17
591 20
592 6
593 19
594 11
595 65
596 66
597 27
598 26
599 18
600 32
601 7
602 29
603 20
604 26
605 64
606 12
607 40
608 27
609 24
610 38
611 47
612 6
613 6
614 16
615 41
616 27
617 18
618 22
619 18
620 5
621 16
622 15
623 23
624 22
625 7
626 22
627 65
628 46
629 6
630 56
631 26
632 13
633 25
634 64
635 22
636 2
637 25
638 42
639 14
640 6
641 28
642 33
643 37
644 1
645 37
646 9
647 20
648 16
649 11
650 8
651 5
652 7
653 15
654 52
655 23
656 46
657 1
658 20
659 46
660 26
661 25
662 28
663 4
664 3
665 16
666 21
667 38
668 22
669 24
670 23
671 33
672 22
673 16
674 36
675 5
676 54
677 74
678 17
679 18
680 5
681 10
682 4
683 68
684 41
685 4
686 103
687 6
688 4
689 77
690 6
691 6
692 64
693 6
694 10
695 4
696 59
697 21
698 22
699 10
700 9
701 27
702 19
703 57
704 10
705 4
706 11
707 5
708 3
709 13
710 6
711 27
712 1
713 19
714 6
715 51
716 8
717 7
718 2
719 37
720 3
721 0
722 11
723 78
724 12
725 8
726 26
727 9
728 11
729 19
730 6
731 21
732 7
733 35
734 23
735 1
736 14
737 15
738 34
739 6
740 4
741 5
742 7
743 27
744 40
745 2
746 9
747 33
748 21
749 14
750 27
751 16
752 7
753 15
754 27
755 7
756 21
757 3
758 22
759 18
760 8
761 39
762 8
763 13
764 11
765 14
766 15
767 11
768 23
769 12
770 6
771 2
772 2
773 13
774 6
775 113
776 6
777 53
778 51
779 19
780 33
781 2
782 1
783 5
784 55
785 8
786 31
787 44
788 43
789 21
790 6
791 19
792 8
793 58
794 3
795 11
796 68
797 56
798 31
799 4
800 8
801 19
802 41
803 46
804 12
805 21
806 7
807 0
808 11
809 6
810 7
811 79
812 41
813 3
814 17
815 7
816 2
817 32
818 5
819 17
820 61
821 13
822 20
823 30
824 22
825 19
826 6
827 23
828 4
829 64
830 30
831 57
832 17
833 10
834 0
835 5
836 44
837 31
838 34
839 13
840 5
841 22
842 27
843 16
844 23
845 2
846 7
847 34
848 71
849 70
850 50
851 41
852 0
853 6
854 2
855 21
856 38
857 17
858 1
859 10
860 1
861 38
862 5
863 11
864 4
865 25
866 2
867 66
868 7
869 36
870 22
871 24
872 25
873 2
874 39
875 4
876 4
877 2
878 43
879 63
880 4
881 20
882 2
883 4
884 10
885 4
886 1
887 41
888 5
889 0
890 11
891 6
892 2
893 6
894 3
895 5
896 5
897 2
898 6
899 6
900 17
901 4
902 3
903 3
904 1
905 1
906 1
907 3
908 8
909 1
910 3
911 1
912 4
913 6
914 2
915 6
916 9
917 3
918 0
919 23
920 4
921 1
922 6
923 8
924 25
925 34
926 2
927 2
928 6
929 2
930 3
931 17
932 1
933 1
934 3
935 6
936 20
937 0
938 67
939 7
940 1
941 0
942 8
943 11
944 1
945 0
946 1
947 2
948 9
949 5
950 2
951 6
952 9
953 1
954 9
955 9
956 61
957 36
958 59
959 6
960 2
961 1
962 1
963 2
964 2
965 3
966 16
967 1
968 5
969 2
970 10
971 9
972 5
973 1
974 48
975 9
976 51
977 17
978 0
979 3
980 10
981 3
982 2
983 0
984 10
985 129
986 13
987 2
988 32
989 2
990 6
991 12
992 11
993 5
994 13
995 14
996 17
997 9
998 22
999 4
1000 7
1001 7
1002 44
1003 0
1004 6
1005 9
1006 89
1007 9
1008 55
1009 60
1010 1
1011 4
1012 30
1013 5
1014 26
1015 11
1016 49
1017 11
1018 1
1019 14
1020 4
1021 51
1022 2
1023 2
1024 1
1025 12
1026 3
1027 7
1028 3
1029 86
1030 27
1031 10
1032 57
1033 21
1034 41
1035 29
1036 63
1037 22
1038 15
1039 33
1040 3
1041 3
1042 74
1043 1
1044 23
1045 53
1046 4
1047 16
1048 10
1049 4
1050 1
1051 50
1052 36
1053 25
1054 40
1055 1
1056 79
1057 2
1058 50
1059 8
1060 10
1061 38
1062 10
1063 1
1064 51
1065 5
1066 64
1067 2
1068 20
1069 1
1070 5
1071 25
1072 1
1073 7
1074 29
1075 43
1076 66
1077 4
1078 23
1079 9
1080 30
1081 36
1082 26
1083 50
1084 79
1085 3
1086 9
1087 14
1088 21
1089 8
1090 78
1091 28
1092 4
1093 0
1094 23
1095 12
1096 73
1097 27
1098 69
1099 39
1100 0
1101 23
1102 9
1103 71
1104 78
1105 24
1106 66
1107 55
1108 18
1109 24
1110 5
1111 32
1112 48
1113 25
1114 15
1115 35
1116 6
1117 26
1118 0
1119 0
1120 3
1121 3
1122 1
1123 1
1124 3
1125 6
1126 26
1127 2
1128 8
1129 2
1130 6
1131 45
1132 2
1133 7
1134 1
1135 3
1136 0
1137 0
1138 10
1139 0
1140 3
1141 1
1142 2
1143 0
1144 0
1145 0
1146 4
1147 3
1148 0
1149 3
1150 23
1151 26
1152 34
1153 1
1154 19
1155 6
1156 56
1157 4
1158 6
1159 50
1160 0
1161 43
1162 8
1163 64
1164 57
1165 52
1166 24
1167 34
1168 17
1169 21
1170 39
1171 23
1172 29
1173 29
1174 67
1175 42
1176 16
1177 74
1178 42
1179 30
1180 12
1181 26
1182 40
1183 6
1184 46
1185 14
1186 28
1187 5
1188 3
1189 55
1190 36
1191 45
1192 59
1193 13
1194 12
1195 16
1196 19
1197 23
1198 2
1199 14
1200 24
1201 71
1202 9
1203 12
1204 37
1205 9
1206 4
1207 18
1208 25
1209 15
1210 16
1211 6
1212 4
1213 6
1214 6
1215 8
1216 52
1217 36
1218 9
1219 41
1220 0
1221 19
1222 18
1223 29
1224 35
1225 6
1226 5
1227 8
1228 6
1229 11
1230 15
1231 85
1232 2
1233 52
1234 6
1235 9
1236 6
1237 6
1238 46
1239 25
1240 7
1241 9
1242 7
1243 18
1244 11
1245 8
1246 3
1247 45
1248 6
1249 6
1250 12
1251 8
1252 3
1253 12
1254 4
1255 8
1256 1
1257 6
1258 5
1259 13
1260 9
1261 18
1262 6
1263 19
1264 21
1265 47
1266 19
1267 17
1268 15
1269 11
1270 7
1271 18
1272 31
1273 42
1274 14
1275 11
1276 31
1277 8
1278 18
1279 7
1280 11
1281 106
1282 5
1283 16
1284 14
1285 7
1286 153
1287 0
1288 19
1289 7
1290 3
1291 6
1292 35
1293 72
1294 6
1295 57
1296 8
1297 135
1298 15
1299 6
1300 35
1301 6
1302 40
1303 38
1304 3
1305 19
1306 7
1307 17
1308 25
1309 29
1310 16
1311 13
1312 16
1313 9
1314 45
1315 19
1316 19
1317 2
1318 40
1319 7
1320 73
1321 13
1322 19
1323 14
1324 4
1325 8
1326 20
1327 2
1328 22
1329 0
1330 31
1331 4
1332 2
1333 17
1334 14
1335 13
1336 2
1337 14
1338 78
1339 89
1340 0
1341 12
1342 13
1343 3
1344 8
1345 22
1346 8
1347 36
1348 7
1349 23
1350 51
1351 7
1352 16
1353 35
1354 1
1355 15
1356 19
1357 38
1358 3
1359 57
1360 52
1361 2
1362 4
1363 40
1364 14
1365 6
1366 3
1367 6
1368 25
1369 8
1370 44
1371 29
1372 18
1373 22
1374 13
1375 18
1376 15
1377 3
1378 31
1379 20
1380 40
1381 39
1382 48
1383 49
1384 23
1385 8
1386 62
1387 37
1388 26
1389 7
1390 19
1391 9
1392 3
1393 6
1394 51
1395 74
1396 37
1397 23
1398 12
1399 15
1400 15
1401 12
1402 29
1403 29
1404 30
1405 20
1406 3
1407 41
1408 14
1409 55
1410 144
1411 7
1412 45
1413 4
1414 15
1415 41
1416 3
1417 3
1418 5
1419 8
1420 9
1421 10
1422 49
1423 48
1424 7
1425 66
1426 13
1427 26
1428 2
1429 9
1430 15
1431 5
1432 30
1433 3
1434 7
1435 32
1436 60
1437 21
1438 24
1439 8
1440 45
1441 9
1442 5
1443 84
1444 1
1445 23
1446 26
1447 60
1448 63
1449 51
1450 117
1451 21
1452 25
1453 122
1454 34
1455 10
1456 14
1457 5
1458 9
1459 195
1460 8
1461 3
1462 20
1463 12
1464 37
1465 40
1466 41
1467 8
1468 53
1469 30
1470 5
1471 39
1472 19
1473 41
1474 69
1475 47
1476 65
1477 24
1478 6
1479 22
1480 10
1481 40
1482 12
1483 12
1484 3
1485 4
1486 58
1487 8
1488 8
1489 9
1490 47
1491 4
1492 6
1493 2
1494 9
1495 70
1496 4
1497 2
1498 3
1499 4
1500 2
1501 3
1502 3
1503 0
1504 1
1505 2
1506 8
1507 16
1508 56
1509 1
1510 7
1511 4
1512 4
1513 0
1514 1
1515 2
1516 4
1517 0
1518 3
1519 2
1520 23
1521 29
1522 35
1523 21
1524 1
1525 5
1526 1
1527 3
1528 1
1529 2
1530 4
1531 1
1532 1
1533 1
1534 3
1535 86
1536 10
1537 39
1538 0
1539 3
1540 3
1541 0
1542 1
1543 4
1544 1
1545 6
1546 3
1547 8
1548 0
1549 1
1550 0
1551 4
1552 6
1553 1
1554 28
1555 14
1556 0
1557 4
1558 1
1559 0
1560 5
1561 3
1562 44
1563 0
1564 4
1565 6
1566 7
1567 2
1568 2
1569 12
1570 2
1571 211
1572 377
1573 99
1574 109
1575 229
1576 17
1577 20
1578 17
1579 36
1580 5
1581 21
1582 14
1583 14
1584 80
1585 2
1586 3
1587 4
1588 2
1589 3
1590 4
1591 30
1592 90
1593 32
1594 38
1595 20
1596 16
1597 0
