1 3
2 0
3 2
4 18
5 10
6 18
7 0
8 0
9 38
10 0
11 0
12 4
13 4
14 3
15 1
16 4
17 8
18 15
19 1
20 0
21 2
22 3
23 5
24 20
25 6
26 0
27 6
28 2
29 2
30 0
31 1
32 5
33 6
34 6
35 7
36 4
37 7
38 6
39 4
40 1
41 8
42 0
43 3
44 6
45 1
46 9
47 2
48 3
49 0
50 2
51 2
52 1
53 1
54 2
55 0
56 3
57 0
58 4
59 1
60 1
61 10
62 10
63 4
64 2
65 0
66 3
67 0
68 11
69 3
70 9
71 0
72 16
73 6
74 32
75 15
76 13
77 7
78 6
79 2
80 4
81 14
82 11
83 14
84 9
85 6
86 22
87 1
88 4
89 43
90 26
91 5
92 10
93 1
94 6
95 17
96 19
97 10
98 4
99 27
100 4
101 0
102 2
103 12
104 0
105 0
106 8
107 5
108 1
109 6
110 8
111 0
112 13
113 2
114 1
115 12
116 12
117 8
118 6
119 1
120 15
121 24
122 1
123 1
124 15
125 3
126 9
127 2
128 1
129 1
130 1
131 1
132 3
133 2
134 4
135 2
136 6
137 0
138 8
139 1
140 2
141 3
142 1
143 1
144 7
145 1
146 2
147 7
148 5
149 0
150 2
151 0
152 1
153 1
154 2
155 1
156 2
157 3
158 14
159 2
160 0
161 1
162 2
163 0
164 0
165 0
166 11
167 2
168 2
169 10
170 3
171 0
172 0
173 1
174 3
175 4
176 0
177 21
178 3
179 6
180 13
181 2
182 26
183 5
184 0
185 0
186 1
187 0
188 10
189 0
190 0
191 0
192 0
193 1
194 7
195 0
196 1
197 0
198 0
199 2
200 8
201 0
202 0
203 0
204 0
205 5
206 6
207 0
208 3
209 2
210 7
211 2
212 2
213 0
214 1
215 2
216 0
217 0
218 15
219 1
220 3
221 0
222 6
223 3
224 2
225 2
226 0
227 0
228 11
229 25
230 8
231 6
232 11
233 2
234 1
235 1
236 12
237 8
238 6
239 2
240 3
241 0
242 3
243 9
244 0
245 0
246 2
247 0
248 3
249 1
250 6
251 7
252 0
253 1
254 4
255 2
256 13
257 21
258 12
259 11
260 2
261 9
262 0
263 4
264 7
265 4
266 1
267 3
268 0
269 0
270 2
271 1
272 0
273 0
274 0
275 5
276 0
277 1
278 1
279 1
280 7
281 5
282 2
283 2
284 4
285 9
286 2
287 10
288 0
289 0
290 5
291 0
292 0
293 16
294 0
295 1
296 3
297 0
298 5
299 0
300 0
301 1
302 0
303 4
304 3
305 2
306 2
307 11
308 11
309 9
310 0
311 5
312 2
313 22
314 12
315 7
316 13
317 0
318 4
319 2
320 4
321 1
322 7
323 5
324 2
325 0
326 6
327 3
328 7
329 0
330 1
331 2
332 5
333 9
334 5
335 0
336 4
337 4
338 1
339 10
340 0
341 18
342 6
343 0
344 4
345 3
346 10
347 4
348 2
349 3
350 1
351 11
352 2
353 3
354 2
355 19
356 1
357 2
358 7
359 0
360 1
361 1
362 2
363 0
364 2
365 2
366 0
367 2
368 2
369 2
370 1
371 9
372 1
373 5
374 0
375 0
376 0
377 2
378 3
379 2
380 26
381 22
382 1
383 4
384 2
385 2
386 16
387 9
388 2
389 16
390 0
391 6
392 46
393 1
394 3
395 4
396 1
397 6
398 2
399 0
400 7
401 3
402 3
403 1
404 8
405 4
406 28
407 0
408 11
409 2
410 0
411 9
412 8
413 8
414 7
415 6
416 7
417 1
418 7
419 9
420 8
421 4
422 10
423 0
424 0
425 9
426 0
427 1
428 0
429 0
430 1
431 4
432 5
433 10
434 9
435 7
436 1
437 0
438 0
439 4
440 4
441 1
442 2
443 2
444 2
445 1
446 1
447 1
448 6
449 1
450 0
451 5
452 3
453 3
454 6
455 11
456 0
457 3
458 2
459 17
460 0
461 0
462 2
463 17
464 9
465 0
466 3
467 1
468 0
469 0
470 17
471 23
472 2
473 2
474 4
475 3
476 9
477 8
478 0
479 0
480 3
481 0
482 2
483 1
484 0
485 0
486 2
487 17
488 11
489 0
490 4
491 9
492 0
493 0
494 5
495 3
496 5
497 0
498 6
499 5
500 2
501 3
502 8
503 4
504 0
505 2
506 9
507 3
508 2
509 20
510 1
511 3
512 2
513 6
514 1
515 7
516 3
517 6
518 1
519 0
520 1
521 1
522 4
523 4
524 1
525 1
526 1
527 0
528 1
529 9
530 28
531 7
532 3
533 9
534 0
535 1
536 4
537 2
538 3
539 11
540 6
541 8
542 0
543 5
544 6
545 8
546 0
547 5
548 14
549 2
550 7
551 11
552 10
553 3
554 1
555 3
556 7
557 2
558 37
559 16
560 3
561 36
562 13
563 11
564 6
565 0
566 0
567 11
568 10
569 4
570 0
571 13
572 19
573 75
574 49
575 6
576 18
577 7
578 13
579 3
580 51
581 9
582 2
583 1
584 3
585 0
586 0
587 3
588 0
589 0
590 6
591 4
592 2
593 0
594 1
595 5
596 7
597 3
598 8
599 5
600 2
601 1
602 2
603 14
604 5
605 11
606 5
607 17
608 3
609 3
610 4
611 5
612 0
613 3
614 2
615 18
616 0
617 2
618 0
619 0
620 0
621 1
622 0
623 4
624 6
625 1
626 4
627 15
628 2
629 0
630 20
631 3
632 1
633 3
634 2
635 1
636 0
637 12
638 14
639 0
640 0
641 10
642 2
643 6
644 0
645 15
646 0
647 1
648 3
649 5
650 3
651 3
652 8
653 1
654 5
655 3
656 5
657 0
658 1
659 4
660 4
661 4
662 9
663 2
664 1
665 5
666 0
667 5
668 2
669 5
670 7
671 0
672 1
673 5
674 1
675 0
676 3
677 3
678 5
679 1
680 1
681 2
682 3
683 3
684 2
685 10
686 27
687 8
688 5
689 7
690 0
691 2
692 4
693 6
694 21
695 23
696 14
697 9
698 1
699 2
700 0
701 0
702 0
703 3
704 7
705 2
706 6
707 2
708 4
709 3
710 4
711 24
712 1
713 3
714 4
715 8
716 17
717 4
718 0
719 12
720 4
721 0
722 3
723 2
724 0
725 3
726 9
727 0
728 0
729 7
730 3
731 4
732 1
733 7
734 27
735 0
736 0
737 5
738 4
739 9
740 0
741 10
742 10
743 4
744 8
745 4
746 4
747 1
748 23
749 3
750 17
751 14
752 5
753 0
754 3
755 2
756 2
757 2
758 7
759 3
760 10
761 15
762 1
763 7
764 26
765 2
766 2
767 2
768 8
769 1
770 4
771 0
772 0
773 4
774 10
775 4
776 0
777 10
778 7
779 10
780 0
781 0
782 0
783 12
784 6
785 7
786 11
787 5
788 16
789 5
790 8
791 2
792 0
793 2
794 1
795 1
796 22
797 8
798 19
799 2
800 2
801 6
802 4
803 2
804 3
805 3
806 0
807 0
808 5
809 8
810 5
811 9
812 1
813 22
814 1
815 9
816 0
817 6
818 12
819 17
820 46
821 6
822 24
823 4
824 1
825 9
826 8
827 13
828 10
829 8
830 4
831 11
832 2
833 1
834 6
835 7
836 11
837 8
838 5
839 0
840 0
841 0
842 0
843 3
844 18
845 2
846 12
847 3
848 5
849 1
850 7
851 5
852 4
853 27
854 9
855 3
856 2
857 2
858 5
859 0
860 1
861 23
862 0
863 4
864 8
865 2
866 0
867 4
868 7
869 1
870 3
871 6
872 2
873 7
874 4
875 5
876 2
877 1
878 2
879 1
880 0
881 11
882 1
883 0
884 2
885 14
886 2
887 2
888 3
889 1
890 0
891 0
892 0
893 9
894 1
895 1
896 21
897 0
898 11
899 11
900 8
901 7
902 0
903 2
904 0
905 4
906 1
907 0
908 9
909 0
910 1
911 10
912 7
913 6
914 0
915 4
916 3
917 9
918 7
919 6
920 3
921 5
922 2
923 0
924 26
925 5
926 1
927 1
928 1
929 1
930 2
931 0
932 0
933 14
934 42
935 0
936 11
937 0
938 7
939 3
940 3
941 0
942 24
943 5
944 13
945 0
946 1
947 4
948 11
949 13
950 7
951 1
952 17
953 1
954 2
955 5
956 21
957 12
958 32
959 1
960 0
961 3
962 0
963 2
964 2
965 1
966 14
967 3
968 0
969 0
970 7
971 3
972 1
973 2
974 24
975 2
976 12
977 16
978 0
979 1
980 1
981 1
982 2
983 2
984 1
985 2
986 1
987 0
988 4
989 0
990 22
991 7
992 31
993 1
994 1
995 4
996 3
997 4
998 7
999 0
1000 5
1001 1
1002 18
1003 0
1004 3
1005 4
1006 7
1007 4
1008 4
1009 0
1010 0
1011 1
1012 5
1013 0
1014 8
1015 3
1016 5
1017 5
1018 0
1019 5
1020 0
1021 14
1022 0
1023 2
1024 7
1025 1
1026 6
1027 3
1028 0
1029 10
1030 12
1031 0
1032 3
1033 11
1034 2
1035 7
1036 3
1037 11
1038 4
1039 6
1040 15
1041 0
1042 1
1043 1
1044 1
1045 3
1046 4
1047 1
1048 3
1049 0
1050 1
1051 2
1052 4
1053 3
1054 20
1055 8
1056 1
1057 0
1058 14
1059 10
1060 0
1061 1
1062 0
1063 2
1064 4
1065 1
1066 13
1067 3
1068 3
1069 4
1070 0
1071 15
1072 1
1073 0
1074 4
1075 4
1076 5
1077 0
1078 3
1079 0
1080 2
1081 3
1082 15
1083 3
1084 2
1085 0
1086 7
1087 10
1088 7
1089 0
1090 7
1091 4
1092 9
1093 2
1094 1
1095 1
1096 6
1097 4
1098 12
1099 7
1100 2
1101 7
1102 5
1103 4
1104 7
1105 8
1106 8
1107 6
1108 2
1109 3
1110 0
1111 0
1112 5
1113 2
1114 0
1115 3
1116 0
1117 6
1118 1
1119 4
1120 17
1121 10
1122 1
1123 4
1124 2
1125 10
1126 2
1127 0
1128 0
1129 0
1130 23
1131 2
1132 0
1133 4
1134 5
1135 3
1136 0
1137 0
1138 0
1139 0
1140 3
1141 17
1142 3
1143 1
1144 4
1145 0
1146 8
1147 9
1148 24
1149 8
1150 1
1151 3
1152 6
1153 0
1154 6
1155 6
1156 12
1157 10
1158 22
1159 6
1160 6
1161 1
1162 0
1163 7
1164 2
1165 5
1166 4
1167 20
1168 1
1169 1
1170 16
1171 1
1172 22
1173 6
1174 7
1175 5
1176 2
1177 13
1178 3
1179 28
1180 4
1181 5
1182 6
1183 7
1184 10
1185 0
1186 9
1187 5
1188 5
1189 14
1190 16
1191 4
1192 11
1193 11
1194 0
1195 0
1196 6
1197 16
1198 1
1199 7
1200 5
1201 12
1202 1
1203 6
1204 11
1205 6
1206 1
1207 14
1208 16
1209 2
1210 1
1211 1
1212 5
1213 3
1214 2
1215 1
1216 3
1217 2
1218 0
1219 24
1220 0
1221 2
1222 3
1223 3
1224 14
1225 1
1226 4
1227 4
1228 2
1229 5
1230 6
1231 5
1232 11
1233 16
1234 6
1235 3
1236 5
1237 1
1238 7
1239 15
1240 0
1241 0
1242 11
1243 4
1244 26
1245 3
1246 1
1247 8
1248 1
1249 3
1250 3
1251 17
1252 4
1253 2
1254 0
1255 8
1256 2
1257 6
1258 5
1259 4
1260 8
1261 4
1262 3
1263 3
1264 1
1265 5
1266 3
1267 8
1268 1
1269 1
1270 7
1271 7
1272 4
1273 6
1274 3
1275 7
1276 2
1277 2
1278 15
1279 2
1280 9
1281 19
1282 6
1283 3
1284 13
1285 6
1286 12
1287 6
1288 0
1289 6
1290 1
1291 6
1292 7
1293 1
1294 12
1295 13
1296 2
1297 20
1298 3
1299 2
1300 13
1301 0
1302 2
1303 26
1304 0
1305 0
1306 2
1307 3
1308 3
1309 14
1310 1
1311 10
1312 1
1313 2
1314 6
1315 5
1316 3
1317 0
1318 19
1319 0
1320 4
1321 17
1322 3
1323 3
1324 0
1325 0
1326 8
1327 0
1328 1
1329 0
1330 0
1331 0
1332 2
1333 3
1334 1
1335 7
1336 0
1337 2
1338 25
1339 21
1340 8
1341 7
1342 9
1343 5
1344 6
1345 1
1346 3
1347 0
1348 0
1349 4
1350 4
1351 10
1352 2
1353 6
1354 0
1355 9
1356 5
1357 1
1358 1
1359 3
1360 1
1361 0
1362 1
1363 2
1364 8
1365 6
1366 13
1367 5
1368 9
1369 12
1370 0
1371 2
1372 2
1373 9
1374 2
1375 2
1376 12
1377 3
1378 2
1379 12
1380 9
1381 1
1382 7
1383 7
1384 2
1385 9
1386 8
1387 1
1388 8
1389 0
1390 9
1391 4
1392 0
1393 5
1394 4
1395 7
1396 1
1397 0
1398 3
1399 2
1400 0
1401 7
1402 1
1403 7
1404 3
1405 23
1406 0
1407 2
1408 8
1409 7
1410 11
1411 2
1412 15
1413 1
1414 1
1415 5
1416 0
1417 6
1418 5
1419 19
1420 2
1421 3
1422 24
1423 20
1424 0
1425 8
1426 6
1427 11
1428 2
1429 4
1430 6
1431 13
1432 3
1433 0
1434 0
1435 8
1436 5
1437 2
1438 0
1439 0
1440 10
1441 0
1442 5
1443 5
1444 1
1445 0
1446 1
1447 22
1448 3
1449 58
1450 4
1451 2
1452 0
1453 0
1454 6
1455 2
1456 10
1457 7
1458 5
1459 2
1460 11
1461 0
1462 8
1463 0
1464 1
1465 3
1466 4
1467 7
1468 7
1469 5
1470 2
1471 1
1472 16
1473 0
1474 39
1475 14
1476 4
1477 7
1478 0
1479 5
1480 0
1481 14
1482 20
1483 2
1484 4
1485 2
1486 2
1487 17
1488 0
1489 4
1490 7
1491 7
1492 6
1493 0
1494 7
1495 9
1496 4
1497 3
1498 3
1499 2
1500 8
1501 1
1502 0
1503 2
1504 8
1505 2
1506 0
1507 4
1508 21
1509 1
1510 3
1511 19
1512 4
1513 1
1514 3
1515 8
1516 0
1517 4
1518 6
1519 2
1520 0
1521 18
1522 5
1523 3
1524 2
1525 10
1526 3
1527 3
1528 17
1529 3
1530 1
1531 0
1532 2
1533 0
1534 0
1535 33
1536 2
1537 8
1538 9
1539 10
1540 0
1541 5
1542 0
1543 7
1544 2
1545 2
1546 0
1547 3
1548 5
1549 3
1550 13
1551 19
1552 3
1553 6
1554 2
1555 12
1556 0
1557 2
1558 1
1559 8
1560 0
1561 4
1562 27
1563 0
1564 4
1565 6
1566 1
1567 0
1568 6
1569 0
1570 0
1571 2
1572 7
1573 7
1574 1
1575 27
1576 2
1577 8
1578 4
1579 1
1580 2
1581 11
1582 9
1583 4
1584 11
1585 0
1586 4
1587 0
1588 9
1589 2
1590 8
1591 7
1592 10
1593 6
1594 9
1595 1
1596 30
1597 4
