1 2
2 0
3 3
4 10
5 5
6 9
7 1
8 0
9 27
10 0
11 0
12 7
13 0
14 3
15 7
16 7
17 6
18 18
19 14
20 0
21 4
22 1
23 2
24 27
25 15
26 1
27 0
28 0
29 12
30 1
31 4
32 7
33 5
34 7
35 5
36 4
37 13
38 4
39 2
40 7
41 1
42 6
43 1
44 3
45 1
46 1
47 0
48 1
49 0
50 9
51 11
52 1
53 0
54 0
55 0
56 7
57 0
58 6
59 9
60 7
61 1
62 5
63 2
64 1
65 1
66 5
67 2
68 3
69 25
70 0
71 0
72 17
73 7
74 46
75 32
76 7
77 8
78 11
79 7
80 12
81 23
82 3
83 10
84 16
85 11
86 34
87 0
88 8
89 26
90 41
91 12
92 7
93 21
94 40
95 2
96 14
97 21
98 2
99 7
100 2
101 9
102 0
103 7
104 0
105 5
106 22
107 3
108 3
109 31
110 7
111 1
112 24
113 7
114 3
115 20
116 2
117 27
118 15
119 8
120 16
121 2
122 15
123 21
124 216
125 25
126 61
127 1
128 10
129 11
130 8
131 28
132 4
133 10
134 8
135 14
136 2
137 5
138 2
139 6
140 10
141 38
142 2
143 3
144 5
145 4
146 2
147 7
148 9
149 0
150 3
151 16
152 1
153 5
154 5
155 0
156 5
157 13
158 3
159 34
160 1
161 0
162 5
163 8
164 7
165 3
166 22
167 35
168 5
169 1
170 24
171 1
172 13
173 5
174 1
175 3
176 1
177 10
178 38
179 6
180 12
181 5
182 0
183 6
184 5
185 2
186 19
187 2
188 31
189 19
190 8
191 12
192 3
193 6
194 2
195 0
196 1
197 0
198 0
199 4
200 3
201 2
202 4
203 0
204 0
205 17
206 6
207 2
208 9
209 5
210 5
211 2
212 3
213 6
214 3
215 4
216 5
217 27
218 9
219 26
220 5
221 3
222 7
223 2
224 3
225 8
226 7
227 8
228 4
229 2
230 3
231 23
232 5
233 7
234 0
235 2
236 4
237 3
238 3
239 8
240 7
241 4
242 1
243 4
244 6
245 0
246 1
247 10
248 49
249 6
250 2
251 8
252 3
253 3
254 3
255 1
256 9
257 21
258 16
259 18
260 2
261 4
262 2
263 7
264 6
265 8
266 1
267 7
268 1
269 1
270 2
271 16
272 9
273 1
274 0
275 19
276 0
277 3
278 0
279 3
280 1
281 3
282 2
283 22
284 7
285 0
286 12
287 13
288 1
289 0
290 2
291 3
292 4
293 4
294 3
295 4
296 1
297 0
298 4
299 0
300 0
301 1
302 4
303 28
304 2
305 10
306 6
307 8
308 10
309 5
310 3
311 9
312 6
313 1
314 43
315 44
316 2
317 3
318 27
319 13
320 7
321 10
322 6
323 11
324 2
325 3
326 3
327 25
328 18
329 2
330 0
331 9
332 6
333 3
334 4
335 2
336 5
337 10
338 16
339 17
340 3
341 3
342 13
343 12
344 19
345 4
346 4
347 18
348 3
349 0
350 2
351 35
352 14
353 6
354 0
355 18
356 14
357 21
358 4
359 8
360 10
361 4
362 74
363 0
364 15
365 0
366 30
367 6
368 0
369 3
370 15
371 15
372 0
373 0
374 0
375 8
376 2
377 6
378 15
379 0
380 19
381 5
382 10
383 4
384 20
385 31
386 11
387 20
388 9
389 27
390 6
391 10
392 6
393 10
394 4
395 8
396 7
397 12
398 14
399 3
400 9
401 12
402 2
403 0
404 2
405 41
406 6
407 22
408 5
409 6
410 0
411 8
412 4
413 16
414 2
415 7
416 21
417 2
418 6
419 7
420 7
421 2
422 22
423 7
424 6
425 9
426 1
427 8
428 16
429 0
430 14
431 2
432 3
433 31
434 0
435 3
436 6
437 2
438 0
439 4
440 20
441 3
442 3
443 10
444 4
445 2
446 12
447 20
448 7
449 5
450 9
451 17
452 2
453 8
454 9
455 2
456 7
457 29
458 1
459 1
460 5
461 6
462 23
463 19
464 25
465 5
466 4
467 4
468 3
469 3
470 14
471 20
472 6
473 66
474 5
475 12
476 10
477 3
478 3
479 1
480 3
481 15
482 12
483 0
484 2
485 1
486 5
487 5
488 17
489 6
490 5
491 7
492 4
493 0
494 1
495 8
496 0
497 1
498 5
499 6
500 3
501 7
502 9
503 5
504 2
505 11
506 0
507 8
508 4
509 6
510 1
511 6
512 0
513 116
514 6
515 7
516 0
517 0
518 2
519 6
520 0
521 6
522 43
523 1
524 4
525 0
526 0
527 3
528 9
529 0
530 14
531 2
532 4
533 5
534 0
535 7
536 0
537 0
538 4
539 28
540 6
541 20
542 6
543 10
544 19
545 1
546 1
547 11
548 1
549 2
550 9
551 4
552 1
553 9
554 10
555 22
556 46
557 1
558 20
559 81
560 3
561 16
562 80
563 20
564 0
565 0
566 0
567 4
568 12
569 22
570 5
571 12
572 13
573 77
574 14
575 7
576 4
577 4
578 18
579 4
580 12
581 13
582 0
583 5
584 0
585 0
586 13
587 1
588 11
589 0
590 4
591 9
592 9
593 0
594 1
595 5
596 11
597 13
598 20
599 3
600 0
601 0
602 1
603 6
604 4
605 7
606 10
607 5
608 6
609 0
610 0
611 7
612 0
613 2
614 0
615 3
616 14
617 1
618 0
619 4
620 0
621 2
622 2
623 3
624 4
625 7
626 4
627 12
628 18
629 10
630 3
631 3
632 2
633 6
634 6
635 7
636 1
637 23
638 2
639 0
640 4
641 1
642 2
643 20
644 0
645 3
646 2
647 3
648 4
649 9
650 1
651 19
652 5
653 19
654 8
655 0
656 3
657 5
658 11
659 1
660 1
661 1
662 20
663 1
664 2
665 1
666 0
667 18
668 6
669 10
670 2
671 4
672 27
673 12
674 3
675 8
676 5
677 21
678 3
679 3
680 23
681 27
682 6
683 12
684 9
685 15
686 26
687 20
688 4
689 17
690 12
691 2
692 22
693 1
694 20
695 6
696 15
697 14
698 30
699 5
700 2
701 9
702 12
703 23
704 6
705 3
706 5
707 1
708 6
709 0
710 8
711 22
712 11
713 2
714 5
715 9
716 5
717 5
718 0
719 2
720 2
721 0
722 0
723 5
724 2
725 0
726 3
727 16
728 1
729 2
730 3
731 3
732 4
733 7
734 27
735 0
736 2
737 2
738 5
739 2
740 8
741 1
742 3
743 3
744 10
745 5
746 5
747 1
748 8
749 5
750 13
751 24
752 11
753 12
754 22
755 16
756 10
757 2
758 15
759 11
760 0
761 17
762 2
763 7
764 9
765 2
766 3
767 1
768 18
769 8
770 0
771 3
772 0
773 0
774 0
775 5
776 0
777 6
778 6
779 50
780 5
781 2
782 0
783 6
784 1
785 4
786 6
787 16
788 4
789 7
790 2
791 0
792 1
793 7
794 0
795 2
796 15
797 9
798 9
799 6
800 0
801 21
802 11
803 8
804 8
805 0
806 0
807 0
808 8
809 10
810 0
811 14
812 3
813 0
814 11
815 18
816 8
817 0
818 5
819 6
820 8
821 2
822 7
823 1
824 0
825 17
826 3
827 3
828 2
829 7
830 8
831 2
832 1
833 10
834 0
835 6
836 10
837 10
838 0
839 2
840 0
841 4
842 22
843 3
844 6
845 1
846 8
847 13
848 13
849 15
850 1
851 4
852 0
853 0
854 1
855 4
856 8
857 0
858 1
859 2
860 3
861 3
862 0
863 1
864 6
865 1
866 4
867 16
868 5
869 8
870 3
871 3
872 3
873 0
874 7
875 2
876 4
877 5
878 9
879 2
880 4
881 0
882 0
883 0
884 2
885 0
886 3
887 0
888 1
889 0
890 4
891 3
892 0
893 9
894 11
895 8
896 10
897 0
898 5
899 14
900 1
901 12
902 0
903 0
904 2
905 0
906 0
907 5
908 16
909 0
910 0
911 5
912 1
913 1
914 0
915 13
916 8
917 3
918 1
919 2
920 6
921 0
922 10
923 2
924 34
925 8
926 10
927 9
928 4
929 20
930 3
931 6
932 3
933 0
934 1
935 2
936 10
937 6
938 11
939 1
940 0
941 0
942 1
943 7
944 0
945 1
946 0
947 9
948 0
949 2
950 3
951 0
952 3
953 0
954 3
955 0
956 12
957 10
958 12
959 10
960 2
961 1
962 0
963 1
964 3
965 6
966 1
967 0
968 0
969 18
970 8
971 0
972 0
973 2
974 3
975 3
976 13
977 29
978 0
979 2
980 1
981 3
982 0
983 0
984 6
985 2
986 3
987 2
988 16
989 0
990 4
991 3
992 16
993 5
994 3
995 4
996 6
997 7
998 2
999 0
1000 5
1001 0
1002 13
1003 0
1004 1
1005 0
1006 5
1007 3
1008 18
1009 39
1010 5
1011 0
1012 6
1013 5
1014 5
1015 6
1016 12
1017 1
1018 0
1019 20
1020 0
1021 7
1022 3
1023 0
1024 0
1025 0
1026 8
1027 1
1028 2
1029 4
1030 4
1031 4
1032 6
1033 5
1034 6
1035 5
1036 2
1037 5
1038 16
1039 6
1040 3
1041 0
1042 5
1043 0
1044 2
1045 30
1046 6
1047 2
1048 2
1049 4
1050 0
1051 4
1052 12
1053 2
1054 5
1055 0
1056 2
1057 0
1058 14
1059 5
1060 0
1061 13
1062 4
1063 3
1064 15
1065 0
1066 8
1067 0
1068 0
1069 15
1070 0
1071 7
1072 3
1073 9
1074 0
1075 1
1076 1
1077 0
1078 4
1079 0
1080 1
1081 13
1082 7
1083 10
1084 12
1085 0
1086 5
1087 7
1088 8
1089 0
1090 2
1091 2
1092 1
1093 2
1094 13
1095 0
1096 0
1097 6
1098 2
1099 2
1100 0
1101 1
1102 2
1103 12
1104 8
1105 2
1106 7
1107 3
1108 12
1109 7
1110 0
1111 37
1112 7
1113 1
1114 0
1115 4
1116 3
1117 1
1118 4
1119 2
1120 3
1121 0
1122 0
1123 0
1124 2
1125 1
1126 8
1127 3
1128 7
1129 4
1130 11
1131 27
1132 1
1133 13
1134 2
1135 0
1136 0
1137 3
1138 3
1139 1
1140 0
1141 0
1142 2
1143 0
1144 0
1145 0
1146 1
1147 3
1148 21
1149 1
1150 8
1151 4
1152 18
1153 2
1154 4
1155 1
1156 1
1157 0
1158 2
1159 18
1160 0
1161 8
1162 3
1163 2
1164 6
1165 4
1166 10
1167 4
1168 24
1169 2
1170 5
1171 2
1172 2
1173 0
1174 1
1175 0
1176 0
1177 39
1178 4
1179 3
1180 4
1181 8
1182 1
1183 8
1184 18
1185 1
1186 13
1187 7
1188 4
1189 1
1190 10
1191 4
1192 21
1193 11
1194 8
1195 15
1196 11
1197 6
1198 3
1199 4
1200 6
1201 23
1202 3
1203 0
1204 13
1205 2
1206 3
1207 0
1208 6
1209 6
1210 1
1211 2
1212 12
1213 0
1214 3
1215 0
1216 40
1217 52
1218 0
1219 2
1220 0
1221 0
1222 7
1223 1
1224 4
1225 5
1226 3
1227 1
1228 8
1229 20
1230 0
1231 10
1232 5
1233 7
1234 0
1235 1
1236 4
1237 1
1238 18
1239 8
1240 1
1241 0
1242 1
1243 2
1244 8
1245 2
1246 4
1247 5
1248 1
1249 1
1250 0
1251 11
1252 7
1253 1
1254 2
1255 10
1256 7
1257 0
1258 0
1259 1
1260 7
1261 18
1262 4
1263 2
1264 3
1265 22
1266 8
1267 9
1268 26
1269 0
1270 5
1271 2
1272 4
1273 6
1274 4
1275 8
1276 3
1277 4
1278 7
1279 4
1280 4
1281 5
1282 1
1283 6
1284 65
1285 5
1286 14
1287 0
1288 7
1289 2
1290 7
1291 4
1292 8
1293 12
1294 0
1295 30
1296 6
1297 13
1298 10
1299 0
1300 58
1301 0
1302 0
1303 66
1304 0
1305 0
1306 5
1307 8
1308 0
1309 1
1310 1
1311 6
1312 1
1313 3
1314 8
1315 4
1316 6
1317 0
1318 10
1319 24
1320 22
1321 13
1322 15
1323 0
1324 0
1325 0
1326 1
1327 0
1328 12
1329 0
1330 7
1331 0
1332 0
1333 2
1334 6
1335 54
1336 2
1337 0
1338 43
1339 25
1340 3
1341 27
1342 5
1343 0
1344 9
1345 1
1346 3
1347 0
1348 0
1349 7
1350 5
1351 5
1352 22
1353 7
1354 0
1355 12
1356 9
1357 2
1358 1
1359 41
1360 4
1361 0
1362 3
1363 8
1364 1
1365 6
1366 0
1367 0
1368 9
1369 16
1370 2
1371 0
1372 1
1373 1
1374 3
1375 6
1376 20
1377 2
1378 24
1379 74
1380 10
1381 22
1382 5
1383 9
1384 4
1385 2
1386 19
1387 1
1388 6
1389 2
1390 3
1391 2
1392 0
1393 2
1394 6
1395 19
1396 4
1397 13
1398 3
1399 0
1400 0
1401 3
1402 5
1403 1
1404 0
1405 5
1406 3
1407 14
1408 3
1409 7
1410 7
1411 7
1412 6
1413 3
1414 10
1415 1
1416 0
1417 1
1418 2
1419 3
1420 18
1421 2
1422 4
1423 5
1424 0
1425 1
1426 2
1427 9
1428 1
1429 5
1430 4
1431 4
1432 6
1433 0
1434 0
1435 15
1436 2
1437 0
1438 6
1439 4
1440 5
1441 0
1442 0
1443 4
1444 3
1445 3
1446 3
1447 8
1448 1
1449 5
1450 16
1451 8
1452 0
1453 10
1454 9
1455 0
1456 0
1457 1
1458 1
1459 1
1460 2
1461 0
1462 0
1463 0
1464 9
1465 16
1466 6
1467 26
1468 5
1469 7
1470 8
1471 5
1472 43
1473 12
1474 7
1475 0
1476 6
1477 1
1478 0
1479 6
1480 15
1481 1
1482 58
1483 2
1484 13
1485 1
1486 7
1487 75
1488 16
1489 3
1490 5
1491 17
1492 4
1493 1
1494 4
1495 10
1496 5
1497 0
1498 0
1499 2
1500 1
1501 3
1502 0
1503 5
1504 10
1505 6
1506 3
1507 3
1508 3
1509 11
1510 2
1511 20
1512 1
1513 0
1514 14
1515 0
1516 2
1517 0
1518 0
1519 0
1520 6
1521 2
1522 6
1523 2
1524 0
1525 4
1526 3
1527 10
1528 3
1529 4
1530 13
1531 1
1532 11
1533 0
1534 0
1535 10
1536 4
1537 13
1538 4
1539 2
1540 0
1541 0
1542 0
1543 6
1544 3
1545 3
1546 14
1547 0
1548 10
1549 2
1550 4
1551 5
1552 14
1553 4
1554 22
1555 8
1556 0
1557 1
1558 0
1559 0
1560 9
1561 2
1562 15
1563 3
1564 3
1565 3
1566 52
1567 0
1568 0
1569 3
1570 0
1571 4
1572 12
1573 0
1574 10
1575 8
1576 14
1577 2
1578 22
1579 6
1580 2
1581 9
1582 13
1583 5
1584 12
1585 0
1586 1
1587 0
1588 4
1589 0
1590 8
1591 0
1592 10
1593 21
1594 1
1595 19
1596 18
1597 0
