1 0
2 0
3 4
4 6
5 11
6 7
7 1
8 0
9 3
10 0
11 0
12 12
13 4
14 1
15 12
16 0
17 2
18 6
19 2
20 1
21 8
22 0
23 0
24 4
25 30
26 39
27 7
28 0
29 3
30 0
31 15
32 9
33 1
34 14
35 16
36 12
37 9
38 18
39 6
40 5
41 6
42 4
43 5
44 6
45 12
46 0
47 0
48 6
49 6
50 31
51 16
52 0
53 15
54 4
55 1
56 11
57 0
58 10
59 14
60 20
61 17
62 14
63 4
64 3
65 9
66 4
67 5
68 0
69 5
70 5
71 1
72 18
73 30
74 4
75 26
76 10
77 4
78 6
79 2
80 8
81 32
82 0
83 42
84 6
85 3
86 13
87 8
88 3
89 1
90 10
91 10
92 0
93 32
94 11
95 1
96 13
97 2
98 2
99 3
100 3
101 2
102 0
103 84
104 0
105 2
106 2
107 5
108 8
109 2
110 1
111 1
112 10
113 2
114 17
115 6
116 15
117 10
118 6
119 1
120 38
121 5
122 5
123 16
124 9
125 7
126 19
127 18
128 16
129 9
130 5
131 9
132 4
133 18
134 11
135 5
136 21
137 3
138 8
139 8
140 8
141 9
142 3
143 0
144 20
145 12
146 7
147 6
148 15
149 0
150 10
151 1
152 2
153 1
154 4
155 0
156 0
157 0
158 0
159 4
160 1
161 0
162 7
163 7
164 0
165 10
166 4
167 7
168 7
169 9
170 12
171 2
172 0
173 0
174 3
175 11
176 7
177 32
178 6
179 21
180 34
181 10
182 2
183 8
184 17
185 11
186 5
187 0
188 13
189 0
190 3
191 5
192 1
193 5
194 4
195 10
196 5
197 0
198 2
199 3
200 8
201 1
202 0
203 2
204 1
205 0
206 7
207 1
208 17
209 8
210 3
211 0
212 0
213 4
214 9
215 1
216 2
217 10
218 11
219 3
220 38
221 0
222 13
223 5
224 2
225 24
226 1
227 0
228 2
229 3
230 6
231 20
232 7
233 13
234 0
235 1
236 5
237 7
238 7
239 15
240 27
241 2
242 0
243 6
244 18
245 0
246 11
247 9
248 5
249 4
250 7
251 1
252 0
253 15
254 12
255 1
256 16
257 4
258 5
259 16
260 11
261 0
262 0
263 16
264 0
265 16
266 0
267 47
268 0
269 1
270 1
271 25
272 1
273 0
274 2
275 8
276 1
277 3
278 2
279 2
280 3
281 2
282 1
283 17
284 8
285 2
286 0
287 5
288 9
289 0
290 8
291 4
292 6
293 33
294 0
295 13
296 3
297 0
298 30
299 3
300 0
301 1
302 16
303 9
304 3
305 9
306 0
307 24
308 10
309 3
310 0
311 13
312 0
313 15
314 4
315 14
316 20
317 0
318 14
319 2
320 2
321 7
322 0
323 4
324 2
325 3
326 1
327 11
328 15
329 0
330 2
331 5
332 10
333 15
334 2
335 8
336 0
337 8
338 7
339 10
340 1
341 4
342 11
343 5
344 7
345 3
346 22
347 4
348 2
349 0
350 3
351 9
352 17
353 28
354 1
355 8
356 2
357 3
358 16
359 9
360 0
361 10
362 1
363 0
364 3
365 7
366 2
367 5
368 0
369 2
370 2
371 11
372 0
373 0
374 1
375 1
376 5
377 21
378 7
379 8
380 4
381 23
382 0
383 1
384 3
385 15
386 1
387 19
388 11
389 6
390 1
391 31
392 88
393 4
394 3
395 9
396 0
397 19
398 3
399 5
400 17
401 5
402 2
403 1
404 14
405 8
406 33
407 1
408 6
409 0
410 6
411 9
412 0
413 0
414 1
415 9
416 6
417 3
418 8
419 11
420 9
421 5
422 14
423 3
424 2
425 8
426 0
427 13
428 5
429 1
430 14
431 3
432 10
433 8
434 0
435 7
436 2
437 3
438 3
439 4
440 8
441 23
442 15
443 7
444 2
445 1
446 4
447 11
448 13
449 13
450 3
451 1
452 12
453 11
454 3
455 4
456 6
457 8
458 1
459 4
460 2
461 10
462 27
463 6
464 4
465 2
466 7
467 7
468 2
469 0
470 13
471 2
472 12
473 14
474 0
475 0
476 10
477 4
478 9
479 0
480 12
481 8
482 3
483 0
484 8
485 2
486 12
487 10
488 11
489 3
490 5
491 11
492 7
493 4
494 0
495 7
496 3
497 3
498 32
499 9
500 2
501 3
502 3
503 4
504 4
505 3
506 2
507 9
508 5
509 9
510 0
511 3
512 3
513 18
514 0
515 28
516 3
517 1
518 0
519 7
520 16
521 0
522 18
523 15
524 1
525 13
526 1
527 1
528 16
529 3
530 4
531 1
532 1
533 5
534 2
535 4
536 6
537 11
538 5
539 3
540 14
541 2
542 0
543 5
544 7
545 6
546 0
547 2
548 0
549 8
550 4
551 3
552 9
553 9
554 34
555 1
556 44
557 1
558 17
559 46
560 17
561 25
562 6
563 6
564 3
565 3
566 4
567 5
568 4
569 2
570 8
571 22
572 3
573 27
574 28
575 5
576 8
577 0
578 2
579 3
580 0
581 1
582 2
583 4
584 7
585 17
586 13
587 0
588 6
589 0
590 3
591 2
592 14
593 0
594 2
595 14
596 11
597 9
598 4
599 0
600 9
601 0
602 0
603 4
604 11
605 9
606 7
607 13
608 10
609 1
610 6
611 11
612 2
613 0
614 6
615 20
616 11
617 17
618 0
619 2
620 0
621 2
622 3
623 16
624 24
625 0
626 3
627 20
628 5
629 6
630 57
631 7
632 0
633 1
634 4
635 7
636 0
637 11
638 3
639 0
640 0
641 24
642 12
643 3
644 2
645 4
646 6
647 3
648 2
649 3
650 1
651 15
652 2
653 2
654 2
655 7
656 22
657 1
658 6
659 10
660 14
661 7
662 7
663 5
664 0
665 5
666 0
667 9
668 5
669 22
670 6
671 2
672 17
673 8
674 4
675 0
676 5
677 18
678 0
679 14
680 16
681 6
682 19
683 7
684 20
685 4
686 21
687 15
688 3
689 22
690 7
691 5
692 4
693 4
694 2
695 1
696 22
697 4
698 3
699 1
700 0
701 4
702 10
703 16
704 15
705 0
706 12
707 6
708 0
709 2
710 1
711 10
712 8
713 5
714 0
715 18
716 13
717 2
718 0
719 8
720 4
721 0
722 0
723 10
724 0
725 6
726 2
727 1
728 1
729 14
730 1
731 1
732 0
733 5
734 6
735 2
736 0
737 3
738 5
739 19
740 1
741 0
742 12
743 0
744 26
745 2
746 5
747 11
748 1
749 2
750 8
751 4
752 4
753 2
754 13
755 10
756 12
757 2
758 5
759 5
760 1
761 18
762 7
763 23
764 3
765 11
766 125
767 0
768 19
769 22
770 0
771 0
772 0
773 4
774 1
775 24
776 0
777 11
778 7
779 14
780 1
781 6
782 0
783 31
784 45
785 0
786 4
787 8
788 23
789 13
790 12
791 5
792 0
793 23
794 0
795 2
796 25
797 14
798 6
799 27
800 1
801 31
802 19
803 11
804 13
805 0
806 17
807 0
808 5
809 4
810 5
811 9
812 10
813 0
814 4
815 7
816 1
817 5
818 2
819 28
820 25
821 1
822 17
823 0
824 0
825 32
826 15
827 2
828 0
829 11
830 5
831 8
832 6
833 8
834 0
835 34
836 32
837 13
838 2
839 5
840 0
841 0
842 0
843 11
844 17
845 3
846 19
847 19
848 20
849 9
850 3
851 2
852 0
853 13
854 2
855 17
856 36
857 14
858 8
859 10
860 0
861 8
862 0
863 19
864 1
865 5
866 2
867 36
868 0
869 3
870 4
871 9
872 8
873 0
874 15
875 2
876 6
877 1
878 9
879 10
880 0
881 3
882 2
883 6
884 9
885 3
886 4
887 4
888 3
889 1
890 2
891 12
892 3
893 15
894 18
895 0
896 1
897 2
898 6
899 0
900 5
901 14
902 3
903 0
904 1
905 9
906 4
907 9
908 8
909 0
910 0
911 4
912 1
913 2
914 3
915 13
916 12
917 6
918 4
919 12
920 19
921 3
922 2
923 8
924 11
925 24
926 7
927 8
928 3
929 1
930 8
931 8
932 5
933 3
934 1
935 4
936 4
937 0
938 11
939 0
940 0
941 1
942 1
943 15
944 1
945 3
946 5
947 10
948 6
949 6
950 1
951 2
952 2
953 3
954 2
955 2
956 46
957 5
958 4
959 16
960 5
961 2
962 0
963 0
964 3
965 8
966 15
967 0
968 3
969 0
970 5
971 2
972 0
973 2
974 9
975 1
976 5
977 13
978 1
979 0
980 0
981 1
982 0
983 0
984 0
985 44
986 5
987 10
988 5
989 0
990 7
991 8
992 12
993 1
994 5
995 7
996 15
997 10
998 5
999 2
1000 4
1001 4
1002 37
1003 2
1004 11
1005 0
1006 15
1007 5
1008 17
1009 13
1010 6
1011 0
1012 18
1013 0
1014 4
1015 6
1016 11
1017 3
1018 0
1019 1
1020 1
1021 0
1022 3
1023 0
1024 1
1025 0
1026 8
1027 0
1028 0
1029 4
1030 4
1031 2
1032 11
1033 3
1034 4
1035 2
1036 6
1037 14
1038 0
1039 7
1040 2
1041 0
1042 12
1043 2
1044 0
1045 7
1046 1
1047 4
1048 21
1049 0
1050 2
1051 44
1052 14
1053 4
1054 8
1055 0
1056 0
1057 0
1058 9
1059 3
1060 0
1061 16
1062 0
1063 0
1064 9
1065 4
1066 12
1067 1
1068 12
1069 9
1070 2
1071 13
1072 0
1073 0
1074 1
1075 12
1076 18
1077 5
1078 0
1079 0
1080 7
1081 5
1082 15
1083 11
1084 15
1085 4
1086 0
1087 6
1088 7
1089 1
1090 22
1091 3
1092 0
1093 3
1094 62
1095 4
1096 6
1097 8
1098 19
1099 20
1100 0
1101 3
1102 3
1103 4
1104 21
1105 8
1106 5
1107 12
1108 5
1109 11
1110 0
1111 6
1112 1
1113 2
1114 15
1115 25
1116 2
1117 3
1118 1
1119 0
1120 2
1121 2
1122 3
1123 2
1124 1
1125 7
1126 4
1127 8
1128 38
1129 0
1130 15
1131 37
1132 3
1133 13
1134 2
1135 3
1136 0
1137 12
1138 4
1139 5
1140 1
1141 2
1142 3
1143 0
1144 3
1145 3
1146 4
1147 4
1148 11
1149 2
1150 5
1151 18
1152 14
1153 2
1154 12
1155 8
1156 34
1157 5
1158 0
1159 18
1160 0
1161 11
1162 0
1163 2
1164 0
1165 2
1166 18
1167 2
1168 0
1169 2
1170 6
1171 6
1172 2
1173 3
1174 7
1175 2
1176 0
1177 24
1178 8
1179 8
1180 6
1181 15
1182 11
1183 1
1184 24
1185 12
1186 2
1187 1
1188 1
1189 3
1190 14
1191 5
1192 19
1193 22
1194 3
1195 0
1196 4
1197 14
1198 0
1199 34
1200 10
1201 18
1202 6
1203 7
1204 12
1205 4
1206 6
1207 1
1208 36
1209 2
1210 6
1211 5
1212 6
1213 0
1214 0
1215 4
1216 11
1217 6
1218 8
1219 24
1220 3
1221 11
1222 3
1223 27
1224 6
1225 0
1226 1
1227 10
1228 0
1229 20
1230 10
1231 26
1232 0
1233 22
1234 5
1235 9
1236 23
1237 5
1238 8
1239 39
1240 3
1241 3
1242 5
1243 4
1244 2
1245 0
1246 1
1247 19
1248 6
1249 10
1250 5
1251 7
1252 4
1253 4
1254 5
1255 11
1256 3
1257 3
1258 4
1259 2
1260 2
1261 11
1262 5
1263 17
1264 8
1265 82
1266 2
1267 15
1268 5
1269 0
1270 0
1271 1
1272 8
1273 8
1274 3
1275 11
1276 4
1277 4
1278 20
1279 1
1280 9
1281 18
1282 0
1283 2
1284 1
1285 0
1286 3
1287 0
1288 0
1289 9
1290 0
1291 3
1292 15
1293 7
1294 0
1295 9
1296 4
1297 24
1298 8
1299 0
1300 13
1301 6
1302 22
1303 21
1304 0
1305 2
1306 0
1307 20
1308 2
1309 23
1310 25
1311 9
1312 6
1313 4
1314 11
1315 22
1316 1
1317 4
1318 14
1319 3
1320 23
1321 4
1322 2
1323 10
1324 0
1325 1
1326 10
1327 0
1328 1
1329 2
1330 54
1331 3
1332 0
1333 9
1334 5
1335 6
1336 12
1337 0
1338 14
1339 6
1340 4
1341 3
1342 5
1343 0
1344 9
1345 5
1346 2
1347 2
1348 4
1349 19
1350 17
1351 7
1352 25
1353 5
1354 0
1355 22
1356 3
1357 6
1358 1
1359 22
1360 2
1361 0
1362 0
1363 6
1364 10
1365 13
1366 9
1367 5
1368 8
1369 7
1370 14
1371 18
1372 1
1373 4
1374 5
1375 7
1376 6
1377 2
1378 20
1379 32
1380 6
1381 37
1382 4
1383 4
1384 16
1385 12
1386 16
1387 12
1388 3
1389 0
1390 3
1391 1
1392 4
1393 1
1394 6
1395 27
1396 1
1397 4
1398 0
1399 4
1400 6
1401 10
1402 0
1403 2
1404 2
1405 3
1406 24
1407 21
1408 2
1409 10
1410 5
1411 1
1412 3
1413 1
1414 4
1415 1
1416 0
1417 0
1418 3
1419 1
1420 6
1421 1
1422 18
1423 1
1424 0
1425 7
1426 2
1427 4
1428 2
1429 0
1430 5
1431 1
1432 7
1433 1
1434 10
1435 14
1436 9
1437 1
1438 8
1439 3
1440 1
1441 1
1442 0
1443 22
1444 0
1445 0
1446 10
1447 6
1448 9
1449 23
1450 8
1451 0
1452 2
1453 8
1454 9
1455 3
1456 4
1457 0
1458 1
1459 7
1460 2
1461 0
1462 0
1463 2
1464 2
1465 6
1466 10
1467 12
1468 7
1469 3
1470 23
1471 9
1472 12
1473 2
1474 15
1475 9
1476 2
1477 9
1478 0
1479 12
1480 10
1481 2
1482 28
1483 0
1484 4
1485 1
1486 86
1487 53
1488 0
1489 5
1490 17
1491 3
1492 7
1493 0
1494 7
1495 13
1496 1
1497 14
1498 2
1499 1
1500 3
1501 9
1502 1
1503 1
1504 11
1505 5
1506 5
1507 36
1508 42
1509 0
1510 5
1511 9
1512 3
1513 3
1514 2
1515 5
1516 8
1517 0
1518 4
1519 3
1520 5
1521 16
1522 17
1523 35
1524 11
1525 86
1526 19
1527 8
1528 18
1529 3
1530 0
1531 7
1532 0
1533 2
1534 0
1535 18
1536 25
1537 23
1538 4
1539 4
1540 4
1541 0
1542 12
1543 4
1544 1
1545 9
1546 8
1547 7
1548 8
1549 1
1550 1
1551 5
1552 12
1553 3
1554 3
1555 9
1556 4
1557 4
1558 0
1559 0
1560 2
1561 3
1562 35
1563 1
1564 1
1565 4
1566 2
1567 0
1568 6
1569 0
1570 3
1571 16
1572 3
1573 0
1574 1
1575 30
1576 24
1577 14
1578 3
1579 12
1580 0
1581 3
1582 1
1583 1
1584 17
1585 0
1586 3
1587 6
1588 14
1589 2
1590 13
1591 3
1592 62
1593 5
1594 4
1595 4
1596 43
1597 5
