1 0
2 0
3 5
4 11
5 17
6 4
7 0
8 2
9 15
10 0
11 0
12 0
13 2
14 1
15 5
16 58
17 6
18 49
19 9
20 1
21 1
22 0
23 6
24 19
25 4
26 7
27 0
28 3
29 3
30 0
31 3
32 2
33 7
34 32
35 12
36 3
37 9
38 3
39 14
40 2
41 4
42 13
43 1
44 0
45 3
46 0
47 0
48 2
49 1
50 52
51 0
52 11
53 0
54 8
55 0
56 3
57 4
58 0
59 6
60 7
61 8
62 7
63 2
64 4
65 1
66 4
67 0
68 0
69 47
70 0
71 0
72 11
73 9
74 7
75 12
76 11
77 8
78 5
79 3
80 2
81 10
82 3
83 2
84 30
85 6
86 14
87 18
88 2
89 6
90 13
91 6
92 5
93 15
94 14
95 1
96 8
97 2
98 1
99 19
100 9
101 25
102 1
103 24
104 1
105 0
106 16
107 0
108 4
109 1
110 3
111 5
112 12
113 4
114 5
115 4
116 41
117 17
118 2
119 3
120 93
121 20
122 6
123 28
124 54
125 18
126 76
127 6
128 35
129 0
130 3
131 2
132 8
133 30
134 2
135 8
136 2
137 4
138 0
139 3
140 9
141 0
142 2
143 3
144 3
145 1
146 3
147 2
148 1
149 3
150 1
151 8
152 0
153 3
154 6
155 0
156 0
157 0
158 6
159 20
160 0
161 2
162 1
163 4
164 5
165 4
166 9
167 1
168 1
169 4
170 0
171 2
172 0
173 1
174 1
175 36
176 10
177 2
178 5
179 8
180 15
181 0
182 0
183 2
184 3
185 14
186 2
187 2
188 49
189 1
190 7
191 7
192 12
193 1
194 15
195 4
196 3
197 0
198 0
199 0
200 6
201 0
202 1
203 11
204 0
205 2
206 2
207 0
208 3
209 19
210 1
211 0
212 3
213 6
214 3
215 6
216 0
217 18
218 0
219 9
220 0
221 1
222 3
223 2
224 11
225 4
226 4
227 0
228 6
229 22
230 14
231 7
232 3
233 1
234 2
235 7
236 3
237 1
238 8
239 0
240 5
241 13
242 8
243 14
244 0
245 3
246 9
247 5
248 2
249 9
250 13
251 1
252 2
253 0
254 4
255 0
256 6
257 3
258 4
259 3
260 36
261 3
262 1
263 3
264 2
265 3
266 0
267 13
268 2
269 3
270 0
271 4
272 4
273 2
274 0
275 8
276 0
277 0
278 6
279 0
280 0
281 8
282 6
283 8
284 2
285 0
286 14
287 14
288 10
289 0
290 10
291 8
292 5
293 16
294 4
295 0
296 3
297 1
298 9
299 4
300 0
301 0
302 1
303 4
304 1
305 2
306 18
307 41
308 17
309 5
310 0
311 0
312 0
313 4
314 50
315 6
316 8
317 0
318 17
319 7
320 1
321 18
322 4
323 35
324 4
325 3
326 20
327 11
328 7
329 3
330 7
331 4
332 13
333 13
334 4
335 26
336 11
337 6
338 2
339 6
340 0
341 1
342 32
343 19
344 11
345 4
346 9
347 13
348 9
349 4
350 0
351 24
352 3
353 2
354 1
355 8
356 11
357 19
358 2
359 12
360 5
361 4
362 0
363 0
364 3
365 4
366 5
367 9
368 5
369 17
370 23
371 28
372 1
373 8
374 11
375 5
376 1
377 4
378 7
379 2
380 8
381 4
382 1
383 8
384 5
385 19
386 7
387 10
388 3
389 24
390 21
391 8
392 2
393 9
394 9
395 16
396 1
397 8
398 13
399 0
400 8
401 13
402 4
403 0
404 34
405 2
406 9
407 6
408 1
409 10
410 2
411 3
412 0
413 8
414 6
415 11
416 2
417 18
418 30
419 6
420 8
421 8
422 25
423 6
424 0
425 34
426 27
427 4
428 6
429 0
430 5
431 3
432 3
433 28
434 3
435 7
436 5
437 0
438 1
439 5
440 18
441 5
442 14
443 17
444 8
445 0
446 17
447 4
448 19
449 1
450 4
451 5
452 30
453 2
454 2
455 0
456 26
457 3
458 8
459 15
460 24
461 3
462 38
463 39
464 9
465 0
466 43
467 6
468 1
469 0
470 2
471 6
472 17
473 7
474 4
475 7
476 7
477 5
478 12
479 0
480 0
481 2
482 28
483 4
484 0
485 3
486 3
487 8
488 0
489 10
490 3
491 3
492 4
493 2
494 1
495 0
496 14
497 0
498 27
499 35
500 2
501 3
502 0
503 5
504 8
505 4
506 0
507 7
508 2
509 0
510 0
511 13
512 0
513 10
514 5
515 18
516 32
517 1
518 1
519 4
520 1
521 4
522 4
523 3
524 3
525 1
526 1
527 0
528 8
529 2
530 13
531 1
532 3
533 3
534 2
535 6
536 3
537 4
538 2
539 5
540 120
541 15
542 5
543 14
544 20
545 1
546 0
547 15
548 6
549 19
550 4
551 0
552 10
553 6
554 5
555 4
556 13
557 1
558 46
559 30
560 9
561 20
562 10
563 18
564 6
565 2
566 4
567 2
568 8
569 5
570 3
571 17
572 9
573 29
574 16
575 18
576 0
577 0
578 4
579 32
580 9
581 25
582 5
583 2
584 2
585 2
586 1
587 2
588 4
589 9
590 13
591 8
592 13
593 0
594 4
595 7
596 25
597 2
598 6
599 2
600 6
601 2
602 0
603 1
604 8
605 17
606 4
607 6
608 3
609 0
610 9
611 18
612 0
613 27
614 3
615 27
616 3
617 1
618 9
619 1
620 5
621 2
622 3
623 2
624 9
625 0
626 7
627 10
628 2
629 4
630 6
631 2
632 0
633 7
634 3
635 3
636 0
637 14
638 18
639 2
640 0
641 8
642 0
643 2
644 2
645 3
646 2
647 2
648 4
649 2
650 10
651 3
652 8
653 8
654 17
655 3
656 6
657 0
658 3
659 13
660 8
661 1
662 4
663 0
664 17
665 4
666 5
667 5
668 1
669 3
670 3
671 0
672 4
673 3
674 3
675 8
676 1
677 24
678 5
679 0
680 2
681 7
682 10
683 2
684 14
685 2
686 1
687 3
688 1
689 19
690 0
691 0
692 16
693 3
694 27
695 7
696 34
697 5
698 14
699 11
700 2
701 12
702 2
703 23
704 28
705 22
706 9
707 5
708 15
709 12
710 4
711 6
712 0
713 3
714 8
715 6
716 12
717 2
718 0
719 1
720 0
721 5
722 0
723 6
724 0
725 1
726 16
727 1
728 25
729 6
730 0
731 5
732 4
733 2
734 23
735 0
736 5
737 14
738 8
739 9
740 9
741 17
742 7
743 0
744 11
745 0
746 29
747 22
748 0
749 9
750 45
751 15
752 5
753 3
754 14
755 4
756 13
757 3
758 20
759 10
760 3
761 9
762 12
763 4
764 11
765 16
766 18
767 0
768 27
769 8
770 0
771 2
772 4
773 9
774 0
775 13
776 5
777 13
778 26
779 6
780 1
781 1
782 5
783 21
784 15
785 3
786 9
787 3
788 27
789 4
790 1
791 12
792 0
793 6
794 1
795 0
796 28
797 2
798 2
799 12
800 18
801 2
802 19
803 1
804 5
805 7
806 4
807 0
808 7
809 2
810 6
811 1
812 0
813 0
814 0
815 14
816 6
817 4
818 13
819 11
820 6
821 0
822 8
823 10
824 5
825 14
826 25
827 4
828 0
829 7
830 3
831 3
832 0
833 6
834 0
835 19
836 1
837 7
838 4
839 2
840 0
841 3
842 4
843 3
844 4
845 1
846 30
847 8
848 4
849 1
850 1
851 19
852 2
853 2
854 4
855 11
856 2
857 9
858 1
859 0
860 0
861 17
862 0
863 25
864 4
865 17
866 1
867 6
868 0
869 1
870 5
871 1
872 2
873 1
874 0
875 4
876 0
877 0
878 20
879 46
880 2
881 3
882 0
883 1
884 19
885 2
886 9
887 8
888 1
889 0
890 91
891 4
892 0
893 3
894 3
895 5
896 4
897 1
898 17
899 1
900 2
901 3
902 0
903 0
904 2
905 2
906 0
907 3
908 3
909 0
910 1
911 10
912 0
913 2
914 0
915 0
916 9
917 1
918 3
919 2
920 2
921 0
922 0
923 0
924 5
925 3
926 2
927 5
928 0
929 9
930 0
931 6
932 0
933 0
934 3
935 0
936 1
937 0
938 6
939 13
940 0
941 4
942 0
943 0
944 5
945 1
946 4
947 14
948 1
949 6
950 11
951 4
952 2
953 5
954 0
955 5
956 174
957 13
958 8
959 2
960 2
961 11
962 8
963 2
964 6
965 8
966 2
967 2
968 2
969 3
970 1
971 1
972 8
973 0
974 7
975 3
976 18
977 31
978 9
979 0
980 2
981 0
982 1
983 1
984 2
985 14
986 4
987 0
988 11
989 1
990 2
991 3
992 4
993 0
994 0
995 2
996 6
997 9
998 3
999 3
1000 13
1001 13
1002 18
1003 8
1004 6
1005 5
1006 13
1007 1
1008 5
1009 24
1010 0
1011 8
1012 19
1013 56
1014 22
1015 13
1016 11
1017 1
1018 0
1019 0
1020 0
1021 3
1022 0
1023 0
1024 0
1025 0
1026 3
1027 4
1028 0
1029 5
1030 0
1031 0
1032 9
1033 3
1034 10
1035 14
1036 2
1037 1
1038 3
1039 13
1040 6
1041 3
1042 5
1043 3
1044 10
1045 8
1046 2
1047 0
1048 14
1049 0
1050 0
1051 29
1052 18
1053 9
1054 1
1055 3
1056 0
1057 0
1058 7
1059 25
1060 3
1061 5
1062 0
1063 0
1064 0
1065 7
1066 6
1067 0
1068 1
1069 10
1070 0
1071 6
1072 0
1073 0
1074 2
1075 3
1076 10
1077 8
1078 3
1079 3
1080 4
1081 1
1082 26
1083 4
1084 7
1085 0
1086 1
1087 5
1088 4
1089 4
1090 2
1091 8
1092 0
1093 3
1094 3
1095 1
1096 5
1097 8
1098 11
1099 0
1100 3
1101 6
1102 0
1103 5
1104 7
1105 8
1106 4
1107 1
1108 7
1109 0
1110 0
1111 3
1112 1
1113 2
1114 1
1115 9
1116 0
1117 3
1118 0
1119 0
1120 2
1121 1
1122 7
1123 0
1124 1
1125 8
1126 7
1127 2
1128 14
1129 4
1130 19
1131 12
1132 4
1133 0
1134 0
1135 0
1136 0
1137 6
1138 0
1139 5
1140 0
1141 1
1142 0
1143 0
1144 5
1145 1
1146 5
1147 9
1148 2
1149 30
1150 3
1151 3
1152 5
1153 0
1154 5
1155 3
1156 3
1157 1
1158 0
1159 17
1160 0
1161 2
1162 0
1163 3
1164 6
1165 3
1166 7
1167 1
1168 2
1169 10
1170 19
1171 3
1172 3
1173 0
1174 1
1175 1
1176 7
1177 17
1178 11
1179 2
1180 4
1181 16
1182 0
1183 1
1184 11
1185 0
1186 1
1187 6
1188 6
1189 2
1190 2
1191 2
1192 6
1193 17
1194 3
1195 5
1196 1
1197 13
1198 1
1199 15
1200 21
1201 6
1202 1
1203 5
1204 4
1205 2
1206 6
1207 0
1208 8
1209 9
1210 0
1211 7
1212 0
1213 2
1214 6
1215 19
1216 19
1217 5
1218 12
1219 53
1220 0
1221 0
1222 17
1223 1
1224 8
1225 5
1226 4
1227 3
1228 5
1229 5
1230 9
1231 5
1232 3
1233 10
1234 0
1235 0
1236 1
1237 3
1238 13
1239 9
1240 6
1241 3
1242 4
1243 4
1244 5
1245 0
1246 3
1247 15
1248 7
1249 3
1250 9
1251 13
1252 0
1253 8
1254 2
1255 6
1256 0
1257 7
1258 12
1259 15
1260 5
1261 6
1262 19
1263 27
1264 3
1265 9
1266 2
1267 53
1268 3
1269 0
1270 2
1271 6
1272 5
1273 4
1274 2
1275 3
1276 4
1277 0
1278 10
1279 1
1280 2
1281 35
1282 0
1283 5
1284 5
1285 7
1286 20
1287 2
1288 4
1289 0
1290 4
1291 0
1292 5
1293 15
1294 0
1295 38
1296 2
1297 13
1298 10
1299 0
1300 52
1301 4
1302 9
1303 38
1304 0
1305 0
1306 0
1307 3
1308 4
1309 4
1310 0
1311 1
1312 1
1313 1
1314 19
1315 1
1316 15
1317 5
1318 2
1319 9
1320 16
1321 0
1322 3
1323 4
1324 0
1325 2
1326 3
1327 6
1328 2
1329 0
1330 1
1331 0
1332 0
1333 1
1334 8
1335 5
1336 3
1337 5
1338 14
1339 10
1340 7
1341 1
1342 0
1343 2
1344 12
1345 5
1346 0
1347 0
1348 5
1349 19
1350 3
1351 0
1352 9
1353 10
1354 0
1355 5
1356 10
1357 2
1358 2
1359 10
1360 7
1361 13
1362 3
1363 2
1364 0
1365 10
1366 5
1367 11
1368 2
1369 35
1370 22
1371 5
1372 1
1373 0
1374 0
1375 1
1376 6
1377 5
1378 16
1379 9
1380 5
1381 9
1382 13
1383 3
1384 1
1385 0
1386 6
1387 0
1388 4
1389 0
1390 2
1391 3
1392 0
1393 1
1394 15
1395 8
1396 2
1397 13
1398 14
1399 3
1400 0
1401 0
1402 11
1403 9
1404 26
1405 4
1406 0
1407 3
1408 0
1409 11
1410 4
1411 3
1412 4
1413 6
1414 0
1415 31
1416 3
1417 1
1418 0
1419 2
1420 0
1421 3
1422 6
1423 8
1424 0
1425 2
1426 0
1427 3
1428 8
1429 2
1430 5
1431 8
1432 2
1433 3
1434 2
1435 3
1436 15
1437 3
1438 11
1439 1
1440 3
1441 1
1442 0
1443 4
1444 8
1445 0
1446 5
1447 12
1448 2
1449 5
1450 0
1451 0
1452 5
1453 4
1454 2
1455 4
1456 4
1457 0
1458 2
1459 14
1460 10
1461 0
1462 3
1463 1
1464 5
1465 5
1466 1
1467 6
1468 0
1469 1
1470 4
1471 7
1472 66
1473 10
1474 1
1475 6
1476 6
1477 2
1478 8
1479 0
1480 28
1481 1
1482 3
1483 1
1484 18
1485 7
1486 2
1487 33
1488 14
1489 0
1490 11
1491 2
1492 13
1493 0
1494 8
1495 6
1496 3
1497 5
1498 0
1499 0
1500 15
1501 1
1502 1
1503 0
1504 30
1505 3
1506 3
1507 46
1508 8
1509 2
1510 0
1511 3
1512 1
1513 8
1514 2
1515 1
1516 2
1517 0
1518 0
1519 6
1520 4
1521 3
1522 27
1523 8
1524 0
1525 7
1526 2
1527 1
1528 2
1529 3
1530 29
1531 4
1532 2
1533 1
1534 0
1535 8
1536 0
1537 1
1538 0
1539 4
1540 2
1541 0
1542 13
1543 0
1544 4
1545 7
1546 0
1547 1
1548 7
1549 6
1550 0
1551 7
1552 5
1553 2
1554 7
1555 3
1556 0
1557 0
1558 0
1559 13
1560 1
1561 1
1562 12
1563 3
1564 4
1565 43
1566 6
1567 4
1568 1
1569 4
1570 0
1571 3
1572 24
1573 2
1574 11
1575 4
1576 5
1577 7
1578 24
1579 2
1580 6
1581 7
1582 8
1583 31
1584 2
1585 2
1586 1
1587 6
1588 0
1589 2
1590 8
1591 0
1592 11
1593 6
1594 17
1595 17
1596 17
1597 5
