1 0
2 3
3 7
4 6
5 16
6 25
7 0
8 0
9 25
10 1
11 0
12 8
13 3
14 1
15 5
16 6
17 17
18 28
19 11
20 5
21 5
22 0
23 6
24 50
25 3
26 19
27 18
28 0
29 1
30 2
31 4
32 3
33 4
34 8
35 13
36 17
37 10
38 1
39 3
40 5
41 0
42 5
43 6
44 1
45 3
46 5
47 0
48 9
49 0
50 11
51 11
52 4
53 1
54 1
55 0
56 6
57 0
58 7
59 5
60 21
61 26
62 9
63 9
64 0
65 14
66 1
67 0
68 0
69 1
70 15
71 0
72 12
73 36
74 10
75 34
76 2
77 13
78 10
79 26
80 25
81 2
82 1
83 20
84 8
85 6
86 2
87 1
88 5
89 4
90 9
91 5
92 21
93 4
94 29
95 6
96 7
97 0
98 20
99 2
100 3
101 4
102 1
103 11
104 3
105 2
106 3
107 4
108 3
109 34
110 4
111 1
112 34
113 4
114 5
115 3
116 38
117 33
118 14
119 4
120 5
121 5
122 4
123 33
124 5
125 9
126 16
127 4
128 26
129 26
130 8
131 2
132 14
133 7
134 10
135 1
136 15
137 3
138 11
139 4
140 13
141 4
142 4
143 0
144 3
145 4
146 0
147 5
148 5
149 2
150 11
151 29
152 0
153 4
154 13
155 0
156 0
157 0
158 12
159 4
160 0
161 0
162 3
163 8
164 0
165 10
166 9
167 4
168 4
169 3
170 1
171 4
172 4
173 1
174 4
175 4
176 7
177 5
178 3
179 15
180 15
181 3
182 2
183 6
184 13
185 1
186 12
187 1
188 16
189 9
190 2
191 10
192 0
193 0
194 1
195 19
196 3
197 0
198 6
199 12
200 1
201 0
202 0
203 7
204 0
205 3
206 2
207 0
208 7
209 13
210 12
211 1
212 0
213 0
214 30
215 5
216 0
217 5
218 7
219 19
220 2
221 1
222 8
223 1
224 10
225 5
226 2
227 1
228 2
229 6
230 4
231 8
232 10
233 8
234 0
235 1
236 1
237 15
238 0
239 1
240 3
241 9
242 0
243 12
244 0
245 0
246 2
247 3
248 24
249 3
250 3
251 0
252 4
253 13
254 0
255 0
256 6
257 16
258 11
259 0
260 3
261 0
262 1
263 9
264 0
265 7
266 0
267 13
268 0
269 7
270 5
271 6
272 0
273 2
274 0
275 8
276 3
277 1
278 0
279 2
280 0
281 1
282 0
283 6
284 3
285 1
286 2
287 21
288 0
289 0
290 9
291 1
292 3
293 11
294 0
295 2
296 2
297 0
298 4
299 0
300 2
301 0
302 7
303 6
304 0
305 1
306 3
307 104
308 26
309 2
310 0
311 7
312 4
313 7
314 24
315 2
316 9
317 0
318 7
319 13
320 11
321 12
322 6
323 31
324 1
325 0
326 9
327 11
328 10
329 0
330 0
331 0
332 2
333 2
334 0
335 5
336 11
337 1
338 2
339 0
340 0
341 0
342 6
343 0
344 18
345 14
346 9
347 5
348 2
349 0
350 0
351 11
352 9
353 1
354 12
355 40
356 21
357 0
358 21
359 11
360 0
361 5
362 7
363 0
364 2
365 4
366 2
367 18
368 0
369 2
370 15
371 14
372 0
373 0
374 2
375 2
376 2
377 9
378 8
379 2
380 14
381 0
382 0
383 2
384 2
385 2
386 5
387 30
388 3
389 4
390 6
391 5
392 22
393 0
394 1
395 11
396 5
397 10
398 22
399 0
400 8
401 19
402 5
403 1
404 1
405 14
406 1
407 0
408 3
409 1
410 1
411 8
412 0
413 8
414 1
415 10
416 3
417 0
418 7
419 13
420 13
421 6
422 23
423 0
424 5
425 10
426 8
427 5
428 7
429 0
430 1
431 4
432 6
433 8
434 0
435 2
436 8
437 0
438 0
439 10
440 5
441 7
442 28
443 3
444 5
445 0
446 6
447 7
448 6
449 2
450 0
451 3
452 4
453 3
454 6
455 8
456 9
457 0
458 0
459 6
460 12
461 3
462 12
463 24
464 1
465 5
466 10
467 0
468 1
469 2
470 5
471 15
472 1
473 14
474 0
475 17
476 14
477 4
478 0
479 0
480 1
481 40
482 43
483 0
484 2
485 2
486 14
487 0
488 0
489 0
490 5
491 2
492 1
493 4
494 0
495 16
496 5
497 0
498 37
499 3
500 0
501 0
502 0
503 7
504 12
505 8
506 15
507 11
508 0
509 7
510 0
511 0
512 0
513 62
514 10
515 11
516 1
517 1
518 3
519 1
520 5
521 3
522 8
523 8
524 3
525 1
526 1
527 5
528 1
529 1
530 2
531 6
532 0
533 10
534 0
535 0
536 2
537 4
538 4
539 5
540 15
541 2
542 6
543 12
544 6
545 2
546 0
547 2
548 2
549 11
550 2
551 4
552 5
553 1
554 28
555 8
556 11
557 9
558 37
559 22
560 22
561 15
562 43
563 6
564 2
565 5
566 0
567 40
568 24
569 14
570 0
571 18
572 14
573 18
574 27
575 5
576 2
577 1
578 1
579 11
580 2
581 5
582 0
583 23
584 1
585 0
586 13
587 6
588 0
589 0
590 0
591 10
592 22
593 0
594 4
595 3
596 6
597 17
598 0
599 5
600 2
601 0
602 0
603 5
604 26
605 13
606 6
607 4
608 8
609 0
610 5
611 6
612 6
613 6
614 3
615 8
616 0
617 10
618 10
619 1
620 0
621 17
622 2
623 5
624 4
625 0
626 14
627 15
628 3
629 18
630 9
631 3
632 1
633 19
634 6
635 0
636 0
637 4
638 4
639 4
640 0
641 5
642 2
643 25
644 0
645 11
646 3
647 5
648 1
649 9
650 0
651 4
652 0
653 8
654 11
655 2
656 5
657 0
658 6
659 13
660 7
661 3
662 16
663 3
664 2
665 1
666 0
667 14
668 7
669 9
670 1
671 4
672 19
673 12
674 4
675 2
676 16
677 9
678 8
679 24
680 17
681 0
682 2
683 10
684 12
685 0
686 7
687 4
688 4
689 5
690 0
691 0
692 10
693 1
694 6
695 5
696 17
697 14
698 17
699 4
700 0
701 6
702 2
703 7
704 51
705 1
706 17
707 0
708 0
709 6
710 3
711 24
712 0
713 8
714 1
715 17
716 1
717 0
718 0
719 3
720 10
721 0
722 0
723 1
724 1
725 0
726 1
727 2
728 2
729 12
730 8
731 4
732 3
733 33
734 42
735 0
736 0
737 2
738 8
739 3
740 6
741 10
742 10
743 0
744 36
745 3
746 0
747 15
748 15
749 6
750 7
751 9
752 6
753 0
754 10
755 3
756 1
757 3
758 5
759 1
760 11
761 6
762 2
763 26
764 1
765 2
766 14
767 9
768 15
769 1
770 0
771 0
772 0
773 4
774 6
775 13
776 2
777 21
778 14
779 8
780 1
781 0
782 4
783 3
784 3
785 0
786 11
787 2
788 3
789 2
790 11
791 7
792 0
793 31
794 0
795 4
796 4
797 13
798 4
799 1
800 0
801 0
802 5
803 4
804 1
805 1
806 2
807 0
808 0
809 0
810 0
811 5
812 0
813 1
814 5
815 9
816 0
817 18
818 8
819 6
820 9
821 1
822 14
823 0
824 0
825 1
826 1
827 5
828 0
829 16
830 5
831 4
832 2
833 5
834 0
835 4
836 11
837 16
838 5
839 1
840 1
841 1
842 6
843 2
844 2
845 1
846 3
847 1
848 1
849 9
850 2
851 8
852 0
853 2
854 3
855 0
856 12
857 1
858 0
859 5
860 0
861 0
862 0
863 6
864 4
865 1
866 0
867 1
868 1
869 20
870 3
871 9
872 0
873 0
874 22
875 0
876 0
877 1
878 2
879 40
880 0
881 0
882 0
883 0
884 1
885 0
886 1
887 13
888 1
889 0
890 2
891 6
892 0
893 4
894 3
895 0
896 0
897 3
898 0
899 7
900 1
901 2
902 2
903 3
904 2
905 1
906 1
907 8
908 4
909 2
910 1
911 0
912 1
913 2
914 0
915 3
916 3
917 1
918 0
919 7
920 6
921 3
922 6
923 3
924 10
925 3
926 2
927 0
928 1
929 6
930 2
931 0
932 0
933 4
934 7
935 1
936 12
937 0
938 2
939 1
940 0
941 3
942 5
943 7
944 0
945 0
946 1
947 2
948 1
949 9
950 2
951 2
952 2
953 3
954 0
955 0
956 39
957 6
958 43
959 9
960 27
961 6
962 0
963 0
964 4
965 4
966 3
967 5
968 0
969 0
970 5
971 0
972 1
973 5
974 1
975 1
976 0
977 21
978 1
979 0
980 0
981 0
982 0
983 7
984 4
985 2
986 10
987 5
988 3
989 0
990 7
991 6
992 13
993 0
994 2
995 4
996 5
997 4
998 1
999 6
1000 1
1001 1
1002 3
1003 0
1004 13
1005 9
1006 10
1007 2
1008 4
1009 53
1010 1
1011 0
1012 16
1013 0
1014 17
1015 10
1016 4
1017 28
1018 0
1019 16
1020 0
1021 1
1022 0
1023 0
1024 0
1025 0
1026 0
1027 0
1028 0
1029 5
1030 4
1031 1
1032 13
1033 0
1034 3
1035 0
1036 21
1037 11
1038 2
1039 1
1040 0
1041 1
1042 11
1043 1
1044 1
1045 5
1046 4
1047 1
1048 7
1049 0
1050 0
1051 4
1052 19
1053 3
1054 15
1055 0
1056 5
1057 0
1058 17
1059 6
1060 4
1061 30
1062 4
1063 0
1064 9
1065 7
1066 1
1067 0
1068 2
1069 3
1070 3
1071 1
1072 5
1073 9
1074 1
1075 3
1076 18
1077 22
1078 2
1079 0
1080 2
1081 11
1082 3
1083 2
1084 14
1085 1
1086 4
1087 2
1088 2
1089 1
1090 10
1091 7
1092 0
1093 9
1094 22
1095 0
1096 2
1097 6
1098 8
1099 9
1100 2
1101 1
1102 2
1103 14
1104 12
1105 12
1106 19
1107 12
1108 6
1109 5
1110 0
1111 17
1112 6
1113 0
1114 10
1115 10
1116 6
1117 5
1118 0
1119 1
1120 2
1121 0
1122 12
1123 0
1124 3
1125 0
1126 9
1127 0
1128 4
1129 2
1130 32
1131 13
1132 1
1133 0
1134 6
1135 0
1136 2
1137 0
1138 0
1139 7
1140 2
1141 0
1142 4
1143 0
1144 5
1145 3
1146 22
1147 1
1148 3
1149 2
1150 15
1151 7
1152 7
1153 1
1154 8
1155 6
1156 9
1157 1
1158 9
1159 12
1160 0
1161 0
1162 0
1163 1
1164 4
1165 5
1166 22
1167 45
1168 4
1169 0
1170 14
1171 3
1172 2
1173 0
1174 18
1175 14
1176 1
1177 40
1178 9
1179 5
1180 16
1181 18
1182 22
1183 1
1184 20
1185 7
1186 10
1187 9
1188 0
1189 20
1190 16
1191 8
1192 21
1193 16
1194 0
1195 0
1196 0
1197 4
1198 0
1199 13
1200 0
1201 3
1202 3
1203 7
1204 8
1205 7
1206 0
1207 7
1208 19
1209 6
1210 3
1211 3
1212 0
1213 0
1214 1
1215 4
1216 9
1217 21
1218 12
1219 13
1220 0
1221 3
1222 9
1223 11
1224 12
1225 2
1226 5
1227 0
1228 4
1229 2
1230 11
1231 9
1232 0
1233 12
1234 4
1235 19
1236 0
1237 0
1238 2
1239 8
1240 1
1241 0
1242 3
1243 5
1244 7
1245 0
1246 0
1247 35
1248 1
1249 5
1250 0
1251 1
1252 0
1253 12
1254 0
1255 9
1256 0
1257 0
1258 0
1259 3
1260 8
1261 16
1262 0
1263 10
1264 4
1265 16
1266 21
1267 6
1268 12
1269 7
1270 0
1271 15
1272 9
1273 5
1274 5
1275 4
1276 3
1277 0
1278 0
1279 0
1280 0
1281 1
1282 0
1283 0
1284 1
1285 3
1286 7
1287 2
1288 5
1289 2
1290 0
1291 5
1292 9
1293 4
1294 9
1295 5
1296 6
1297 42
1298 3
1299 1
1300 3
1301 0
1302 0
1303 14
1304 0
1305 2
1306 0
1307 6
1308 4
1309 6
1310 15
1311 4
1312 8
1313 0
1314 8
1315 1
1316 0
1317 0
1318 6
1319 4
1320 1
1321 2
1322 5
1323 1
1324 0
1325 2
1326 12
1327 0
1328 4
1329 0
1330 0
1331 2
1332 0
1333 1
1334 6
1335 3
1336 6
1337 0
1338 7
1339 17
1340 0
1341 2
1342 2
1343 0
1344 0
1345 1
1346 2
1347 1
1348 0
1349 27
1350 1
1351 0
1352 14
1353 0
1354 0
1355 0
1356 0
1357 2
1358 0
1359 47
1360 4
1361 10
1362 1
1363 1
1364 4
1365 9
1366 3
1367 0
1368 0
1369 1
1370 9
1371 19
1372 0
1373 6
1374 1
1375 1
1376 40
1377 0
1378 15
1379 40
1380 2
1381 9
1382 2
1383 0
1384 7
1385 0
1386 3
1387 3
1388 5
1389 2
1390 21
1391 4
1392 0
1393 0
1394 13
1395 15
1396 3
1397 14
1398 0
1399 0
1400 0
1401 2
1402 9
1403 6
1404 8
1405 14
1406 0
1407 18
1408 0
1409 4
1410 5
1411 0
1412 10
1413 1
1414 0
1415 13
1416 0
1417 0
1418 4
1419 5
1420 2
1421 2
1422 2
1423 3
1424 1
1425 11
1426 4
1427 4
1428 8
1429 0
1430 11
1431 9
1432 8
1433 0
1434 5
1435 17
1436 19
1437 1
1438 3
1439 13
1440 2
1441 0
1442 0
1443 15
1444 4
1445 0
1446 6
1447 8
1448 14
1449 8
1450 9
1451 3
1452 2
1453 26
1454 22
1455 3
1456 1
1457 1
1458 1
1459 29
1460 2
1461 0
1462 0
1463 1
1464 10
1465 6
1466 8
1467 34
1468 6
1469 4
1470 22
1471 10
1472 14
1473 9
1474 8
1475 4
1476 10
1477 8
1478 3
1479 3
1480 7
1481 0
1482 7
1483 6
1484 4
1485 9
1486 3
1487 18
1488 1
1489 0
1490 17
1491 0
1492 0
1493 0
1494 3
1495 34
1496 18
1497 2
1498 10
1499 0
1500 21
1501 5
1502 9
1503 1
1504 3
1505 5
1506 7
1507 55
1508 9
1509 17
1510 1
1511 10
1512 6
1513 0
1514 4
1515 1
1516 0
1517 0
1518 3
1519 12
1520 2
1521 34
1522 4
1523 9
1524 0
1525 10
1526 0
1527 5
1528 1
1529 1
1530 1
1531 2
1532 1
1533 2
1534 2
1535 55
1536 3
1537 12
1538 0
1539 2
1540 0
1541 1
1542 3
1543 0
1544 0
1545 14
1546 0
1547 0
1548 5
1549 1
1550 4
1551 1
1552 8
1553 0
1554 14
1555 9
1556 1
1557 3
1558 0
1559 3
1560 2
1561 3
1562 8
1563 5
1564 2
1565 4
1566 4
1567 5
1568 2
1569 1
1570 0
1571 2
1572 44
1573 2
1574 2
1575 7
1576 3
1577 9
1578 3
1579 11
1580 0
1581 19
1582 2
1583 5
1584 14
1585 0
1586 0
1587 2
1588 3
1589 3
1590 6
1591 4
1592 14
1593 5
1594 8
1595 1
1596 43
1597 1
