1 0
2 0
3 7
4 2
5 32
6 16
7 0
8 0
9 34
10 0
11 0
12 12
13 0
14 17
15 1
16 37
17 16
18 1
19 4
20 2
21 0
22 1
23 2
24 14
25 9
26 0
27 3
28 3
29 0
30 2
31 6
32 2
33 2
34 0
35 4
36 10
37 11
38 1
39 9
40 2
41 1
42 1
43 8
44 0
45 2
46 1
47 0
48 7
49 0
50 2
51 9
52 0
53 2
54 3
55 4
56 3
57 2
58 0
59 3
60 11
61 5
62 3
63 0
64 5
65 5
66 2
67 2
68 2
69 0
70 1
71 0
72 12
73 6
74 5
75 16
76 8
77 4
78 10
79 10
80 2
81 28
82 3
83 17
84 5
85 20
86 3
87 2
88 0
89 14
90 15
91 18
92 0
93 18
94 11
95 3
96 38
97 8
98 5
99 3
100 14
101 5
102 5
103 26
104 0
105 2
106 1
107 0
108 4
109 3
110 15
111 2
112 12
113 2
114 2
115 13
116 3
117 7
118 15
119 14
120 10
121 9
122 6
123 6
124 6
125 4
126 10
127 3
128 3
129 1
130 10
131 7
132 0
133 10
134 4
135 8
136 13
137 6
138 20
139 2
140 5
141 6
142 0
143 1
144 6
145 1
146 2
147 5
148 1
149 0
150 0
151 10
152 7
153 2
154 2
155 0
156 0
157 4
158 12
159 0
160 0
161 2
162 0
163 8
164 2
165 4
166 7
167 0
168 1
169 2
170 0
171 0
172 0
173 0
174 8
175 2
176 5
177 6
178 4
179 3
180 3
181 1
182 4
183 1
184 1
185 2
186 4
187 2
188 14
189 5
190 0
191 1
192 2
193 0
194 4
195 1
196 1
197 3
198 0
199 0
200 1
201 3
202 1
203 3
204 1
205 2
206 3
207 4
208 6
209 4
210 16
211 8
212 0
213 1
214 5
215 2
216 0
217 0
218 5
219 1
220 1
221 0
222 11
223 2
224 6
225 6
226 0
227 2
228 4
229 1
230 5
231 13
232 19
233 5
234 4
235 1
236 8
237 10
238 3
239 5
240 1
241 2
242 1
243 1
244 1
245 0
246 3
247 1
248 5
249 5
250 8
251 2
252 0
253 2
254 5
255 5
256 22
257 16
258 8
259 11
260 7
261 5
262 2
263 10
264 1
265 19
266 1
267 8
268 4
269 1
270 0
271 3
272 2
273 1
274 0
275 9
276 0
277 0
278 0
279 5
280 1
281 2
282 0
283 6
284 8
285 2
286 7
287 2
288 1
289 2
290 11
291 9
292 7
293 6
294 2
295 4
296 0
297 0
298 15
299 6
300 0
301 0
302 9
303 11
304 25
305 0
306 0
307 33
308 2
309 4
310 1
311 1
312 4
313 2
314 4
315 10
316 10
317 0
318 3
319 3
320 4
321 7
322 5
323 2
324 2
325 0
326 6
327 6
328 7
329 0
330 0
331 0
332 4
333 6
334 5
335 10
336 1
337 6
338 4
339 13
340 0
341 1
342 7
343 4
344 7
345 1
346 3
347 3
348 0
349 0
350 4
351 7
352 0
353 2
354 2
355 10
356 48
357 3
358 0
359 7
360 2
361 4
362 1
363 0
364 9
365 9
366 0
367 3
368 8
369 3
370 2
371 7
372 0
373 1
374 2
375 2
376 9
377 2
378 10
379 12
380 7
381 4
382 0
383 3
384 11
385 5
386 14
387 8
388 2
389 8
390 0
391 5
392 10
393 10
394 1
395 16
396 2
397 10
398 10
399 1
400 9
401 8
402 7
403 2
404 0
405 2
406 6
407 0
408 11
409 7
410 1
411 7
412 0
413 6
414 5
415 8
416 2
417 1
418 9
419 6
420 17
421 6
422 2
423 0
424 2
425 4
426 0
427 14
428 5
429 0
430 3
431 7
432 4
433 2
434 0
435 0
436 8
437 0
438 5
439 0
440 7
441 9
442 1
443 3
444 0
445 2
446 4
447 2
448 2
449 0
450 2
451 1
452 0
453 7
454 11
455 3
456 2
457 4
458 2
459 5
460 2
461 4
462 11
463 8
464 1
465 0
466 3
467 0
468 2
469 3
470 18
471 4
472 5
473 41
474 0
475 1
476 9
477 8
478 4
479 0
480 2
481 6
482 3
483 1
484 2
485 2
486 22
487 3
488 4
489 3
490 3
491 6
492 3
493 3
494 6
495 5
496 6
497 0
498 8
499 6
500 1
501 2
502 2
503 4
504 0
505 3
506 0
507 4
508 2
509 2
510 1
511 12
512 0
513 21
514 4
515 16
516 0
517 9
518 6
519 0
520 1
521 0
522 3
523 7
524 1
525 5
526 5
527 15
528 4
529 0
530 4
531 2
532 13
533 8
534 0
535 0
536 4
537 5
538 9
539 5
540 33
541 3
542 0
543 11
544 2
545 1
546 36
547 3
548 0
549 8
550 0
551 1
552 12
553 8
554 2
555 14
556 10
557 3
558 8
559 14
560 8
561 15
562 59
563 4
564 2
565 2
566 2
567 3
568 7
569 28
570 12
571 6
572 17
573 114
574 12
575 7
576 6
577 0
578 6
579 10
580 7
581 7
582 2
583 5
584 0
585 15
586 4
587 8
588 0
589 0
590 6
591 3
592 8
593 0
594 2
595 4
596 15
597 9
598 13
599 1
600 0
601 0
602 10
603 32
604 4
605 6
606 4
607 13
608 12
609 3
610 10
611 3
612 1
613 4
614 5
615 72
616 5
617 7
618 3
619 0
620 0
621 13
622 0
623 5
624 0
625 6
626 3
627 23
628 3
629 1
630 3
631 1
632 0
633 0
634 3
635 11
636 0
637 1
638 7
639 0
640 0
641 0
642 0
643 12
644 0
645 7
646 2
647 1
648 6
649 3
650 1
651 12
652 1
653 0
654 3
655 0
656 11
657 13
658 7
659 0
660 5
661 13
662 11
663 6
664 8
665 0
666 0
667 20
668 2
669 2
670 1
671 1
672 5
673 4
674 12
675 0
676 5
677 6
678 2
679 0
680 4
681 2
682 10
683 3
684 13
685 0
686 16
687 0
688 8
689 14
690 0
691 2
692 6
693 6
694 3
695 0
696 6
697 49
698 14
699 3
700 3
701 13
702 2
703 9
704 9
705 31
706 14
707 3
708 2
709 0
710 3
711 4
712 0
713 2
714 0
715 6
716 5
717 10
718 0
719 16
720 4
721 0
722 3
723 2
724 7
725 1
726 8
727 2
728 2
729 4
730 10
731 8
732 1
733 3
734 13
735 0
736 5
737 1
738 2
739 4
740 0
741 2
742 4
743 7
744 26
745 0
746 0
747 3
748 9
749 3
750 5
751 12
752 7
753 0
754 6
755 8
756 1
757 2
758 0
759 15
760 2
761 6
762 0
763 7
764 18
765 9
766 12
767 2
768 8
769 4
770 1
771 3
772 0
773 4
774 3
775 6
776 1
777 7
778 6
779 10
780 3
781 1
782 2
783 6
784 14
785 0
786 4
787 3
788 17
789 1
790 4
791 21
792 3
793 9
794 2
795 6
796 5
797 10
798 7
799 23
800 4
801 1
802 4
803 12
804 6
805 3
806 8
807 0
808 0
809 0
810 6
811 14
812 7
813 1
814 8
815 15
816 5
817 1
818 37
819 18
820 12
821 1
822 12
823 4
824 5
825 17
826 2
827 7
828 5
829 7
830 7
831 22
832 8
833 6
834 6
835 9
836 9
837 8
838 0
839 0
840 0
841 0
842 1
843 2
844 4
845 1
846 4
847 1
848 7
849 5
850 1
851 18
852 5
853 0
854 7
855 28
856 11
857 2
858 9
859 1
860 0
861 2
862 0
863 1
864 1
865 18
866 0
867 7
868 2
869 2
870 0
871 8
872 6
873 0
874 15
875 5
876 5
877 0
878 25
879 1
880 0
881 1
882 4
883 5
884 0
885 23
886 3
887 7
888 2
889 3
890 2
891 7
892 0
893 4
894 5
895 2
896 4
897 0
898 9
899 10
900 5
901 11
902 2
903 1
904 2
905 0
906 0
907 24
908 16
909 3
910 0
911 0
912 0
913 4
914 4
915 13
916 8
917 1
918 7
919 21
920 1
921 0
922 6
923 11
924 1
925 3
926 0
927 0
928 2
929 23
930 20
931 1
932 2
933 6
934 2
935 0
936 4
937 5
938 6
939 5
940 4
941 12
942 19
943 8
944 0
945 0
946 3
947 4
948 2
949 1
950 0
951 4
952 3
953 2
954 3
955 1
956 16
957 1
958 5
959 8
960 0
961 1
962 0
963 6
964 7
965 13
966 28
967 1
968 0
969 4
970 15
971 0
972 10
973 5
974 9
975 2
976 1
977 6
978 8
979 2
980 6
981 2
982 2
983 0
984 1
985 6
986 6
987 4
988 8
989 0
990 1
991 19
992 7
993 6
994 6
995 3
996 14
997 7
998 3
999 0
1000 5
1001 16
1002 13
1003 0
1004 11
1005 0
1006 12
1007 0
1008 22
1009 4
1010 1
1011 2
1012 4
1013 1
1014 22
1015 8
1016 10
1017 1
1018 10
1019 0
1020 2
1021 1
1022 1
1023 0
1024 2
1025 0
1026 0
1027 1
1028 1
1029 7
1030 9
1031 2
1032 1
1033 2
1034 3
1035 19
1036 6
1037 17
1038 4
1039 0
1040 12
1041 0
1042 1
1043 1
1044 0
1045 5
1046 9
1047 5
1048 4
1049 5
1050 0
1051 1
1052 2
1053 5
1054 6
1055 10
1056 4
1057 0
1058 3
1059 1
1060 0
1061 3
1062 0
1063 0
1064 18
1065 0
1066 8
1067 0
1068 2
1069 2
1070 2
1071 5
1072 0
1073 3
1074 1
1075 4
1076 1
1077 3
1078 2
1079 4
1080 0
1081 7
1082 8
1083 4
1084 6
1085 0
1086 0
1087 13
1088 4
1089 0
1090 27
1091 1
1092 1
1093 12
1094 9
1095 3
1096 9
1097 8
1098 29
1099 3
1100 0
1101 0
1102 1
1103 11
1104 32
1105 10
1106 1
1107 1
1108 5
1109 3
1110 1
1111 0
1112 8
1113 1
1114 0
1115 4
1116 0
1117 6
1118 2
1119 0
1120 4
1121 0
1122 0
1123 1
1124 0
1125 3
1126 28
1127 9
1128 5
1129 6
1130 17
1131 24
1132 2
1133 3
1134 4
1135 0
1136 0
1137 0
1138 0
1139 1
1140 1
1141 2
1142 3
1143 2
1144 1
1145 4
1146 3
1147 3
1148 0
1149 5
1150 10
1151 4
1152 2
1153 0
1154 7
1155 6
1156 10
1157 1
1158 0
1159 4
1160 5
1161 4
1162 6
1163 8
1164 2
1165 4
1166 24
1167 2
1168 2
1169 0
1170 24
1171 4
1172 12
1173 3
1174 4
1175 2
1176 4
1177 53
1178 18
1179 12
1180 8
1181 13
1182 1
1183 9
1184 2
1185 2
1186 4
1187 9
1188 0
1189 1
1190 8
1191 15
1192 13
1193 7
1194 0
1195 0
1196 8
1197 8
1198 0
1199 25
1200 7
1201 4
1202 0
1203 0
1204 3
1205 23
1206 0
1207 2
1208 20
1209 3
1210 1
1211 11
1212 4
1213 0
1214 0
1215 0
1216 28
1217 18
1218 5
1219 6
1220 0
1221 2
1222 17
1223 3
1224 7
1225 9
1226 14
1227 0
1228 4
1229 10
1230 5
1231 6
1232 0
1233 10
1234 0
1235 3
1236 12
1237 3
1238 4
1239 8
1240 0
1241 4
1242 1
1243 7
1244 4
1245 2
1246 1
1247 12
1248 1
1249 0
1250 3
1251 0
1252 3
1253 3
1254 5
1255 2
1256 1
1257 1
1258 13
1259 1
1260 9
1261 6
1262 4
1263 0
1264 3
1265 10
1266 2
1267 10
1268 1
1269 0
1270 0
1271 6
1272 1
1273 8
1274 3
1275 2
1276 11
1277 2
1278 6
1279 10
1280 18
1281 25
1282 0
1283 4
1284 0
1285 0
1286 6
1287 0
1288 4
1289 2
1290 5
1291 11
1292 2
1293 16
1294 2
1295 114
1296 6
1297 32
1298 11
1299 2
1300 5
1301 4
1302 16
1303 31
1304 0
1305 8
1306 0
1307 9
1308 1
1309 16
1310 5
1311 18
1312 5
1313 0
1314 12
1315 3
1316 1
1317 0
1318 7
1319 11
1320 1
1321 3
1322 4
1323 1
1324 0
1325 0
1326 14
1327 3
1328 1
1329 0
1330 26
1331 0
1332 0
1333 5
1334 9
1335 12
1336 1
1337 3
1338 11
1339 10
1340 1
1341 1
1342 2
1343 11
1344 8
1345 1
1346 4
1347 19
1348 0
1349 6
1350 10
1351 87
1352 2
1353 14
1354 0
1355 6
1356 7
1357 4
1358 1
1359 5
1360 8
1361 3
1362 0
1363 6
1364 11
1365 5
1366 0
1367 0
1368 6
1369 0
1370 3
1371 5
1372 1
1373 0
1374 3
1375 4
1376 28
1377 4
1378 4
1379 16
1380 1
1381 7
1382 5
1383 11
1384 18
1385 4
1386 7
1387 1
1388 6
1389 0
1390 3
1391 0
1392 2
1393 3
1394 4
1395 4
1396 4
1397 6
1398 2
1399 1
1400 0
1401 3
1402 1
1403 8
1404 3
1405 11
1406 4
1407 4
1408 2
1409 4
1410 1
1411 0
1412 10
1413 1
1414 6
1415 0
1416 0
1417 0
1418 16
1419 1
1420 3
1421 2
1422 2
1423 1
1424 2
1425 0
1426 0
1427 7
1428 4
1429 0
1430 1
1431 3
1432 0
1433 2
1434 0
1435 4
1436 8
1437 2
1438 0
1439 7
1440 4
1441 0
1442 0
1443 2
1444 1
1445 9
1446 0
1447 0
1448 5
1449 3
1450 1
1451 0
1452 0
1453 3
1454 1
1455 2
1456 2
1457 0
1458 0
1459 1
1460 1
1461 0
1462 1
1463 0
1464 4
1465 1
1466 3
1467 32
1468 4
1469 6
1470 18
1471 11
1472 14
1473 0
1474 0
1475 5
1476 2
1477 2
1478 2
1479 4
1480 3
1481 1
1482 1
1483 4
1484 3
1485 1
1486 3
1487 5
1488 1
1489 4
1490 1
1491 15
1492 6
1493 2
1494 3
1495 12
1496 9
1497 3
1498 2
1499 0
1500 7
1501 6
1502 0
1503 8
1504 0
1505 6
1506 6
1507 5
1508 14
1509 6
1510 0
1511 20
1512 9
1513 0
1514 6
1515 0
1516 3
1517 0
1518 0
1519 3
1520 3
1521 3
1522 5
1523 32
1524 13
1525 5
1526 1
1527 18
1528 24
1529 10
1530 0
1531 0
1532 0
1533 0
1534 1
1535 10
1536 2
1537 5
1538 0
1539 0
1540 4
1541 0
1542 0
1543 6
1544 0
1545 3
1546 7
1547 3
1548 2
1549 9
1550 0
1551 0
1552 6
1553 1
1554 6
1555 2
1556 0
1557 0
1558 3
1559 0
1560 7
1561 8
1562 10
1563 3
1564 3
1565 0
1566 18
1567 0
1568 3
1569 2
1570 0
1571 2
1572 28
1573 6
1574 8
1575 8
1576 1
1577 1
1578 10
1579 16
1580 1
1581 1
1582 12
1583 5
1584 7
1585 4
1586 5
1587 6
1588 3
1589 4
1590 15
1591 10
1592 8
1593 5
1594 12
1595 1
1596 36
1597 13
