1 0
2 0
3 6
4 15
5 72
6 15
7 0
8 0
9 9
10 3
11 0
12 19
13 3
14 4
15 2
16 24
17 4
18 20
19 3
20 0
21 5
22 1
23 0
24 4
25 2
26 7
27 1
28 9
29 2
30 4
31 1
32 8
33 0
34 2
35 11
36 1
37 13
38 0
39 1
40 7
41 0
42 5
43 1
44 0
45 5
46 4
47 0
48 6
49 2
50 2
51 8
52 0
53 2
54 0
55 0
56 4
57 5
58 16
59 1
60 11
61 9
62 5
63 7
64 1
65 2
66 0
67 4
68 0
69 17
70 3
71 0
72 50
73 19
74 3
75 33
76 10
77 13
78 19
79 40
80 4
81 73
82 0
83 11
84 8
85 7
86 7
87 2
88 0
89 7
90 8
91 2
92 1
93 2
94 5
95 1
96 22
97 3
98 2
99 0
100 8
101 1
102 5
103 11
104 1
105 0
106 15
107 8
108 30
109 3
110 12
111 2
112 28
113 2
114 7
115 9
116 5
117 4
118 3
119 37
120 27
121 3
122 5
123 24
124 36
125 2
126 14
127 9
128 49
129 10
130 3
131 0
132 2
133 4
134 3
135 6
136 1
137 13
138 2
139 0
140 5
141 10
142 2
143 0
144 4
145 12
146 0
147 11
148 1
149 0
150 2
151 3
152 4
153 13
154 2
155 1
156 2
157 0
158 2
159 7
160 0
161 0
162 11
163 6
164 0
165 1
166 11
167 1
168 5
169 4
170 0
171 1
172 1
173 1
174 2
175 12
176 4
177 7
178 6
179 3
180 6
181 3
182 0
183 3
184 24
185 2
186 22
187 0
188 16
189 2
190 1
191 6
192 1
193 5
194 5
195 1
196 5
197 0
198 0
199 1
200 6
201 1
202 1
203 3
204 1
205 0
206 6
207 6
208 6
209 17
210 7
211 3
212 0
213 0
214 2
215 6
216 2
217 1
218 6
219 15
220 9
221 0
222 3
223 0
224 1
225 1
226 0
227 0
228 4
229 1
230 5
231 4
232 1
233 1
234 0
235 2
236 2
237 4
238 3
239 2
240 1
241 1
242 0
243 8
244 0
245 0
246 14
247 15
248 66
249 0
250 3
251 8
252 0
253 1
254 6
255 4
256 3
257 2
258 14
259 2
260 0
261 1
262 0
263 35
264 0
265 2
266 0
267 10
268 0
269 1
270 0
271 7
272 0
273 0
274 0
275 24
276 1
277 0
278 0
279 3
280 2
281 1
282 2
283 6
284 2
285 7
286 0
287 0
288 1
289 0
290 2
291 4
292 0
293 17
294 0
295 0
296 4
297 1
298 2
299 0
300 3
301 0
302 3
303 24
304 0
305 2
306 1
307 8
308 22
309 10
310 0
311 13
312 0
313 6
314 7
315 4
316 6
317 0
318 17
319 1
320 2
321 2
322 0
323 4
324 2
325 2
326 1
327 11
328 7
329 0
330 0
331 4
332 1
333 0
334 0
335 7
336 8
337 3
338 4
339 2
340 1
341 5
342 14
343 1
344 8
345 3
346 5
347 6
348 0
349 0
350 1
351 0
352 9
353 2
354 1
355 5
356 6
357 0
358 3
359 7
360 0
361 6
362 6
363 0
364 5
365 4
366 1
367 0
368 1
369 0
370 2
371 5
372 0
373 0
374 2
375 0
376 3
377 34
378 16
379 24
380 6
381 4
382 0
383 0
384 1
385 28
386 9
387 11
388 0
389 4
390 0
391 55
392 12
393 16
394 2
395 5
396 0
397 9
398 25
399 0
400 4
401 5
402 9
403 2
404 2
405 1
406 5
407 0
408 6
409 0
410 3
411 1
412 7
413 14
414 3
415 7
416 11
417 4
418 0
419 9
420 5
421 14
422 7
423 1
424 7
425 0
426 3
427 8
428 7
429 1
430 1
431 3
432 6
433 6
434 1
435 3
436 2
437 2
438 3
439 10
440 10
441 14
442 2
443 1
444 0
445 2
446 6
447 3
448 5
449 2
450 4
451 6
452 3
453 3
454 8
455 2
456 1
457 9
458 1
459 11
460 2
461 4
462 16
463 6
464 10
465 2
466 3
467 0
468 3
469 3
470 4
471 12
472 6
473 5
474 0
475 2
476 20
477 1
478 5
479 0
480 3
481 4
482 11
483 0
484 2
485 2
486 9
487 2
488 0
489 0
490 0
491 9
492 4
493 2
494 3
495 8
496 6
497 4
498 14
499 4
500 1
501 7
502 7
503 0
504 2
505 6
506 8
507 1
508 10
509 18
510 1
511 2
512 0
513 15
514 8
515 1
516 1
517 1
518 1
519 18
520 0
521 5
522 39
523 13
524 9
525 2
526 0
527 11
528 4
529 2
530 1
531 1
532 7
533 19
534 0
535 9
536 0
537 8
538 7
539 4
540 0
541 8
542 1
543 4
544 36
545 1
546 0
547 17
548 4
549 37
550 5
551 1
552 24
553 23
554 16
555 19
556 20
557 5
558 16
559 26
560 7
561 12
562 14
563 5
564 3
565 0
566 0
567 1
568 5
569 0
570 4
571 48
572 4
573 25
574 8
575 1
576 30
577 3
578 3
579 2
580 4
581 4
582 0
583 6
584 1
585 1
586 28
587 5
588 0
589 1
590 1
591 10
592 5
593 0
594 5
595 7
596 2
597 3
598 1
599 0
600 18
601 1
602 0
603 0
604 3
605 4
606 13
607 0
608 10
609 0
610 0
611 16
612 1
613 4
614 17
615 14
616 4
617 1
618 2
619 2
620 0
621 9
622 12
623 8
624 2
625 0
626 1
627 4
628 2
629 1
630 3
631 0
632 3
633 3
634 7
635 9
636 0
637 4
638 2
639 0
640 0
641 4
642 12
643 3
644 0
645 3
646 1
647 2
648 7
649 2
650 3
651 8
652 1
653 1
654 3
655 4
656 7
657 2
658 3
659 3
660 1
661 4
662 4
663 1
664 1
665 0
666 0
667 10
668 8
669 2
670 7
671 8
672 1
673 4
674 15
675 0
676 3
677 10
678 13
679 6
680 2
681 1
682 1
683 0
684 4
685 0
686 4
687 5
688 8
689 14
690 1
691 0
692 12
693 4
694 3
695 1
696 15
697 7
698 11
699 0
700 0
701 3
702 1
703 6
704 34
705 6
706 4
707 1
708 0
709 1
710 5
711 8
712 1
713 5
714 3
715 34
716 42
717 3
718 0
719 3
720 0
721 2
722 1
723 11
724 0
725 0
726 6
727 2
728 0
729 10
730 11
731 0
732 0
733 25
734 8
735 1
736 2
737 15
738 4
739 6
740 1
741 0
742 12
743 3
744 8
745 0
746 1
747 2
748 4
749 9
750 10
751 11
752 9
753 2
754 10
755 3
756 3
757 1
758 5
759 0
760 2
761 6
762 8
763 0
764 0
765 10
766 29
767 0
768 10
769 2
770 0
771 0
772 0
773 4
774 0
775 19
776 0
777 4
778 5
779 32
780 3
781 0
782 3
783 3
784 4
785 1
786 11
787 1
788 7
789 9
790 2
791 16
792 0
793 3
794 0
795 5
796 8
797 11
798 9
799 4
800 1
801 4
802 6
803 4
804 2
805 0
806 0
807 1
808 0
809 4
810 2
811 2
812 1
813 4
814 14
815 11
816 0
817 7
818 3
819 4
820 11
821 0
822 5
823 2
824 2
825 4
826 3
827 2
828 2
829 8
830 3
831 2
832 6
833 5
834 0
835 14
836 1
837 4
838 12
839 2
840 6
841 0
842 3
843 2
844 2
845 1
846 8
847 20
848 10
849 9
850 5
851 2
852 5
853 0
854 0
855 1
856 8
857 1
858 0
859 0
860 1
861 11
862 3
863 5
864 2
865 1
866 0
867 3
868 0
869 2
870 2
871 3
872 3
873 4
874 24
875 2
876 2
877 0
878 2
879 1
880 0
881 0
882 0
883 0
884 7
885 10
886 8
887 6
888 1
889 1
890 1
891 4
892 3
893 4
894 5
895 2
896 5
897 3
898 1
899 2
900 3
901 12
902 1
903 3
904 0
905 4
906 0
907 0
908 0
909 1
910 2
911 1
912 0
913 3
914 3
915 9
916 8
917 3
918 0
919 9
920 14
921 0
922 8
923 2
924 4
925 9
926 4
927 11
928 5
929 1
930 3
931 8
932 1
933 4
934 5
935 0
936 20
937 0
938 14
939 26
940 1
941 3
942 1
943 1
944 0
945 0
946 6
947 0
948 6
949 1
950 0
951 7
952 1
953 1
954 4
955 0
956 44
957 5
958 10
959 20
960 23
961 9
962 0
963 0
964 1
965 1
966 9
967 7
968 0
969 0
970 1
971 4
972 0
973 4
974 15
975 1
976 2
977 11
978 0
979 2
980 0
981 0
982 0
983 2
984 3
985 11
986 0
987 0
988 15
989 0
990 16
991 1
992 10
993 1
994 11
995 4
996 8
997 5
998 4
999 1
1000 1
1001 6
1002 11
1003 1
1004 9
1005 3
1006 2
1007 0
1008 6
1009 9
1010 0
1011 1
1012 13
1013 2
1014 23
1015 6
1016 1
1017 11
1018 0
1019 12
1020 8
1021 8
1022 0
1023 0
1024 0
1025 0
1026 3
1027 2
1028 1
1029 1
1030 1
1031 2
1032 9
1033 3
1034 0
1035 11
1036 20
1037 9
1038 0
1039 14
1040 0
1041 1
1042 2
1043 1
1044 0
1045 3
1046 0
1047 6
1048 13
1049 0
1050 0
1051 3
1052 12
1053 5
1054 8
1055 0
1056 1
1057 0
1058 8
1059 0
1060 0
1061 7
1062 2
1063 4
1064 10
1065 0
1066 13
1067 2
1068 10
1069 7
1070 0
1071 4
1072 0
1073 8
1074 8
1075 27
1076 2
1077 6
1078 5
1079 0
1080 1
1081 1
1082 12
1083 49
1084 10
1085 1
1086 7
1087 2
1088 0
1089 3
1090 5
1091 4
1092 1
1093 1
1094 5
1095 0
1096 5
1097 9
1098 4
1099 12
1100 2
1101 7
1102 7
1103 8
1104 10
1105 10
1106 23
1107 2
1108 3
1109 11
1110 0
1111 7
1112 0
1113 6
1114 4
1115 11
1116 0
1117 9
1118 0
1119 0
1120 6
1121 8
1122 1
1123 6
1124 5
1125 0
1126 16
1127 14
1128 3
1129 0
1130 7
1131 38
1132 7
1133 1
1134 2
1135 2
1136 0
1137 0
1138 3
1139 0
1140 3
1141 2
1142 0
1143 3
1144 0
1145 0
1146 1
1147 4
1148 1
1149 7
1150 1
1151 4
1152 14
1153 3
1154 15
1155 0
1156 22
1157 0
1158 1
1159 14
1160 4
1161 1
1162 0
1163 20
1164 11
1165 9
1166 9
1167 17
1168 14
1169 3
1170 3
1171 0
1172 8
1173 8
1174 39
1175 9
1176 3
1177 32
1178 7
1179 15
1180 27
1181 10
1182 15
1183 8
1184 5
1185 0
1186 7
1187 0
1188 0
1189 2
1190 3
1191 9
1192 4
1193 26
1194 6
1195 0
1196 2
1197 20
1198 7
1199 34
1200 5
1201 3
1202 2
1203 0
1204 2
1205 3
1206 1
1207 2
1208 22
1209 2
1210 16
1211 0
1212 0
1213 2
1214 7
1215 0
1216 4
1217 7
1218 1
1219 10
1220 0
1221 2
1222 7
1223 5
1224 3
1225 3
1226 0
1227 4
1228 4
1229 6
1230 16
1231 8
1232 0
1233 8
1234 11
1235 2
1236 2
1237 8
1238 9
1239 6
1240 2
1241 9
1242 1
1243 5
1244 9
1245 0
1246 1
1247 15
1248 1
1249 1
1250 1
1251 2
1252 2
1253 7
1254 1
1255 5
1256 1
1257 15
1258 1
1259 4
1260 2
1261 43
1262 1
1263 3
1264 3
1265 12
1266 24
1267 3
1268 1
1269 0
1270 0
1271 0
1272 7
1273 8
1274 4
1275 5
1276 7
1277 0
1278 17
1279 0
1280 2
1281 7
1282 1
1283 2
1284 3
1285 4
1286 18
1287 0
1288 1
1289 3
1290 1
1291 0
1292 13
1293 11
1294 8
1295 3
1296 2
1297 4
1298 3
1299 8
1300 4
1301 0
1302 5
1303 3
1304 0
1305 0
1306 2
1307 10
1308 2
1309 3
1310 28
1311 1
1312 10
1313 2
1314 0
1315 15
1316 5
1317 10
1318 4
1319 2
1320 9
1321 1
1322 2
1323 7
1324 4
1325 6
1326 12
1327 0
1328 5
1329 3
1330 0
1331 0
1332 0
1333 2
1334 0
1335 4
1336 3
1337 0
1338 18
1339 11
1340 0
1341 2
1342 2
1343 0
1344 3
1345 3
1346 2
1347 5
1348 0
1349 7
1350 8
1351 15
1352 6
1353 12
1354 0
1355 7
1356 0
1357 8
1358 0
1359 8
1360 14
1361 0
1362 2
1363 26
1364 3
1365 3
1366 0
1367 3
1368 1
1369 11
1370 6
1371 3
1372 0
1373 5
1374 7
1375 23
1376 1
1377 0
1378 3
1379 32
1380 0
1381 7
1382 4
1383 4
1384 2
1385 0
1386 11
1387 4
1388 5
1389 0
1390 5
1391 2
1392 0
1393 0
1394 7
1395 3
1396 7
1397 3
1398 0
1399 0
1400 13
1401 0
1402 1
1403 1
1404 12
1405 5
1406 2
1407 6
1408 1
1409 5
1410 3
1411 2
1412 0
1413 1
1414 1
1415 2
1416 0
1417 0
1418 1
1419 0
1420 0
1421 1
1422 2
1423 0
1424 0
1425 11
1426 0
1427 24
1428 0
1429 0
1430 9
1431 2
1432 12
1433 0
1434 0
1435 5
1436 1
1437 0
1438 2
1439 0
1440 0
1441 1
1442 0
1443 2
1444 0
1445 0
1446 11
1447 17
1448 8
1449 3
1450 7
1451 1
1452 2
1453 3
1454 3
1455 4
1456 4
1457 2
1458 0
1459 4
1460 3
1461 0
1462 0
1463 0
1464 7
1465 7
1466 13
1467 23
1468 4
1469 3
1470 12
1471 5
1472 5
1473 3
1474 4
1475 3
1476 26
1477 8
1478 2
1479 4
1480 3
1481 8
1482 19
1483 0
1484 4
1485 1
1486 5
1487 2
1488 0
1489 2
1490 8
1491 6
1492 3
1493 0
1494 8
1495 8
1496 5
1497 8
1498 3
1499 0
1500 5
1501 15
1502 0
1503 3
1504 0
1505 9
1506 2
1507 13
1508 19
1509 3
1510 1
1511 1
1512 0
1513 0
1514 6
1515 2
1516 0
1517 1
1518 1
1519 0
1520 1
1521 5
1522 3
1523 12
1524 0
1525 6
1526 0
1527 0
1528 5
1529 6
1530 1
1531 0
1532 2
1533 0
1534 0
1535 22
1536 7
1537 9
1538 5
1539 7
1540 2
1541 0
1542 0
1543 14
1544 4
1545 2
1546 4
1547 5
1548 13
1549 1
1550 1
1551 2
1552 7
1553 0
1554 12
1555 9
1556 0
1557 2
1558 2
1559 0
1560 0
1561 1
1562 14
1563 0
1564 4
1565 0
1566 9
1567 2
1568 0
1569 3
1570 4
1571 9
1572 8
1573 0
1574 17
1575 13
1576 5
1577 0
1578 33
1579 14
1580 0
1581 3
1582 5
1583 1
1584 1
1585 0
1586 14
1587 3
1588 3
1589 3
1590 6
1591 0
1592 25
1593 3
1594 4
1595 8
1596 18
1597 5
