1 0
2 0
3 22
4 8
5 10
6 12
7 3
8 0
9 4
10 0
11 0
12 17
13 4
14 17
15 2
16 20
17 17
18 9
19 0
20 0
21 2
22 3
23 1
24 12
25 25
26 10
27 4
28 0
29 4
30 5
31 8
32 1
33 1
34 4
35 23
36 16
37 10
38 5
39 4
40 15
41 0
42 4
43 6
44 4
45 1
46 5
47 1
48 19
49 0
50 5
51 7
52 1
53 8
54 9
55 0
56 18
57 0
58 2
59 15
60 33
61 23
62 11
63 3
64 3
65 0
66 6
67 5
68 0
69 2
70 4
71 1
72 42
73 18
74 5
75 12
76 7
77 6
78 4
79 5
80 4
81 9
82 0
83 8
84 7
85 5
86 5
87 2
88 2
89 9
90 10
91 4
92 0
93 2
94 4
95 2
96 14
97 0
98 7
99 2
100 1
101 2
102 1
103 3
104 0
105 1
106 0
107 1
108 1
109 13
110 2
111 0
112 44
113 1
114 17
115 5
116 8
117 7
118 10
119 2
120 33
121 7
122 5
123 10
124 11
125 1
126 4
127 17
128 5
129 1
130 11
131 3
132 1
133 3
134 2
135 4
136 12
137 1
138 14
139 0
140 3
141 4
142 0
143 5
144 9
145 6
146 1
147 15
148 6
149 3
150 0
151 1
152 0
153 1
154 1
155 2
156 0
157 0
158 12
159 1
160 3
161 20
162 0
163 3
164 0
165 5
166 10
167 8
168 1
169 10
170 5
171 0
172 2
173 2
174 0
175 9
176 6
177 21
178 1
179 6
180 16
181 5
182 0
183 8
184 0
185 1
186 1
187 0
188 7
189 0
190 4
191 8
192 1
193 11
194 2
195 0
196 0
197 0
198 0
199 0
200 0
201 0
202 1
203 0
204 1
205 4
206 1
207 6
208 7
209 10
210 0
211 8
212 0
213 0
214 1
215 1
216 0
217 7
218 7
219 10
220 10
221 2
222 2
223 1
224 0
225 3
226 0
227 13
228 20
229 2
230 3
231 4
232 6
233 10
234 0
235 0
236 10
237 10
238 0
239 4
240 2
241 2
242 0
243 18
244 8
245 4
246 3
247 3
248 16
249 1
250 2
251 2
252 0
253 4
254 9
255 11
256 16
257 6
258 4
259 7
260 1
261 1
262 0
263 0
264 0
265 5
266 1
267 7
268 0
269 0
270 7
271 7
272 0
273 0
274 2
275 5
276 6
277 3
278 1
279 0
280 1
281 14
282 4
283 9
284 1
285 0
286 12
287 3
288 1
289 0
290 4
291 6
292 1
293 10
294 2
295 1
296 0
297 2
298 5
299 0
300 3
301 1
302 0
303 40
304 2
305 4
306 2
307 12
308 13
309 0
310 3
311 31
312 2
313 9
314 21
315 12
316 10
317 0
318 4
319 1
320 5
321 0
322 2
323 3
324 14
325 0
326 16
327 3
328 10
329 2
330 0
331 5
332 1
333 3
334 6
335 2
336 4
337 14
338 6
339 3
340 1
341 17
342 4
343 5
344 21
345 0
346 4
347 1
348 0
349 0
350 0
351 11
352 5
353 8
354 5
355 14
356 9
357 0
358 4
359 4
360 0
361 7
362 5
363 0
364 3
365 1
366 1
367 2
368 15
369 0
370 2
371 12
372 2
373 2
374 0
375 0
376 31
377 2
378 10
379 8
380 2
381 0
382 0
383 0
384 0
385 4
386 2
387 33
388 7
389 32
390 0
391 26
392 91
393 5
394 1
395 3
396 1
397 4
398 4
399 2
400 10
401 8
402 2
403 1
404 0
405 0
406 7
407 0
408 6
409 0
410 10
411 2
412 2
413 5
414 1
415 6
416 4
417 2
418 5
419 4
420 27
421 12
422 15
423 0
424 0
425 1
426 0
427 7
428 2
429 0
430 3
431 1
432 2
433 3
434 0
435 1
436 5
437 2
438 3
439 14
440 6
441 8
442 1
443 3
444 0
445 0
446 1
447 3
448 6
449 0
450 0
451 6
452 2
453 3
454 24
455 10
456 5
457 6
458 0
459 2
460 6
461 0
462 5
463 24
464 12
465 0
466 5
467 2
468 5
469 2
470 24
471 8
472 3
473 13
474 8
475 2
476 10
477 1
478 4
479 9
480 1
481 1
482 10
483 0
484 3
485 9
486 1
487 2
488 0
489 2
490 0
491 6
492 0
493 0
494 8
495 3
496 10
497 6
498 21
499 54
500 6
501 0
502 1
503 9
504 1
505 3
506 3
507 3
508 6
509 5
510 6
511 2
512 0
513 8
514 2
515 2
516 1
517 11
518 4
519 4
520 4
521 6
522 32
523 13
524 4
525 11
526 0
527 2
528 10
529 2
530 7
531 3
532 2
533 2
534 2
535 9
536 4
537 3
538 3
539 2
540 7
541 5
542 1
543 18
544 19
545 5
546 1
547 17
548 1
549 18
550 16
551 0
552 9
553 6
554 7
555 9
556 5
557 0
558 11
559 17
560 24
561 15
562 11
563 5
564 10
565 2
566 8
567 11
568 3
569 2
570 13
571 11
572 11
573 13
574 6
575 1
576 0
577 1
578 11
579 8
580 2
581 3
582 0
583 4
584 5
585 0
586 1
587 0
588 2
589 5
590 1
591 2
592 2
593 12
594 1
595 13
596 5
597 33
598 2
599 3
600 2
601 0
602 3
603 7
604 5
605 3
606 0
607 0
608 8
609 0
610 9
611 13
612 0
613 8
614 6
615 10
616 13
617 1
618 0
619 7
620 0
621 10
622 2
623 3
624 7
625 1
626 12
627 23
628 3
629 3
630 15
631 6
632 0
633 1
634 10
635 33
636 0
637 2
638 2
639 0
640 0
641 6
642 4
643 16
644 0
645 13
646 1
647 3
648 2
649 5
650 0
651 11
652 3
653 2
654 6
655 4
656 6
657 0
658 5
659 11
660 6
661 2
662 2
663 2
664 0
665 16
666 0
667 35
668 20
669 36
670 2
671 2
672 2
673 8
674 1
675 1
676 5
677 12
678 1
679 1
680 7
681 1
682 2
683 3
684 3
685 2
686 13
687 4
688 14
689 18
690 0
691 4
692 2
693 1
694 5
695 7
696 14
697 5
698 12
699 3
700 0
701 11
702 0
703 7
704 12
705 2
706 8
707 1
708 0
709 0
710 1
711 12
712 0
713 1
714 2
715 6
716 4
717 0
718 0
719 1
720 2
721 0
722 3
723 2
724 6
725 0
726 1
727 3
728 0
729 4
730 7
731 0
732 1
733 10
734 22
735 0
736 0
737 3
738 2
739 2
740 2
741 22
742 9
743 0
744 3
745 1
746 1
747 3
748 3
749 1
750 6
751 1
752 7
753 0
754 2
755 0
756 2
757 6
758 4
759 12
760 3
761 7
762 0
763 10
764 14
765 3
766 4
767 0
768 17
769 3
770 10
771 1
772 2
773 1
774 2
775 4
776 2
777 6
778 8
779 2
780 0
781 0
782 2
783 2
784 13
785 0
786 3
787 17
788 66
789 7
790 3
791 9
792 3
793 11
794 10
795 2
796 31
797 5
798 5
799 5
800 0
801 9
802 4
803 8
804 5
805 0
806 1
807 1
808 0
809 8
810 1
811 4
812 3
813 3
814 5
815 6
816 4
817 2
818 7
819 1
820 15
821 1
822 33
823 0
824 16
825 3
826 5
827 0
828 2
829 15
830 18
831 3
832 14
833 0
834 0
835 8
836 4
837 24
838 8
839 6
840 0
841 0
842 1
843 15
844 4
845 2
846 10
847 10
848 9
849 6
850 6
851 2
852 22
853 1
854 0
855 5
856 12
857 3
858 3
859 2
860 1
861 4
862 1
863 20
864 9
865 10
866 0
867 10
868 1
869 4
870 8
871 16
872 4
873 0
874 21
875 5
876 3
877 2
878 19
879 7
880 2
881 5
882 1
883 0
884 11
885 1
886 15
887 3
888 0
889 9
890 25
891 12
892 2
893 11
894 4
895 0
896 2
897 1
898 5
899 3
900 4
901 5
902 2
903 1
904 0
905 3
906 0
907 6
908 7
909 0
910 0
911 1
912 20
913 2
914 7
915 3
916 8
917 14
918 4
919 9
920 5
921 9
922 1
923 6
924 2
925 9
926 1
927 1
928 7
929 0
930 6
931 2
932 2
933 2
934 1
935 2
936 22
937 6
938 7
939 4
940 0
941 21
942 7
943 3
944 2
945 2
946 0
947 5
948 5
949 1
950 3
951 8
952 1
953 1
954 1
955 0
956 35
957 6
958 10
959 36
960 7
961 2
962 4
963 0
964 3
965 3
966 5
967 16
968 5
969 0
970 8
971 5
972 6
973 7
974 7
975 12
976 12
977 10
978 0
979 0
980 10
981 3
982 1
983 3
984 0
985 4
986 3
987 2
988 20
989 0
990 25
991 9
992 27
993 0
994 8
995 10
996 5
997 8
998 3
999 2
1000 0
1001 4
1002 2
1003 0
1004 22
1005 1
1006 13
1007 2
1008 12
1009 24
1010 0
1011 0
1012 25
1013 3
1014 8
1015 7
1016 12
1017 2
1018 0
1019 2
1020 0
1021 3
1022 1
1023 0
1024 4
1025 2
1026 1
1027 8
1028 9
1029 2
1030 5
1031 0
1032 14
1033 6
1034 6
1035 13
1036 6
1037 7
1038 4
1039 4
1040 3
1041 0
1042 16
1043 1
1044 0
1045 7
1046 5
1047 3
1048 4
1049 0
1050 1
1051 1
1052 6
1053 2
1054 4
1055 1
1056 2
1057 0
1058 11
1059 13
1060 0
1061 6
1062 0
1063 0
1064 2
1065 0
1066 1
1067 1
1068 12
1069 9
1070 4
1071 12
1072 4
1073 20
1074 6
1075 7
1076 14
1077 1
1078 0
1079 0
1080 8
1081 2
1082 19
1083 7
1084 20
1085 0
1086 0
1087 6
1088 13
1089 3
1090 18
1091 14
1092 3
1093 6
1094 24
1095 0
1096 16
1097 4
1098 1
1099 20
1100 1
1101 12
1102 4
1103 8
1104 20
1105 13
1106 31
1107 9
1108 7
1109 2
1110 0
1111 5
1112 0
1113 1
1114 0
1115 7
1116 0
1117 1
1118 10
1119 0
1120 21
1121 2
1122 1
1123 5
1124 3
1125 2
1126 28
1127 0
1128 1
1129 0
1130 6
1131 46
1132 5
1133 1
1134 3
1135 1
1136 0
1137 6
1138 17
1139 2
1140 6
1141 0
1142 0
1143 2
1144 3
1145 0
1146 5
1147 9
1148 43
1149 0
1150 12
1151 4
1152 2
1153 6
1154 11
1155 9
1156 11
1157 3
1158 5
1159 16
1160 0
1161 7
1162 1
1163 3
1164 0
1165 8
1166 1
1167 2
1168 1
1169 0
1170 6
1171 2
1172 5
1173 1
1174 2
1175 6
1176 0
1177 2
1178 5
1179 3
1180 6
1181 13
1182 1
1183 2
1184 4
1185 4
1186 9
1187 5
1188 0
1189 4
1190 4
1191 7
1192 5
1193 14
1194 0
1195 0
1196 1
1197 9
1198 1
1199 16
1200 3
1201 10
1202 2
1203 9
1204 12
1205 1
1206 1
1207 2
1208 28
1209 5
1210 17
1211 4
1212 0
1213 0
1214 2
1215 4
1216 3
1217 10
1218 4
1219 3
1220 0
1221 2
1222 36
1223 8
1224 6
1225 5
1226 8
1227 6
1228 1
1229 4
1230 3
1231 33
1232 2
1233 5
1234 1
1235 0
1236 34
1237 5
1238 5
1239 5
1240 0
1241 2
1242 7
1243 10
1244 2
1245 16
1246 0
1247 19
1248 9
1249 2
1250 1
1251 5
1252 7
1253 15
1254 3
1255 6
1256 2
1257 6
1258 0
1259 7
1260 3
1261 36
1262 9
1263 23
1264 4
1265 8
1266 8
1267 18
1268 13
1269 0
1270 0
1271 1
1272 0
1273 3
1274 4
1275 7
1276 2
1277 2
1278 13
1279 1
1280 0
1281 23
1282 0
1283 8
1284 1
1285 1
1286 20
1287 0
1288 3
1289 5
1290 0
1291 4
1292 5
1293 4
1294 5
1295 4
1296 1
1297 13
1298 7
1299 3
1300 19
1301 2
1302 2
1303 10
1304 0
1305 0
1306 0
1307 10
1308 0
1309 0
1310 6
1311 5
1312 2
1313 0
1314 8
1315 1
1316 0
1317 2
1318 7
1319 1
1320 8
1321 3
1322 8
1323 1
1324 0
1325 7
1326 5
1327 2
1328 11
1329 0
1330 17
1331 1
1332 1
1333 6
1334 5
1335 5
1336 7
1337 1
1338 3
1339 13
1340 0
1341 0
1342 0
1343 2
1344 16
1345 3
1346 3
1347 1
1348 0
1349 13
1350 28
1351 14
1352 9
1353 19
1354 0
1355 9
1356 12
1357 0
1358 1
1359 34
1360 3
1361 1
1362 2
1363 9
1364 7
1365 0
1366 6
1367 10
1368 15
1369 10
1370 2
1371 2
1372 3
1373 2
1374 1
1375 5
1376 1
1377 3
1378 9
1379 21
1380 3
1381 2
1382 8
1383 3
1384 2
1385 2
1386 11
1387 0
1388 4
1389 0
1390 3
1391 0
1392 1
1393 2
1394 1
1395 19
1396 9
1397 1
1398 0
1399 0
1400 7
1401 4
1402 1
1403 0
1404 2
1405 7
1406 29
1407 11
1408 2
1409 11
1410 4
1411 5
1412 13
1413 1
1414 2
1415 10
1416 3
1417 3
1418 3
1419 12
1420 4
1421 1
1422 0
1423 5
1424 5
1425 2
1426 0
1427 2
1428 1
1429 1
1430 6
1431 0
1432 13
1433 1
1434 1
1435 10
1436 4
1437 1
1438 0
1439 0
1440 10
1441 0
1442 0
1443 1
1444 3
1445 0
1446 2
1447 6
1448 9
1449 5
1450 2
1451 4
1452 2
1453 4
1454 4
1455 4
1456 1
1457 0
1458 0
1459 13
1460 26
1461 1
1462 2
1463 6
1464 0
1465 23
1466 35
1467 48
1468 8
1469 7
1470 18
1471 3
1472 7
1473 8
1474 10
1475 8
1476 14
1477 5
1478 6
1479 5
1480 6
1481 11
1482 6
1483 9
1484 9
1485 5
1486 3
1487 14
1488 5
1489 1
1490 10
1491 9
1492 0
1493 0
1494 3
1495 42
1496 19
1497 5
1498 2
1499 0
1500 6
1501 0
1502 3
1503 4
1504 1
1505 1
1506 2
1507 7
1508 29
1509 3
1510 1
1511 2
1512 1
1513 7
1514 9
1515 0
1516 6
1517 8
1518 6
1519 0
1520 6
1521 11
1522 35
1523 29
1524 1
1525 0
1526 7
1527 3
1528 6
1529 9
1530 0
1531 0
1532 0
1533 0
1534 0
1535 19
1536 9
1537 8
1538 5
1539 8
1540 3
1541 0
1542 2
1543 1
1544 0
1545 6
1546 1
1547 23
1548 4
1549 1
1550 0
1551 2
1552 2
1553 0
1554 27
1555 11
1556 0
1557 4
1558 11
1559 0
1560 0
1561 9
1562 15
1563 17
1564 7
1565 1
1566 7
1567 2
1568 2
1569 7
1570 4
1571 73
1572 9
1573 4
1574 3
1575 10
1576 0
1577 2
1578 10
1579 6
1580 1
1581 7
1582 2
1583 7
1584 2
1585 2
1586 0
1587 2
1588 0
1589 1
1590 6
1591 0
1592 16
1593 3
1594 4
1595 34
1596 22
1597 1
