1 0
2 0
3 33
4 8
5 10
6 9
7 1
8 0
9 2
10 0
11 0
12 11
13 0
14 0
15 9
16 9
17 12
18 6
19 4
20 1
21 14
22 1
23 2
24 26
25 6
26 9
27 4
28 2
29 4
30 0
31 6
32 3
33 0
34 1
35 2
36 0
37 8
38 9
39 8
40 9
41 0
42 0
43 5
44 0
45 8
46 0
47 0
48 19
49 5
50 18
51 19
52 2
53 6
54 1
55 2
56 19
57 0
58 5
59 3
60 12
61 21
62 15
63 2
64 0
65 7
66 3
67 1
68 0
69 1
70 1
71 0
72 39
73 22
74 16
75 37
76 3
77 10
78 1
79 26
80 15
81 25
82 8
83 18
84 16
85 9
86 4
87 6
88 7
89 13
90 6
91 6
92 1
93 15
94 5
95 4
96 7
97 1
98 0
99 11
100 2
101 3
102 9
103 11
104 3
105 0
106 3
107 0
108 14
109 6
110 0
111 7
112 22
113 27
114 13
115 5
116 11
117 3
118 13
119 4
120 29
121 3
122 11
123 50
124 28
125 11
126 32
127 13
128 4
129 23
130 18
131 0
132 12
133 3
134 4
135 3
136 7
137 1
138 13
139 0
140 1
141 13
142 0
143 0
144 3
145 15
146 1
147 5
148 4
149 0
150 0
151 25
152 1
153 0
154 3
155 2
156 0
157 2
158 2
159 1
160 0
161 5
162 0
163 6
164 10
165 0
166 9
167 5
168 4
169 8
170 3
171 1
172 2
173 0
174 0
175 19
176 7
177 27
178 1
179 15
180 11
181 5
182 4
183 10
184 29
185 25
186 2
187 2
188 26
189 2
190 1
191 3
192 0
193 5
194 1
195 6
196 0
197 2
198 8
199 2
200 2
201 0
202 0
203 1
204 7
205 1
206 14
207 1
208 5
209 5
210 9
211 7
212 0
213 0
214 30
215 1
216 0
217 46
218 11
219 8
220 3
221 0
222 5
223 2
224 1
225 6
226 0
227 0
228 4
229 0
230 3
231 26
232 11
233 40
234 0
235 1
236 5
237 1
238 3
239 5
240 6
241 4
242 0
243 5
244 1
245 0
246 18
247 8
248 21
249 0
250 2
251 0
252 0
253 0
254 2
255 3
256 21
257 5
258 3
259 0
260 19
261 0
262 0
263 59
264 0
265 8
266 0
267 28
268 0
269 0
270 0
271 3
272 0
273 16
274 0
275 3
276 0
277 0
278 0
279 2
280 0
281 2
282 0
283 0
284 0
285 3
286 10
287 10
288 4
289 0
290 3
291 2
292 9
293 8
294 4
295 2
296 0
297 0
298 17
299 0
300 2
301 0
302 0
303 13
304 2
305 8
306 7
307 7
308 14
309 22
310 0
311 4
312 0
313 13
314 7
315 6
316 19
317 0
318 3
319 3
320 6
321 4
322 0
323 10
324 5
325 1
326 0
327 0
328 9
329 2
330 0
331 0
332 4
333 4
334 7
335 10
336 2
337 8
338 1
339 2
340 7
341 26
342 14
343 16
344 10
345 1
346 4
347 1
348 1
349 0
350 1
351 13
352 3
353 4
354 0
355 15
356 5
357 1
358 15
359 14
360 10
361 6
362 5
363 0
364 1
365 4
366 0
367 2
368 0
369 1
370 0
371 3
372 0
373 0
374 0
375 2
376 0
377 6
378 8
379 15
380 24
381 3
382 3
383 2
384 0
385 5
386 4
387 19
388 1
389 15
390 3
391 28
392 13
393 0
394 0
395 17
396 2
397 0
398 8
399 0
400 2
401 5
402 2
403 1
404 1
405 5
406 8
407 0
408 1
409 0
410 3
411 2
412 0
413 1
414 6
415 7
416 12
417 16
418 16
419 21
420 18
421 4
422 48
423 5
424 0
425 3
426 2
427 4
428 17
429 8
430 0
431 3
432 8
433 6
434 0
435 0
436 0
437 1
438 6
439 5
440 10
441 19
442 1
443 2
444 0
445 0
446 1
447 1
448 2
449 6
450 1
451 1
452 0
453 11
454 10
455 9
456 6
457 3
458 0
459 5
460 5
461 8
462 4
463 23
464 19
465 1
466 5
467 1
468 3
469 1
470 3
471 33
472 4
473 35
474 1
475 1
476 10
477 3
478 11
479 0
480 2
481 1
482 30
483 0
484 1
485 16
486 2
487 12
488 0
489 0
490 1
491 13
492 1
493 13
494 4
495 17
496 9
497 0
498 34
499 3
500 1
501 26
502 2
503 1
504 0
505 66
506 5
507 9
508 6
509 6
510 0
511 3
512 1
513 34
514 3
515 17
516 7
517 5
518 22
519 4
520 6
521 4
522 8
523 7
524 2
525 0
526 1
527 6
528 3
529 0
530 12
531 1
532 3
533 28
534 0
535 8
536 12
537 18
538 4
539 3
540 24
541 7
542 23
543 4
544 14
545 2
546 4
547 11
548 0
549 15
550 3
551 1
552 12
553 40
554 23
555 4
556 10
557 53
558 20
559 28
560 10
561 20
562 7
563 4
564 0
565 14
566 16
567 4
568 4
569 2
570 10
571 24
572 6
573 28
574 39
575 4
576 3
577 0
578 9
579 32
580 19
581 4
582 1
583 1
584 6
585 12
586 5
587 0
588 3
589 0
590 2
591 2
592 32
593 4
594 6
595 9
596 20
597 3
598 0
599 0
600 6
601 0
602 1
603 3
604 3
605 9
606 12
607 11
608 2
609 2
610 7
611 5
612 0
613 4
614 9
615 20
616 7
617 3
618 1
619 5
620 0
621 11
622 9
623 7
624 25
625 3
626 2
627 0
628 25
629 5
630 16
631 0
632 2
633 12
634 4
635 2
636 0
637 3
638 14
639 0
640 0
641 8
642 2
643 12
644 0
645 3
646 0
647 7
648 1
649 7
650 2
651 12
652 1
653 2
654 2
655 19
656 8
657 0
658 3
659 5
660 15
661 3
662 3
663 2
664 4
665 8
666 1
667 9
668 6
669 10
670 1
671 2
672 45
673 14
674 14
675 3
676 9
677 28
678 4
679 2
680 15
681 2
682 0
683 3
684 2
685 0
686 13
687 2
688 9
689 7
690 0
691 0
692 4
693 2
694 8
695 6
696 4
697 10
698 4
699 6
700 0
701 1
702 2
703 5
704 9
705 8
706 16
707 5
708 2
709 1
710 1
711 18
712 8
713 2
714 1
715 18
716 13
717 3
718 3
719 3
720 7
721 0
722 3
723 11
724 0
725 5
726 10
727 5
728 0
729 20
730 5
731 2
732 10
733 11
734 6
735 1
736 0
737 5
738 3
739 5
740 8
741 0
742 2
743 1
744 3
745 0
746 1
747 1
748 0
749 4
750 7
751 50
752 4
753 0
754 16
755 6
756 2
757 2
758 27
759 0
760 1
761 9
762 0
763 12
764 11
765 11
766 3
767 0
768 20
769 0
770 0
771 0
772 0
773 25
774 1
775 5
776 0
777 11
778 7
779 9
780 7
781 0
782 3
783 0
784 6
785 0
786 9
787 0
788 12
789 5
790 4
791 0
792 0
793 2
794 0
795 0
796 23
797 21
798 7
799 3
800 0
801 1
802 11
803 2
804 1
805 7
806 0
807 0
808 0
809 4
810 0
811 10
812 0
813 2
814 4
815 18
816 6
817 5
818 17
819 20
820 10
821 0
822 18
823 1
824 2
825 4
826 1
827 6
828 0
829 1
830 11
831 6
832 7
833 0
834 3
835 15
836 15
837 8
838 5
839 0
840 0
841 0
842 0
843 6
844 78
845 2
846 4
847 19
848 22
849 12
850 1
851 29
852 4
853 1
854 2
855 1
856 13
857 0
858 3
859 7
860 0
861 9
862 0
863 4
864 2
865 5
866 0
867 3
868 6
869 3
870 17
871 7
872 29
873 5
874 21
875 2
876 7
877 2
878 24
879 5
880 1
881 4
882 0
883 0
884 1
885 1
886 4
887 5
888 4
889 58
890 2
891 37
892 3
893 7
894 5
895 5
896 3
897 0
898 3
899 3
900 3
901 7
902 2
903 2
904 0
905 7
906 5
907 12
908 8
909 0
910 0
911 2
912 13
913 2
914 4
915 5
916 9
917 0
918 2
919 105
920 0
921 3
922 0
923 32
924 4
925 11
926 3
927 0
928 14
929 2
930 5
931 1
932 4
933 18
934 17
935 4
936 14
937 0
938 58
939 1
940 14
941 9
942 9
943 2
944 4
945 1
946 3
947 11
948 5
949 4
950 1
951 4
952 4
953 0
954 7
955 3
956 29
957 7
958 17
959 24
960 10
961 6
962 0
963 1
964 2
965 4
966 6
967 8
968 0
969 0
970 5
971 1
972 3
973 3
974 9
975 4
976 21
977 58
978 0
979 0
980 0
981 2
982 0
983 0
984 0
985 16
986 6
987 2
988 12
989 2
990 10
991 14
992 11
993 4
994 4
995 9
996 12
997 17
998 12
999 0
1000 0
1001 12
1002 19
1003 1
1004 9
1005 0
1006 18
1007 2
1008 13
1009 61
1010 0
1011 3
1012 9
1013 3
1014 18
1015 17
1016 13
1017 6
1018 0
1019 3
1020 3
1021 24
1022 2
1023 0
1024 0
1025 2
1026 1
1027 3
1028 1
1029 1
1030 0
1031 1
1032 29
1033 4
1034 2
1035 4
1036 7
1037 33
1038 0
1039 9
1040 8
1041 0
1042 8
1043 4
1044 0
1045 6
1046 6
1047 1
1048 12
1049 0
1050 1
1051 2
1052 0
1053 8
1054 5
1055 1
1056 7
1057 0
1058 6
1059 1
1060 0
1061 6
1062 0
1063 0
1064 2
1065 1
1066 2
1067 0
1068 4
1069 2
1070 0
1071 20
1072 1
1073 4
1074 1
1075 6
1076 18
1077 1
1078 5
1079 1
1080 5
1081 2
1082 10
1083 6
1084 11
1085 0
1086 4
1087 9
1088 4
1089 0
1090 11
1091 13
1092 4
1093 45
1094 13
1095 2
1096 12
1097 2
1098 15
1099 41
1100 0
1101 11
1102 47
1103 8
1104 3
1105 9
1106 22
1107 8
1108 4
1109 0
1110 0
1111 16
1112 0
1113 8
1114 0
1115 4
1116 7
1117 1
1118 3
1119 0
1120 8
1121 2
1122 0
1123 1
1124 6
1125 0
1126 8
1127 2
1128 6
1129 0
1130 5
1131 19
1132 0
1133 1
1134 1
1135 5
1136 3
1137 3
1138 5
1139 1
1140 0
1141 3
1142 4
1143 0
1144 0
1145 0
1146 8
1147 2
1148 4
1149 2
1150 1
1151 9
1152 20
1153 1
1154 8
1155 4
1156 37
1157 7
1158 8
1159 11
1160 0
1161 14
1162 0
1163 21
1164 0
1165 1
1166 2
1167 0
1168 12
1169 0
1170 7
1171 2
1172 7
1173 4
1174 79
1175 6
1176 3
1177 15
1178 17
1179 12
1180 42
1181 17
1182 5
1183 3
1184 20
1185 0
1186 0
1187 1
1188 2
1189 4
1190 3
1191 0
1192 6
1193 4
1194 2
1195 2
1196 0
1197 1
1198 8
1199 74
1200 4
1201 25
1202 0
1203 0
1204 9
1205 1
1206 1
1207 0
1208 3
1209 0
1210 6
1211 0
1212 0
1213 6
1214 4
1215 4
1216 8
1217 6
1218 6
1219 11
1220 0
1221 0
1222 4
1223 7
1224 10
1225 5
1226 0
1227 10
1228 0
1229 3
1230 7
1231 20
1232 0
1233 21
1234 3
1235 1
1236 4
1237 8
1238 14
1239 8
1240 1
1241 5
1242 1
1243 3
1244 0
1245 6
1246 2
1247 8
1248 0
1249 8
1250 4
1251 2
1252 0
1253 3
1254 1
1255 0
1256 4
1257 3
1258 1
1259 0
1260 1
1261 9
1262 1
1263 5
1264 1
1265 29
1266 7
1267 6
1268 3
1269 0
1270 2
1271 5
1272 6
1273 9
1274 0
1275 28
1276 7
1277 0
1278 11
1279 0
1280 2
1281 13
1282 0
1283 1
1284 1
1285 0
1286 23
1287 0
1288 10
1289 7
1290 0
1291 3
1292 14
1293 13
1294 1
1295 9
1296 3
1297 18
1298 9
1299 2
1300 4
1301 0
1302 2
1303 3
1304 0
1305 4
1306 0
1307 17
1308 0
1309 1
1310 2
1311 3
1312 41
1313 1
1314 2
1315 0
1316 0
1317 0
1318 4
1319 1
1320 24
1321 7
1322 0
1323 5
1324 0
1325 5
1326 4
1327 0
1328 34
1329 1
1330 8
1331 0
1332 0
1333 13
1334 3
1335 11
1336 1
1337 0
1338 6
1339 11
1340 2
1341 11
1342 3
1343 0
1344 2
1345 5
1346 16
1347 4
1348 1
1349 8
1350 47
1351 9
1352 2
1353 4
1354 0
1355 9
1356 0
1357 9
1358 2
1359 3
1360 3
1361 1
1362 2
1363 14
1364 6
1365 3
1366 3
1367 4
1368 9
1369 5
1370 4
1371 4
1372 8
1373 0
1374 5
1375 6
1376 10
1377 2
1378 2
1379 11
1380 3
1381 1
1382 17
1383 16
1384 12
1385 2
1386 5
1387 3
1388 15
1389 0
1390 2
1391 3
1392 1
1393 4
1394 13
1395 9
1396 6
1397 3
1398 1
1399 0
1400 8
1401 0
1402 3
1403 3
1404 9
1405 1
1406 5
1407 5
1408 2
1409 10
1410 4
1411 1
1412 6
1413 1
1414 7
1415 1
1416 0
1417 0
1418 17
1419 1
1420 3
1421 2
1422 8
1423 8
1424 0
1425 15
1426 2
1427 3
1428 0
1429 0
1430 4
1431 1
1432 27
1433 0
1434 2
1435 35
1436 8
1437 3
1438 0
1439 1
1440 22
1441 19
1442 0
1443 9
1444 0
1445 5
1446 1
1447 14
1448 3
1449 37
1450 4
1451 1
1452 15
1453 38
1454 11
1455 12
1456 9
1457 0
1458 3
1459 10
1460 3
1461 3
1462 1
1463 0
1464 1
1465 12
1466 11
1467 17
1468 8
1469 8
1470 5
1471 25
1472 11
1473 5
1474 8
1475 24
1476 12
1477 6
1478 1
1479 15
1480 0
1481 2
1482 15
1483 1
1484 1
1485 17
1486 3
1487 10
1488 15
1489 0
1490 8
1491 4
1492 4
1493 0
1494 2
1495 21
1496 8
1497 0
1498 4
1499 0
1500 3
1501 1
1502 7
1503 0
1504 6
1505 1
1506 0
1507 34
1508 49
1509 1
1510 3
1511 2
1512 14
1513 2
1514 1
1515 0
1516 2
1517 0
1518 2
1519 0
1520 2
1521 12
1522 11
1523 11
1524 0
1525 4
1526 0
1527 10
1528 0
1529 6
1530 1
1531 3
1532 4
1533 7
1534 0
1535 21
1536 26
1537 17
1538 0
1539 6
1540 1
1541 0
1542 0
1543 3
1544 0
1545 2
1546 3
1547 6
1548 0
1549 2
1550 0
1551 3
1552 11
1553 0
1554 16
1555 3
1556 3
1557 8
1558 0
1559 0
1560 1
1561 1
1562 46
1563 2
1564 2
1565 8
1566 5
1567 0
1568 1
1569 1
1570 0
1571 34
1572 13
1573 3
1574 5
1575 7
1576 0
1577 0
1578 18
1579 0
1580 0
1581 6
1582 5
1583 3
1584 2
1585 0
1586 0
1587 7
1588 3
1589 4
1590 18
1591 1
1592 13
1593 11
1594 5
1595 9
1596 32
1597 0
