1 0
2 0
3 7
4 12
5 8
6 8
7 0
8 0
9 59
10 3
11 2
12 8
13 0
14 7
15 5
16 13
17 6
18 25
19 1
20 0
21 4
22 0
23 8
24 26
25 55
26 8
27 43
28 4
29 3
30 4
31 9
32 3
33 15
34 24
35 33
36 3
37 10
38 15
39 12
40 13
41 0
42 8
43 12
44 4
45 7
46 5
47 0
48 29
49 3
50 12
51 2
52 5
53 0
54 2
55 8
56 15
57 0
58 9
59 13
60 22
61 29
62 10
63 18
64 4
65 6
66 14
67 10
68 0
69 3
70 4
71 1
72 16
73 7
74 14
75 16
76 8
77 20
78 4
79 14
80 5
81 10
82 2
83 1
84 4
85 9
86 4
87 18
88 5
89 6
90 12
91 5
92 40
93 33
94 13
95 4
96 13
97 5
98 2
99 6
100 6
101 6
102 0
103 17
104 1
105 2
106 22
107 5
108 13
109 6
110 2
111 0
112 54
113 3
114 17
115 12
116 18
117 10
118 4
119 20
120 55
121 3
122 11
123 0
124 44
125 11
126 23
127 0
128 11
129 8
130 5
131 2
132 8
133 9
134 1
135 9
136 3
137 2
138 27
139 0
140 53
141 9
142 1
143 0
144 15
145 11
146 6
147 6
148 3
149 5
150 1
151 22
152 1
153 6
154 2
155 4
156 0
157 0
158 25
159 36
160 3
161 0
162 17
163 5
164 31
165 7
166 40
167 0
168 5
169 6
170 7
171 1
172 1
173 9
174 7
175 17
176 7
177 18
178 14
179 27
180 25
181 14
182 2
183 1
184 4
185 4
186 22
187 2
188 27
189 2
190 6
191 27
192 4
193 10
194 5
195 22
196 6
197 5
198 14
199 4
200 6
201 0
202 0
203 3
204 4
205 7
206 5
207 45
208 16
209 33
210 14
211 4
212 0
213 4
214 3
215 8
216 16
217 14
218 21
219 30
220 2
221 1
222 11
223 3
224 1
225 2
226 0
227 1
228 4
229 3
230 7
231 27
232 33
233 13
234 0
235 4
236 11
237 8
238 8
239 16
240 5
241 8
242 0
243 4
244 30
245 0
246 0
247 31
248 11
249 17
250 12
251 0
252 11
253 0
254 4
255 6
256 27
257 28
258 6
259 14
260 61
261 23
262 0
263 9
264 1
265 11
266 1
267 9
268 0
269 6
270 0
271 15
272 8
273 0
274 0
275 10
276 2
277 4
278 2
279 6
280 7
281 4
282 6
283 14
284 2
285 2
286 10
287 12
288 5
289 0
290 15
291 27
292 18
293 59
294 9
295 4
296 3
297 0
298 7
299 2
300 0
301 0
302 14
303 5
304 14
305 1
306 2
307 25
308 56
309 9
310 3
311 11
312 7
313 17
314 11
315 26
316 7
317 1
318 22
319 17
320 20
321 26
322 7
323 13
324 18
325 2
326 5
327 5
328 7
329 0
330 1
331 2
332 4
333 12
334 5
335 5
336 13
337 8
338 13
339 20
340 1
341 20
342 37
343 19
344 29
345 21
346 13
347 5
348 6
349 0
350 8
351 11
352 9
353 11
354 7
355 9
356 19
357 3
358 11
359 7
360 3
361 21
362 26
363 3
364 6
365 0
366 2
367 11
368 0
369 4
370 3
371 43
372 0
373 5
374 11
375 2
376 11
377 3
378 4
379 1
380 24
381 2
382 2
383 2
384 9
385 22
386 2
387 26
388 13
389 20
390 9
391 2
392 106
393 1
394 17
395 15
396 1
397 15
398 30
399 0
400 7
401 11
402 18
403 2
404 14
405 28
406 5
407 12
408 1
409 6
410 9
411 4
412 10
413 10
414 4
415 6
416 31
417 3
418 25
419 4
420 12
421 12
422 19
423 6
424 3
425 11
426 8
427 9
428 1
429 0
430 12
431 23
432 23
433 8
434 0
435 1
436 22
437 3
438 4
439 12
440 17
441 8
442 11
443 1
444 28
445 2
446 8
447 34
448 10
449 8
450 29
451 29
452 11
453 2
454 15
455 18
456 14
457 26
458 6
459 8
460 10
461 11
462 13
463 28
464 21
465 3
466 9
467 2
468 0
469 9
470 5
471 8
472 3
473 19
474 5
475 7
476 18
477 7
478 2
479 2
480 22
481 4
482 20
483 1
484 5
485 6
486 10
487 6
488 0
489 1
490 9
491 7
492 10
493 4
494 0
495 2
496 2
497 0
498 14
499 28
500 0
501 6
502 9
503 0
504 5
505 18
506 5
507 18
508 9
509 4
510 17
511 1
512 3
513 36
514 7
515 6
516 2
517 9
518 2
519 3
520 17
521 2
522 15
523 7
524 2
525 15
526 0
527 0
528 2
529 7
530 19
531 4
532 9
533 17
534 1
535 4
536 9
537 16
538 11
539 9
540 13
541 8
542 7
543 13
544 22
545 3
546 0
547 0
548 5
549 5
550 20
551 12
552 7
553 27
554 9
555 5
556 11
557 12
558 3
559 25
560 7
561 10
562 44
563 11
564 0
565 4
566 3
567 3
568 4
569 9
570 0
571 21
572 10
573 26
574 20
575 15
576 6
577 0
578 9
579 29
580 9
581 10
582 1
583 6
584 23
585 1
586 3
587 0
588 6
589 4
590 4
591 8
592 53
593 1
594 3
595 10
596 11
597 4
598 12
599 0
600 13
601 21
602 17
603 5
604 12
605 23
606 5
607 12
608 6
609 4
610 9
611 4
612 0
613 0
614 15
615 16
616 14
617 8
618 0
619 17
620 0
621 12
622 7
623 1
624 6
625 7
626 13
627 17
628 7
629 3
630 16
631 4
632 14
633 13
634 9
635 14
636 0
637 10
638 11
639 0
640 0
641 1
642 3
643 11
644 5
645 8
646 1
647 7
648 6
649 6
650 5
651 13
652 12
653 2
654 24
655 2
656 10
657 7
658 4
659 15
660 2
661 9
662 30
663 3
664 1
665 13
666 1
667 10
668 24
669 15
670 14
671 15
672 7
673 16
674 6
675 0
676 30
677 23
678 16
679 21
680 6
681 1
682 14
683 3
684 6
685 4
686 21
687 16
688 12
689 8
690 1
691 1
692 3
693 3
694 4
695 4
696 25
697 51
698 8
699 8
700 1
701 6
702 3
703 13
704 45
705 1
706 31
707 3
708 6
709 9
710 16
711 16
712 0
713 27
714 0
715 18
716 6
717 3
718 0
719 4
720 2
721 2
722 2
723 11
724 3
725 13
726 9
727 11
728 0
729 8
730 34
731 0
732 11
733 15
734 10
735 0
736 7
737 2
738 11
739 9
740 1
741 1
742 2
743 3
744 9
745 0
746 6
747 10
748 8
749 0
750 7
751 17
752 1
753 18
754 9
755 14
756 45
757 1
758 11
759 3
760 4
761 26
762 6
763 4
764 18
765 28
766 7
767 1
768 11
769 1
770 1
771 2
772 0
773 9
774 4
775 16
776 4
777 41
778 10
779 9
780 6
781 0
782 3
783 11
784 13
785 0
786 8
787 1
788 25
789 6
790 2
791 6
792 0
793 20
794 1
795 1
796 40
797 79
798 2
799 4
800 2
801 3
802 1
803 14
804 4
805 4
806 2
807 0
808 5
809 7
810 5
811 16
812 1
813 0
814 2
815 21
816 1
817 4
818 64
819 4
820 15
821 0
822 38
823 4
824 2
825 6
826 11
827 1
828 1
829 11
830 6
831 4
832 3
833 2
834 0
835 14
836 6
837 9
838 15
839 0
840 2
841 6
842 2
843 1
844 26
845 2
846 7
847 33
848 9
849 7
850 10
851 5
852 6
853 0
854 11
855 10
856 12
857 2
858 0
859 0
860 0
861 8
862 0
863 10
864 1
865 2
866 0
867 11
868 0
869 11
870 2
871 1
872 0
873 0
874 12
875 11
876 13
877 1
878 14
879 4
880 6
881 8
882 1
883 4
884 0
885 8
886 0
887 6
888 1
889 1
890 2
891 3
892 6
893 8
894 8
895 14
896 1
897 1
898 9
899 2
900 9
901 2
902 17
903 4
904 4
905 0
906 0
907 9
908 5
909 6
910 3
911 4
912 0
913 11
914 7
915 11
916 25
917 6
918 9
919 4
920 9
921 6
922 3
923 3
924 3
925 6
926 7
927 1
928 4
929 6
930 8
931 7
932 0
933 2
934 0
935 8
936 26
937 0
938 4
939 6
940 0
941 0
942 10
943 4
944 0
945 1
946 1
947 6
948 0
949 3
950 5
951 4
952 2
953 2
954 4
955 4
956 11
957 10
958 14
959 7
960 3
961 3
962 0
963 8
964 2
965 3
966 6
967 4
968 0
969 7
970 6
971 2
972 3
973 24
974 16
975 1
976 8
977 10
978 1
979 14
980 1
981 1
982 0
983 2
984 2
985 15
986 2
987 9
988 6
989 0
990 35
991 9
992 30
993 1
994 4
995 2
996 0
997 16
998 2
999 4
1000 0
1001 13
1002 15
1003 0
1004 8
1005 8
1006 18
1007 2
1008 16
1009 26
1010 4
1011 0
1012 10
1013 4
1014 27
1015 20
1016 21
1017 5
1018 0
1019 2
1020 14
1021 13
1022 1
1023 5
1024 3
1025 0
1026 3
1027 2
1028 7
1029 4
1030 4
1031 23
1032 10
1033 15
1034 11
1035 8
1036 9
1037 1
1038 9
1039 3
1040 8
1041 4
1042 5
1043 3
1044 18
1045 11
1046 21
1047 0
1048 12
1049 14
1050 0
1051 4
1052 10
1053 8
1054 19
1055 0
1056 3
1057 0
1058 23
1059 15
1060 0
1061 13
1062 0
1063 0
1064 11
1065 4
1066 4
1067 0
1068 11
1069 5
1070 0
1071 5
1072 3
1073 2
1074 17
1075 18
1076 9
1077 16
1078 3
1079 2
1080 9
1081 2
1082 63
1083 9
1084 4
1085 5
1086 13
1087 7
1088 4
1089 1
1090 5
1091 4
1092 0
1093 0
1094 15
1095 1
1096 8
1097 6
1098 3
1099 15
1100 0
1101 4
1102 3
1103 11
1104 8
1105 32
1106 15
1107 13
1108 15
1109 2
1110 0
1111 14
1112 2
1113 4
1114 1
1115 5
1116 1
1117 12
1118 3
1119 15
1120 10
1121 3
1122 10
1123 6
1124 1
1125 5
1126 18
1127 2
1128 1
1129 3
1130 11
1131 13
1132 0
1133 2
1134 4
1135 2
1136 1
1137 2
1138 0
1139 1
1140 4
1141 3
1142 0
1143 4
1144 0
1145 0
1146 15
1147 6
1148 7
1149 9
1150 7
1151 7
1152 35
1153 2
1154 3
1155 30
1156 4
1157 0
1158 3
1159 25
1160 5
1161 16
1162 4
1163 7
1164 2
1165 3
1166 13
1167 6
1168 7
1169 3
1170 14
1171 1
1172 8
1173 1
1174 2
1175 23
1176 19
1177 16
1178 1
1179 9
1180 3
1181 16
1182 1
1183 5
1184 3
1185 0
1186 0
1187 4
1188 2
1189 17
1190 5
1191 10
1192 36
1193 20
1194 9
1195 4
1196 8
1197 6
1198 0
1199 5
1200 19
1201 16
1202 2
1203 9
1204 4
1205 4
1206 16
1207 3
1208 35
1209 6
1210 5
1211 6
1212 0
1213 0
1214 2
1215 1
1216 17
1217 4
1218 5
1219 9
1220 0
1221 1
1222 51
1223 13
1224 1
1225 3
1226 1
1227 11
1228 22
1229 25
1230 5
1231 13
1232 2
1233 4
1234 1
1235 0
1236 14
1237 2
1238 11
1239 20
1240 3
1241 1
1242 3
1243 12
1244 20
1245 1
1246 5
1247 12
1248 2
1249 0
1250 3
1251 10
1252 0
1253 2
1254 10
1255 5
1256 5
1257 1
1258 16
1259 1
1260 2
1261 16
1262 4
1263 11
1264 3
1265 11
1266 4
1267 24
1268 6
1269 3
1270 0
1271 2
1272 3
1273 2
1274 0
1275 16
1276 2
1277 2
1278 11
1279 0
1280 0
1281 2
1282 0
1283 2
1284 4
1285 14
1286 1
1287 0
1288 0
1289 8
1290 2
1291 1
1292 14
1293 29
1294 5
1295 35
1296 3
1297 36
1298 13
1299 0
1300 24
1301 2
1302 11
1303 46
1304 0
1305 0
1306 0
1307 10
1308 6
1309 2
1310 3
1311 2
1312 5
1313 3
1314 1
1315 5
1316 0
1317 2
1318 4
1319 0
1320 9
1321 2
1322 4
1323 1
1324 0
1325 4
1326 8
1327 2
1328 7
1329 1
1330 3
1331 5
1332 0
1333 4
1334 13
1335 38
1336 0
1337 0
1338 5
1339 27
1340 2
1341 1
1342 2
1343 7
1344 9
1345 0
1346 1
1347 2
1348 0
1349 18
1350 59
1351 8
1352 4
1353 11
1354 0
1355 6
1356 1
1357 1
1358 6
1359 20
1360 38
1361 0
1362 1
1363 1
1364 2
1365 3
1366 10
1367 1
1368 3
1369 15
1370 3
1371 2
1372 11
1373 1
1374 3
1375 14
1376 30
1377 0
1378 7
1379 23
1380 2
1381 7
1382 8
1383 6
1384 5
1385 11
1386 2
1387 0
1388 17
1389 1
1390 4
1391 0
1392 8
1393 0
1394 18
1395 13
1396 9
1397 12
1398 6
1399 1
1400 6
1401 10
1402 2
1403 8
1404 14
1405 6
1406 3
1407 11
1408 0
1409 48
1410 9
1411 2
1412 7
1413 2
1414 2
1415 11
1416 0
1417 5
1418 23
1419 4
1420 2
1421 12
1422 17
1423 11
1424 0
1425 10
1426 1
1427 7
1428 2
1429 9
1430 11
1431 5
1432 15
1433 0
1434 1
1435 3
1436 17
1437 0
1438 3
1439 9
1440 4
1441 7
1442 0
1443 9
1444 1
1445 8
1446 12
1447 6
1448 4
1449 15
1450 7
1451 11
1452 13
1453 11
1454 7
1455 13
1456 3
1457 0
1458 2
1459 7
1460 30
1461 3
1462 1
1463 0
1464 2
1465 22
1466 8
1467 37
1468 17
1469 7
1470 16
1471 34
1472 55
1473 3
1474 7
1475 26
1476 3
1477 7
1478 19
1479 15
1480 4
1481 3
1482 27
1483 19
1484 10
1485 8
1486 4
1487 9
1488 2
1489 6
1490 9
1491 13
1492 12
1493 2
1494 2
1495 16
1496 6
1497 0
1498 3
1499 1
1500 11
1501 5
1502 0
1503 2
1504 9
1505 1
1506 11
1507 9
1508 17
1509 0
1510 8
1511 11
1512 10
1513 3
1514 6
1515 5
1516 4
1517 0
1518 1
1519 0
1520 10
1521 18
1522 18
1523 19
1524 5
1525 13
1526 7
1527 11
1528 7
1529 17
1530 7
1531 0
1532 13
1533 0
1534 0
1535 15
1536 4
1537 13
1538 0
1539 3
1540 7
1541 2
1542 0
1543 9
1544 1
1545 4
1546 2
1547 0
1548 1
1549 16
1550 0
1551 1
1552 12
1553 2
1554 23
1555 8
1556 0
1557 2
1558 2
1559 7
1560 25
1561 9
1562 29
1563 6
1564 8
1565 1
1566 4
1567 0
1568 2
1569 6
1570 0
1571 6
1572 36
1573 5
1574 8
1575 16
1576 5
1577 24
1578 11
1579 15
1580 0
1581 7
1582 3
1583 9
1584 30
1585 0
1586 0
1587 20
1588 3
1589 7
1590 7
1591 0
1592 23
1593 7
1594 3
1595 6
1596 36
1597 1
