1 0
2 0
3 9
4 12
5 42
6 12
7 0
8 2
9 1
10 0
11 0
12 1
13 13
14 5
15 14
16 8
17 0
18 20
19 0
20 0
21 4
22 0
23 12
24 14
25 22
26 3
27 7
28 0
29 13
30 7
31 3
32 9
33 2
34 14
35 12
36 2
37 5
38 4
39 27
40 10
41 5
42 3
43 26
44 2
45 9
46 2
47 4
48 15
49 5
50 12
51 21
52 0
53 1
54 3
55 0
56 1
57 2
58 10
59 19
60 6
61 4
62 11
63 5
64 0
65 1
66 2
67 0
68 2
69 1
70 5
71 1
72 12
73 83
74 28
75 18
76 6
77 14
78 10
79 9
80 9
81 21
82 3
83 11
84 6
85 4
86 12
87 9
88 2
89 8
90 2
91 4
92 3
93 1
94 15
95 7
96 22
97 2
98 11
99 21
100 1
101 6
102 1
103 11
104 0
105 7
106 3
107 3
108 1
109 2
110 0
111 2
112 10
113 1
114 4
115 1
116 7
117 5
118 12
119 3
120 8
121 5
122 1
123 6
124 29
125 1
126 40
127 4
128 12
129 9
130 44
131 6
132 8
133 5
134 17
135 5
136 21
137 18
138 4
139 6
140 3
141 4
142 1
143 4
144 4
145 0
146 16
147 8
148 3
149 3
150 2
151 2
152 0
153 0
154 3
155 4
156 0
157 0
158 2
159 1
160 0
161 2
162 1
163 3
164 1
165 1
166 7
167 12
168 9
169 15
170 2
171 7
172 3
173 3
174 1
175 30
176 33
177 14
178 3
179 23
180 4
181 5
182 0
183 0
184 9
185 3
186 6
187 0
188 8
189 3
190 1
191 6
192 6
193 11
194 1
195 2
196 2
197 0
198 1
199 0
200 4
201 1
202 0
203 1
204 0
205 2
206 7
207 5
208 10
209 4
210 0
211 1
212 9
213 0
214 3
215 1
216 0
217 14
218 18
219 11
220 12
221 1
222 4
223 4
224 1
225 2
226 5
227 1
228 8
229 0
230 31
231 7
232 4
233 16
234 1
235 0
236 9
237 4
238 6
239 4
240 1
241 1
242 2
243 2
244 6
245 2
246 5
247 16
248 14
249 0
250 6
251 1
252 1
253 3
254 6
255 0
256 1
257 24
258 2
259 0
260 7
261 9
262 0
263 1
264 0
265 6
266 3
267 30
268 2
269 7
270 0
271 23
272 1
273 2
274 0
275 3
276 0
277 10
278 1
279 0
280 7
281 17
282 1
283 6
284 18
285 2
286 15
287 11
288 0
289 3
290 3
291 5
292 17
293 12
294 2
295 7
296 52
297 12
298 19
299 0
300 2
301 2
302 3
303 6
304 3
305 0
306 2
307 17
308 10
309 5
310 3
311 18
312 2
313 3
314 5
315 28
316 20
317 0
318 5
319 2
320 0
321 7
322 1
323 15
324 12
325 4
326 1
327 1
328 19
329 0
330 3
331 0
332 9
333 1
334 2
335 20
336 1
337 1
338 5
339 3
340 8
341 8
342 2
343 13
344 19
345 17
346 20
347 1
348 11
349 1
350 3
351 9
352 1
353 2
354 2
355 19
356 4
357 2
358 0
359 3
360 0
361 2
362 0
363 3
364 2
365 7
366 0
367 2
368 0
369 6
370 0
371 2
372 9
373 14
374 1
375 3
376 2
377 4
378 8
379 37
380 2
381 3
382 3
383 0
384 1
385 6
386 19
387 14
388 0
389 15
390 9
391 10
392 10
393 9
394 2
395 19
396 1
397 8
398 13
399 4
400 5
401 7
402 2
403 1
404 0
405 4
406 7
407 0
408 0
409 2
410 0
411 42
412 3
413 12
414 1
415 4
416 6
417 2
418 2
419 3
420 3
421 7
422 7
423 2
424 0
425 11
426 1
427 16
428 8
429 1
430 19
431 5
432 8
433 4
434 3
435 0
436 2
437 0
438 18
439 13
440 10
441 2
442 1
443 1
444 2
445 3
446 26
447 4
448 5
449 7
450 0
451 9
452 2
453 2
454 7
455 13
456 7
457 6
458 0
459 11
460 5
461 5
462 7
463 3
464 7
465 0
466 8
467 0
468 6
469 1
470 2
471 13
472 13
473 7
474 1
475 7
476 84
477 12
478 15
479 6
480 0
481 19
482 18
483 6
484 1
485 16
486 24
487 0
488 10
489 0
490 12
491 15
492 6
493 0
494 2
495 14
496 12
497 8
498 8
499 19
500 2
501 8
502 7
503 0
504 4
505 0
506 11
507 9
508 5
509 2
510 6
511 3
512 2
513 4
514 0
515 5
516 5
517 9
518 0
519 0
520 6
521 3
522 17
523 11
524 6
525 2
526 3
527 5
528 2
529 6
530 14
531 6
532 2
533 19
534 0
535 6
536 2
537 8
538 0
539 13
540 2
541 4
542 20
543 5
544 24
545 8
546 0
547 3
548 6
549 15
550 5
551 10
552 7
553 7
554 5
555 7
556 11
557 4
558 6
559 62
560 18
561 7
562 49
563 7
564 2
565 7
566 1
567 6
568 11
569 1
570 14
571 17
572 10
573 24
574 28
575 7
576 5
577 0
578 22
579 11
580 4
581 5
582 1
583 7
584 16
585 0
586 2
587 0
588 0
589 1
590 1
591 1
592 2
593 0
594 0
595 5
596 6
597 6
598 3
599 7
600 4
601 8
602 2
603 1
604 4
605 8
606 3
607 7
608 6
609 0
610 10
611 19
612 1
613 4
614 3
615 12
616 14
617 1
618 3
619 16
620 7
621 5
622 3
623 12
624 5
625 1
626 1
627 8
628 23
629 0
630 4
631 3
632 8
633 10
634 6
635 2
636 1
637 7
638 5
639 0
640 0
641 5
642 1
643 3
644 0
645 22
646 3
647 1
648 0
649 4
650 4
651 26
652 6
653 0
654 3
655 10
656 0
657 0
658 1
659 0
660 2
661 0
662 3
663 2
664 2
665 8
666 2
667 3
668 7
669 3
670 5
671 4
672 3
673 3
674 6
675 6
676 1
677 3
678 4
679 1
680 0
681 1
682 12
683 2
684 30
685 0
686 12
687 17
688 2
689 13
690 0
691 5
692 2
693 9
694 8
695 2
696 12
697 21
698 4
699 0
700 0
701 2
702 2
703 4
704 30
705 27
706 4
707 2
708 0
709 0
710 0
711 19
712 0
713 3
714 1
715 26
716 9
717 12
718 7
719 2
720 5
721 0
722 11
723 2
724 0
725 2
726 8
727 1
728 0
729 2
730 3
731 4
732 2
733 2
734 3
735 0
736 1
737 12
738 0
739 35
740 2
741 1
742 2
743 0
744 2
745 8
746 0
747 3
748 18
749 1
750 7
751 13
752 9
753 21
754 3
755 2
756 1
757 0
758 2
759 7
760 0
761 5
762 0
763 11
764 13
765 0
766 9
767 2
768 4
769 5
770 1
771 3
772 1
773 6
774 4
775 7
776 3
777 4
778 9
779 6
780 8
781 0
782 13
783 10
784 9
785 2
786 9
787 2
788 15
789 3
790 0
791 2
792 0
793 2
794 1
795 1
796 7
797 4
798 1
799 7
800 4
801 0
802 5
803 13
804 6
805 18
806 1
807 0
808 0
809 3
810 0
811 14
812 5
813 0
814 12
815 10
816 9
817 13
818 6
819 22
820 28
821 3
822 42
823 1
824 6
825 15
826 8
827 9
828 10
829 9
830 20
831 2
832 5
833 6
834 8
835 16
836 13
837 6
838 6
839 9
840 0
841 5
842 2
843 6
844 14
845 3
846 2
847 8
848 10
849 2
850 1
851 19
852 0
853 0
854 4
855 2
856 3
857 2
858 3
859 0
860 0
861 4
862 5
863 32
864 7
865 3
866 1
867 3
868 2
869 2
870 9
871 6
872 3
873 2
874 9
875 11
876 25
877 2
878 5
879 21
880 0
881 8
882 0
883 1
884 3
885 5
886 16
887 10
888 23
889 1
890 1
891 1
892 4
893 49
894 13
895 31
896 33
897 2
898 5
899 7
900 5
901 20
902 10
903 1
904 2
905 0
906 0
907 3
908 22
909 4
910 7
911 1
912 8
913 10
914 0
915 13
916 2
917 72
918 7
919 2
920 4
921 6
922 7
923 60
924 35
925 3
926 6
927 3
928 20
929 21
930 7
931 9
932 4
933 10
934 6
935 0
936 9
937 9
938 10
939 10
940 1
941 8
942 6
943 42
944 2
945 20
946 4
947 11
948 1
949 4
950 14
951 0
952 4
953 2
954 2
955 2
956 17
957 5
958 7
959 6
960 35
961 14
962 2
963 3
964 0
965 10
966 13
967 2
968 30
969 0
970 1
971 1
972 3
973 6
974 11
975 0
976 7
977 17
978 1
979 0
980 7
981 3
982 8
983 1
984 0
985 30
986 7
987 0
988 8
989 0
990 2
991 24
992 7
993 0
994 2
995 7
996 6
997 37
998 4
999 4
1000 3
1001 5
1002 19
1003 0
1004 7
1005 0
1006 28
1007 0
1008 32
1009 13
1010 11
1011 5
1012 7
1013 8
1014 5
1015 23
1016 3
1017 3
1018 0
1019 4
1020 9
1021 11
1022 0
1023 0
1024 2
1025 3
1026 0
1027 2
1028 1
1029 0
1030 0
1031 0
1032 16
1033 1
1034 1
1035 12
1036 1
1037 5
1038 1
1039 12
1040 14
1041 0
1042 2
1043 6
1044 0
1045 4
1046 10
1047 1
1048 18
1049 0
1050 2
1051 5
1052 7
1053 7
1054 10
1055 0
1056 13
1057 2
1058 4
1059 12
1060 2
1061 0
1062 0
1063 0
1064 6
1065 1
1066 3
1067 8
1068 11
1069 1
1070 0
1071 2
1072 7
1073 12
1074 1
1075 7
1076 1
1077 2
1078 0
1079 5
1080 3
1081 34
1082 34
1083 4
1084 9
1085 1
1086 0
1087 1
1088 4
1089 7
1090 18
1091 7
1092 0
1093 0
1094 14
1095 1
1096 16
1097 3
1098 10
1099 4
1100 0
1101 0
1102 1
1103 22
1104 12
1105 5
1106 33
1107 5
1108 10
1109 0
1110 0
1111 2
1112 0
1113 0
1114 5
1115 13
1116 16
1117 3
1118 2
1119 5
1120 8
1121 0
1122 32
1123 0
1124 3
1125 4
1126 27
1127 11
1128 5
1129 6
1130 6
1131 11
1132 22
1133 0
1134 19
1135 12
1136 5
1137 4
1138 2
1139 4
1140 4
1141 15
1142 32
1143 0
1144 3
1145 0
1146 30
1147 34
1148 2
1149 7
1150 37
1151 3
1152 18
1153 0
1154 3
1155 4
1156 12
1157 3
1158 13
1159 30
1160 0
1161 6
1162 8
1163 15
1164 7
1165 17
1166 20
1167 45
1168 9
1169 0
1170 8
1171 1
1172 5
1173 1
1174 5
1175 4
1176 2
1177 15
1178 8
1179 20
1180 4
1181 13
1182 0
1183 8
1184 40
1185 3
1186 2
1187 10
1188 14
1189 4
1190 16
1191 9
1192 17
1193 17
1194 2
1195 0
1196 1
1197 2
1198 1
1199 21
1200 8
1201 18
1202 2
1203 1
1204 16
1205 6
1206 13
1207 2
1208 28
1209 12
1210 14
1211 17
1212 0
1213 1
1214 7
1215 8
1216 12
1217 13
1218 8
1219 28
1220 0
1221 7
1222 18
1223 46
1224 20
1225 5
1226 1
1227 21
1228 0
1229 1
1230 11
1231 10
1232 6
1233 19
1234 5
1235 0
1236 8
1237 10
1238 8
1239 5
1240 1
1241 7
1242 22
1243 2
1244 0
1245 0
1246 0
1247 18
1248 0
1249 15
1250 10
1251 0
1252 4
1253 2
1254 2
1255 1
1256 11
1257 1
1258 13
1259 2
1260 8
1261 2
1262 0
1263 15
1264 9
1265 11
1266 1
1267 6
1268 8
1269 0
1270 2
1271 15
1272 13
1273 7
1274 1
1275 11
1276 6
1277 7
1278 6
1279 0
1280 15
1281 6
1282 4
1283 1
1284 0
1285 0
1286 6
1287 0
1288 2
1289 1
1290 0
1291 5
1292 1
1293 4
1294 7
1295 32
1296 0
1297 23
1298 4
1299 3
1300 11
1301 0
1302 9
1303 5
1304 0
1305 1
1306 2
1307 3
1308 2
1309 0
1310 5
1311 4
1312 7
1313 2
1314 7
1315 1
1316 2
1317 0
1318 31
1319 9
1320 9
1321 4
1322 2
1323 5
1324 0
1325 2
1326 34
1327 0
1328 8
1329 4
1330 7
1331 0
1332 0
1333 17
1334 38
1335 10
1336 0
1337 10
1338 14
1339 11
1340 5
1341 7
1342 6
1343 4
1344 2
1345 6
1346 0
1347 1
1348 13
1349 2
1350 15
1351 32
1352 2
1353 7
1354 17
1355 10
1356 1
1357 5
1358 1
1359 6
1360 7
1361 0
1362 2
1363 5
1364 15
1365 3
1366 11
1367 7
1368 15
1369 6
1370 11
1371 3
1372 5
1373 1
1374 4
1375 10
1376 3
1377 0
1378 4
1379 23
1380 2
1381 28
1382 19
1383 1
1384 21
1385 0
1386 9
1387 10
1388 3
1389 1
1390 3
1391 0
1392 0
1393 10
1394 9
1395 4
1396 2
1397 0
1398 0
1399 2
1400 1
1401 0
1402 12
1403 1
1404 15
1405 10
1406 4
1407 4
1408 2
1409 5
1410 4
1411 2
1412 0
1413 2
1414 1
1415 6
1416 0
1417 1
1418 4
1419 0
1420 2
1421 5
1422 1
1423 1
1424 1
1425 1
1426 0
1427 3
1428 0
1429 9
1430 8
1431 7
1432 6
1433 0
1434 0
1435 2
1436 1
1437 2
1438 0
1439 7
1440 2
1441 0
1442 2
1443 8
1444 2
1445 7
1446 2
1447 3
1448 7
1449 6
1450 7
1451 1
1452 10
1453 20
1454 4
1455 7
1456 2
1457 0
1458 0
1459 6
1460 28
1461 0
1462 2
1463 0
1464 20
1465 13
1466 3
1467 18
1468 6
1469 3
1470 1
1471 6
1472 5
1473 1
1474 1
1475 8
1476 7
1477 0
1478 3
1479 11
1480 0
1481 7
1482 1
1483 24
1484 5
1485 6
1486 12
1487 9
1488 2
1489 2
1490 7
1491 7
1492 6
1493 3
1494 1
1495 13
1496 21
1497 3
1498 1
1499 0
1500 0
1501 4
1502 3
1503 0
1504 10
1505 5
1506 23
1507 127
1508 8
1509 4
1510 2
1511 18
1512 3
1513 3
1514 36
1515 0
1516 2
1517 0
1518 4
1519 0
1520 6
1521 6
1522 43
1523 14
1524 0
1525 21
1526 16
1527 5
1528 24
1529 7
1530 0
1531 4
1532 2
1533 4
1534 0
1535 4
1536 8
1537 25
1538 0
1539 18
1540 0
1541 5
1542 3
1543 2
1544 2
1545 27
1546 7
1547 18
1548 4
1549 38
1550 7
1551 23
1552 33
1553 0
1554 10
1555 16
1556 0
1557 2
1558 0
1559 2
1560 22
1561 0
1562 29
1563 3
1564 1
1565 3
1566 12
1567 0
1568 9
1569 4
1570 0
1571 5
1572 60
1573 0
1574 9
1575 12
1576 1
1577 2
1578 9
1579 0
1580 1
1581 14
1582 4
1583 3
1584 9
1585 0
1586 1
1587 9
1588 2
1589 12
1590 8
1591 4
1592 11
1593 8
1594 13
1595 15
1596 14
1597 13
