1 0
2 2
3 4
4 23
5 2
6 14
7 1
8 0
9 36
10 18
11 0
12 0
13 2
14 5
15 5
16 51
17 34
18 60
19 2
20 0
21 0
22 5
23 8
24 24
25 11
26 22
27 20
28 8
29 0
30 0
31 3
32 8
33 0
34 10
35 10
36 23
37 34
38 1
39 6
40 5
41 7
42 24
43 13
44 4
45 12
46 0
47 5
48 4
49 1
50 13
51 13
52 1
53 0
54 6
55 0
56 6
57 2
58 3
59 5
60 15
61 15
62 16
63 8
64 0
65 3
66 31
67 8
68 2
69 4
70 2
71 1
72 9
73 8
74 5
75 15
76 13
77 6
78 8
79 8
80 9
81 5
82 1
83 13
84 9
85 7
86 30
87 7
88 1
89 13
90 10
91 87
92 40
93 38
94 14
95 20
96 2
97 42
98 6
99 4
100 6
101 7
102 13
103 71
104 0
105 0
106 9
107 14
108 8
109 13
110 0
111 3
112 28
113 7
114 6
115 0
116 25
117 27
118 1
119 2
120 6
121 32
122 2
123 6
124 12
125 8
126 2
127 7
128 25
129 10
130 3
131 2
132 8
133 15
134 15
135 2
136 25
137 7
138 4
139 10
140 6
141 23
142 2
143 2
144 11
145 3
146 15
147 2
148 2
149 3
150 3
151 5
152 0
153 1
154 2
155 7
156 2
157 0
158 10
159 3
160 3
161 1
162 3
163 0
164 5
165 25
166 15
167 5
168 2
169 7
170 4
171 0
172 0
173 8
174 3
175 16
176 4
177 8
178 3
179 8
180 9
181 9
182 46
183 2
184 18
185 20
186 4
187 0
188 6
189 0
190 11
191 11
192 5
193 2
194 3
195 6
196 2
197 0
198 1
199 2
200 3
201 2
202 16
203 5
204 1
205 3
206 3
207 4
208 3
209 11
210 0
211 3
212 7
213 0
214 3
215 39
216 0
217 12
218 8
219 20
220 0
221 2
222 6
223 4
224 1
225 2
226 0
227 9
228 13
229 1
230 17
231 11
232 9
233 7
234 1
235 0
236 2
237 19
238 5
239 1
240 5
241 4
242 0
243 7
244 2
245 3
246 2
247 5
248 5
249 3
250 2
251 2
252 2
253 2
254 10
255 10
256 2
257 8
258 4
259 11
260 8
261 8
262 0
263 5
264 1
265 15
266 3
267 8
268 0
269 0
270 1
271 3
272 12
273 2
274 6
275 3
276 8
277 5
278 4
279 0
280 3
281 5
282 1
283 20
284 8
285 4
286 2
287 15
288 13
289 0
290 24
291 7
292 8
293 15
294 4
295 0
296 2
297 0
298 16
299 2
300 3
301 3
302 2
303 5
304 12
305 6
306 0
307 3
308 26
309 14
310 13
311 0
312 3
313 1
314 32
315 4
316 11
317 0
318 15
319 3
320 16
321 6
322 3
323 17
324 22
325 1
326 1
327 4
328 12
329 0
330 2
331 3
332 5
333 5
334 3
335 3
336 3
337 6
338 2
339 22
340 0
341 10
342 7
343 26
344 11
345 9
346 10
347 8
348 3
349 2
350 5
351 5
352 0
353 9
354 7
355 36
356 16
357 8
358 8
359 7
360 0
361 32
362 2
363 2
364 8
365 3
366 0
367 2
368 3
369 6
370 0
371 5
372 0
373 2
374 1
375 1
376 2
377 3
378 1
379 3
380 8
381 11
382 0
383 10
384 10
385 8
386 2
387 12
388 4
389 6
390 4
391 4
392 7
393 1
394 1
395 9
396 3
397 15
398 9
399 0
400 5
401 18
402 0
403 4
404 4
405 14
406 17
407 3
408 0
409 0
410 0
411 5
412 14
413 5
414 0
415 15
416 29
417 9
418 6
419 0
420 5
421 3
422 5
423 9
424 4
425 14
426 2
427 5
428 5
429 12
430 10
431 10
432 4
433 11
434 2
435 5
436 6
437 3
438 3
439 6
440 10
441 2
442 11
443 6
444 15
445 0
446 9
447 7
448 6
449 2
450 0
451 7
452 0
453 6
454 12
455 10
456 15
457 4
458 3
459 0
460 4
461 0
462 4
463 1
464 22
465 3
466 12
467 7
468 2
469 0
470 9
471 8
472 7
473 18
474 3
475 5
476 16
477 2
478 9
479 1
480 2
481 4
482 12
483 0
484 0
485 1
486 20
487 1
488 7
489 5
490 17
491 13
492 2
493 3
494 2
495 2
496 3
497 1
498 6
499 19
500 0
501 16
502 0
503 7
504 0
505 4
506 2
507 5
508 9
509 5
510 2
511 8
512 12
513 9
514 6
515 12
516 1
517 0
518 2
519 3
520 1
521 10
522 5
523 9
524 7
525 4
526 4
527 0
528 2
529 0
530 7
531 1
532 1
533 12
534 12
535 12
536 17
537 10
538 4
539 33
540 16
541 15
542 0
543 14
544 21
545 9
546 0
547 0
548 20
549 1
550 3
551 1
552 4
553 2
554 3
555 8
556 21
557 12
558 10
559 41
560 15
561 40
562 26
563 16
564 0
565 1
566 7
567 3
568 3
569 4
570 17
571 8
572 2
573 45
574 49
575 21
576 9
577 0
578 52
579 24
580 15
581 0
582 5
583 4
584 3
585 0
586 13
587 6
588 3
589 0
590 5
591 0
592 6
593 0
594 1
595 4
596 18
597 6
598 6
599 14
600 1
601 0
602 0
603 2
604 13
605 9
606 1
607 23
608 5
609 3
610 5
611 6
612 0
613 4
614 8
615 21
616 3
617 2
618 1
619 17
620 0
621 5
622 3
623 7
624 34
625 0
626 13
627 6
628 1
629 1
630 7
631 4
632 0
633 14
634 1
635 15
636 1
637 10
638 8
639 3
640 2
641 7
642 2
643 0
644 5
645 2
646 9
647 3
648 6
649 8
650 4
651 4
652 2
653 0
654 7
655 0
656 2
657 2
658 2
659 4
660 8
661 3
662 9
663 9
664 1
665 15
666 1
667 5
668 21
669 1
670 0
671 6
672 2
673 17
674 3
675 1
676 0
677 9
678 0
679 2
680 0
681 62
682 7
683 2
684 4
685 4
686 22
687 7
688 14
689 16
690 0
691 7
692 21
693 1
694 9
695 10
696 8
697 5
698 4
699 7
700 0
701 5
702 0
703 24
704 8
705 6
706 4
707 0
708 3
709 7
710 3
711 10
712 4
713 11
714 9
715 6
716 4
717 6
718 0
719 24
720 9
721 0
722 2
723 10
724 0
725 6
726 14
727 0
728 1
729 1
730 12
731 5
732 3
733 12
734 15
735 1
736 4
737 7
738 3
739 21
740 3
741 6
742 11
743 0
744 5
745 3
746 9
747 17
748 9
749 12
750 12
751 34
752 10
753 6
754 6
755 16
756 14
757 1
758 3
759 2
760 9
761 5
762 1
763 8
764 3
765 2
766 8
767 1
768 24
769 2
770 0
771 1
772 0
773 5
774 3
775 47
776 4
777 17
778 3
779 5
780 3
781 1
782 0
783 10
784 3
785 22
786 4
787 9
788 11
789 3
790 1
791 2
792 0
793 9
794 8
795 1
796 11
797 8
798 5
799 7
800 13
801 6
802 25
803 19
804 2
805 2
806 5
807 0
808 6
809 2
810 5
811 7
812 2
813 1
814 4
815 8
816 10
817 0
818 14
819 11
820 14
821 1
822 27
823 48
824 15
825 7
826 12
827 10
828 6
829 13
830 7
831 2
832 10
833 10
834 4
835 15
836 4
837 4
838 5
839 4
840 0
841 0
842 22
843 3
844 1
845 2
846 17
847 14
848 10
849 5
850 5
851 12
852 1
853 2
854 5
855 28
856 8
857 9
858 0
859 2
860 1
861 12
862 6
863 2
864 9
865 3
866 5
867 9
868 4
869 3
870 3
871 9
872 11
873 0
874 6
875 7
876 1
877 7
878 2
879 2
880 25
881 3
882 4
883 1
884 12
885 11
886 3
887 18
888 3
889 4
890 7
891 6
892 2
893 8
894 2
895 11
896 7
897 3
898 16
899 21
900 6
901 7
902 6
903 4
904 6
905 1
906 5
907 2
908 5
909 0
910 0
911 0
912 6
913 13
914 0
915 14
916 5
917 2
918 13
919 2
920 6
921 1
922 0
923 37
924 13
925 10
926 9
927 2
928 14
929 5
930 0
931 10
932 0
933 4
934 9
935 5
936 4
937 0
938 6
939 6
940 1
941 2
942 1
943 2
944 1
945 1
946 6
947 11
948 2
949 0
950 3
951 1
952 5
953 2
954 6
955 0
956 12
957 8
958 8
959 1
960 1
961 2
962 5
963 0
964 7
965 8
966 2
967 2
968 3
969 1
970 8
971 8
972 4
973 1
974 6
975 6
976 6
977 77
978 1
979 0
980 4
981 9
982 0
983 20
984 9
985 5
986 3
987 2
988 1
989 6
990 5
991 32
992 9
993 2
994 7
995 7
996 19
997 8
998 1
999 2
1000 1
1001 1
1002 17
1003 0
1004 4
1005 0
1006 2
1007 0
1008 13
1009 4
1010 2
1011 0
1012 6
1013 0
1014 10
1015 7
1016 5
1017 1
1018 0
1019 0
1020 3
1021 58
1022 0
1023 1
1024 7
1025 0
1026 16
1027 0
1028 1
1029 5
1030 11
1031 1
1032 15
1033 2
1034 7
1035 1
1036 8
1037 5
1038 3
1039 6
1040 17
1041 0
1042 6
1043 0
1044 10
1045 8
1046 0
1047 11
1048 9
1049 17
1050 37
1051 8
1052 2
1053 0
1054 4
1055 1
1056 0
1057 0
1058 14
1059 24
1060 26
1061 3
1062 15
1063 0
1064 14
1065 1
1066 7
1067 19
1068 4
1069 13
1070 0
1071 5
1072 1
1073 23
1074 4
1075 6
1076 9
1077 1
1078 2
1079 1
1080 9
1081 5
1082 24
1083 7
1084 19
1085 0
1086 1
1087 6
1088 2
1089 5
1090 24
1091 5
1092 9
1093 6
1094 10
1095 4
1096 1
1097 12
1098 5
1099 8
1100 0
1101 2
1102 9
1103 11
1104 2
1105 12
1106 19
1107 1
1108 3
1109 2
1110 0
1111 8
1112 4
1113 3
1114 7
1115 12
1116 6
1117 21
1118 1
1119 0
1120 6
1121 5
1122 6
1123 12
1124 16
1125 12
1126 2
1127 6
1128 6
1129 1
1130 12
1131 12
1132 2
1133 12
1134 25
1135 62
1136 1
1137 8
1138 3
1139 8
1140 0
1141 0
1142 20
1143 0
1144 6
1145 0
1146 11
1147 10
1148 1
1149 4
1150 4
1151 2
1152 16
1153 5
1154 12
1155 2
1156 6
1157 2
1158 0
1159 15
1160 9
1161 6
1162 0
1163 1
1164 4
1165 2
1166 3
1167 8
1168 1
1169 0
1170 1
1171 2
1172 2
1173 0
1174 0
1175 6
1176 6
1177 50
1178 12
1179 45
1180 3
1181 2
1182 1
1183 8
1184 6
1185 5
1186 9
1187 13
1188 6
1189 6
1190 4
1191 4
1192 10
1193 20
1194 1
1195 11
1196 4
1197 19
1198 1
1199 10
1200 13
1201 31
1202 0
1203 6
1204 7
1205 0
1206 0
1207 2
1208 3
1209 2
1210 2
1211 23
1212 3
1213 2
1214 0
1215 0
1216 3
1217 8
1218 14
1219 7
1220 0
1221 0
1222 9
1223 25
1224 4
1225 0
1226 5
1227 2
1228 0
1229 5
1230 2
1231 3
1232 8
1233 27
1234 3
1235 0
1236 1
1237 23
1238 9
1239 8
1240 0
1241 11
1242 22
1243 24
1244 12
1245 2
1246 6
1247 7
1248 0
1249 9
1250 18
1251 5
1252 0
1253 14
1254 2
1255 4
1256 4
1257 7
1258 10
1259 16
1260 2
1261 9
1262 11
1263 7
1264 2
1265 9
1266 9
1267 7
1268 4
1269 1
1270 0
1271 1
1272 14
1273 9
1274 5
1275 7
1276 5
1277 15
1278 6
1279 14
1280 6
1281 3
1282 2
1283 6
1284 0
1285 6
1286 23
1287 7
1288 2
1289 11
1290 2
1291 3
1292 3
1293 10
1294 3
1295 14
1296 3
1297 21
1298 5
1299 0
1300 43
1301 0
1302 5
1303 42
1304 0
1305 0
1306 0
1307 0
1308 0
1309 1
1310 0
1311 0
1312 3
1313 4
1314 13
1315 2
1316 8
1317 1
1318 6
1319 4
1320 7
1321 89
1322 10
1323 0
1324 18
1325 32
1326 6
1327 3
1328 0
1329 4
1330 1
1331 0
1332 0
1333 3
1334 7
1335 3
1336 0
1337 0
1338 22
1339 2
1340 6
1341 13
1342 11
1343 2
1344 8
1345 2
1346 2
1347 11
1348 0
1349 23
1350 7
1351 0
1352 12
1353 1
1354 1
1355 9
1356 5
1357 4
1358 0
1359 9
1360 0
1361 8
1362 0
1363 2
1364 15
1365 4
1366 8
1367 11
1368 13
1369 6
1370 0
1371 6
1372 3
1373 2
1374 5
1375 0
1376 11
1377 6
1378 3
1379 6
1380 26
1381 31
1382 3
1383 7
1384 7
1385 0
1386 17
1387 2
1388 5
1389 1
1390 21
1391 0
1392 0
1393 4
1394 12
1395 22
1396 5
1397 12
1398 0
1399 3
1400 2
1401 7
1402 5
1403 3
1404 2
1405 6
1406 4
1407 16
1408 1
1409 6
1410 47
1411 1
1412 2
1413 21
1414 71
1415 3
1416 2
1417 1
1418 30
1419 13
1420 3
1421 12
1422 46
1423 0
1424 0
1425 3
1426 0
1427 0
1428 5
1429 2
1430 4
1431 2
1432 8
1433 0
1434 3
1435 5
1436 14
1437 8
1438 4
1439 2
1440 3
1441 2
1442 2
1443 1
1444 29
1445 0
1446 12
1447 48
1448 13
1449 11
1450 9
1451 0
1452 4
1453 25
1454 0
1455 11
1456 1
1457 0
1458 12
1459 3
1460 9
1461 1
1462 11
1463 0
1464 4
1465 11
1466 4
1467 9
1468 1
1469 4
1470 6
1471 14
1472 18
1473 2
1474 5
1475 3
1476 12
1477 1
1478 2
1479 9
1480 9
1481 0
1482 2
1483 6
1484 12
1485 37
1486 19
1487 7
1488 4
1489 0
1490 3
1491 9
1492 5
1493 0
1494 1
1495 9
1496 21
1497 3
1498 2
1499 0
1500 4
1501 0
1502 0
1503 0
1504 24
1505 5
1506 5
1507 6
1508 9
1509 22
1510 11
1511 51
1512 3
1513 3
1514 20
1515 0
1516 0
1517 3
1518 15
1519 0
1520 6
1521 3
1522 10
1523 6
1524 0
1525 31
1526 1
1527 5
1528 4
1529 1
1530 23
1531 5
1532 12
1533 29
1534 0
1535 25
1536 7
1537 24
1538 0
1539 0
1540 1
1541 0
1542 0
1543 10
1544 3
1545 4
1546 24
1547 1
1548 10
1549 23
1550 15
1551 12
1552 20
1553 0
1554 5
1555 21
1556 4
1557 4
1558 0
1559 1
1560 3
1561 0
1562 7
1563 11
1564 5
1565 17
1566 1
1567 0
1568 5
1569 2
1570 9
1571 7
1572 69
1573 0
1574 13
1575 12
1576 7
1577 6
1578 4
1579 13
1580 3
1581 3
1582 27
1583 12
1584 12
1585 0
1586 1
1587 4
1588 9
1589 11
1590 12
1591 2
1592 4
1593 11
1594 9
1595 16
1596 13
1597 10
