1 2
2 6
3 32
4 50
5 51
6 67
7 3
8 2
9 35
10 1
11 0
12 15
13 13
14 13
15 33
16 38
17 43
18 87
19 53
20 2
21 8
22 28
23 80
24 207
25 78
26 29
27 14
28 45
29 67
30 17
31 108
32 81
33 31
34 105
35 138
36 61
37 68
38 55
39 89
40 44
41 68
42 62
43 82
44 47
45 74
46 10
47 4
48 57
49 16
50 56
51 121
52 24
53 17
54 57
55 12
56 154
57 10
58 67
59 72
60 155
61 125
62 112
63 37
64 38
65 49
66 20
67 16
68 45
69 36
70 63
71 9
72 101
73 85
74 44
75 144
76 52
77 65
78 39
79 55
80 80
81 84
82 15
83 77
84 99
85 68
86 33
87 73
88 21
89 59
90 63
91 19
92 18
93 58
94 53
95 20
96 57
97 19
98 14
99 27
100 30
101 25
102 20
103 66
104 11
105 10
106 46
107 17
108 91
109 24
110 17
111 13
112 120
113 23
114 121
115 32
116 86
117 50
118 60
119 24
120 115
121 34
122 17
123 88
124 77
125 29
126 73
127 7
128 60
129 24
130 17
131 24
132 59
133 60
134 57
135 42
136 43
137 28
138 48
139 38
140 37
141 75
142 24
143 20
144 50
145 34
146 68
147 81
148 75
149 31
150 36
151 54
152 30
153 45
154 88
155 20
156 21
157 10
158 65
159 49
160 22
161 25
162 16
163 50
164 10
165 37
166 75
167 44
168 22
169 71
170 21
171 35
172 21
173 13
174 60
175 105
176 42
177 134
178 88
179 175
180 189
181 80
182 35
183 52
184 11
185 33
186 31
187 17
188 122
189 30
190 42
191 85
192 49
193 41
194 29
195 72
196 16
197 14
198 31
199 89
200 27
201 24
202 26
203 19
204 8
205 23
206 62
207 31
208 134
209 126
210 50
211 17
212 44
213 28
214 42
215 33
216 22
217 115
218 94
219 99
220 77
221 21
222 160
223 42
224 114
225 121
226 24
227 46
228 47
229 34
230 57
231 90
232 77
233 152
234 23
235 39
236 63
237 96
238 47
239 150
240 54
241 67
242 16
243 47
244 20
245 53
246 90
247 19
248 49
249 33
250 51
251 13
252 60
253 72
254 123
255 46
256 53
257 44
258 161
259 120
260 126
261 80
262 11
263 170
264 18
265 127
266 9
267 144
268 72
269 16
270 43
271 147
272 41
273 51
274 32
275 195
276 23
277 22
278 59
279 16
280 42
281 88
282 36
283 83
284 52
285 22
286 27
287 113
288 59
289 3
290 109
291 61
292 43
293 119
294 22
295 41
296 14
297 17
298 81
299 30
300 40
301 14
302 46
303 54
304 37
305 17
306 18
307 265
308 246
309 66
310 16
311 66
312 21
313 99
314 113
315 89
316 109
317 8
318 85
319 35
320 63
321 94
322 92
323 208
324 59
325 13
326 32
327 143
328 93
329 29
330 17
331 17
332 109
333 89
334 36
335 53
336 24
337 66
338 56
339 100
340 30
341 53
342 109
343 201
344 141
345 80
346 204
347 71
348 26
349 17
350 13
351 140
352 74
353 81
354 17
355 155
356 29
357 33
358 56
359 45
360 25
361 91
362 23
363 19
364 19
365 17
366 17
367 51
368 18
369 40
370 49
371 221
372 15
373 14
374 31
375 28
376 9
377 57
378 49
379 39
380 86
381 88
382 10
383 14
384 51
385 118
386 47
387 129
388 28
389 55
390 10
391 141
392 73
393 24
394 16
395 63
396 14
397 53
398 58
399 19
400 58
401 121
402 62
403 25
404 20
405 48
406 25
407 12
408 23
409 14
410 10
411 27
412 6
413 45
414 21
415 55
416 43
417 6
418 91
419 77
420 77
421 106
422 75
423 12
424 29
425 80
426 18
427 88
428 54
429 8
430 29
431 67
432 41
433 49
434 13
435 23
436 35
437 17
438 7
439 69
440 83
441 27
442 68
443 42
444 14
445 14
446 60
447 32
448 45
449 44
450 22
451 38
452 65
453 85
454 67
455 74
456 27
457 44
458 28
459 62
460 16
461 25
462 56
463 61
464 46
465 27
466 111
467 23
468 20
469 8
470 87
471 85
472 71
473 60
474 20
475 56
476 67
477 63
478 53
479 14
480 15
481 45
482 55
483 5
484 17
485 33
486 49
487 21
488 9
489 18
490 25
491 59
492 16
493 25
494 9
495 19
496 54
497 18
498 113
499 34
500 25
501 21
502 29
503 39
504 9
505 42
506 13
507 23
508 39
509 28
510 19
511 25
512 9
513 121
514 47
515 76
516 16
517 32
518 16
519 9
520 27
521 41
522 44
523 160
524 22
525 9
526 9
527 13
528 22
529 17
530 21
531 13
532 21
533 35
534 31
535 13
536 66
537 45
538 43
539 158
540 89
541 26
542 28
543 65
544 91
545 22
546 16
547 46
548 28
549 67
550 81
551 37
552 77
553 24
554 47
555 17
556 97
557 57
558 65
559 85
560 36
561 59
562 54
563 41
564 26
565 13
566 9
567 17
568 33
569 14
570 10
571 42
572 53
573 217
574 68
575 51
576 24
577 17
578 23
579 67
580 40
581 29
582 19
583 40
584 36
585 20
586 28
587 10
588 8
589 21
590 36
591 38
592 30
593 17
594 27
595 63
596 76
597 98
598 39
599 21
600 24
601 15
602 24
603 29
604 48
605 107
606 37
607 83
608 45
609 10
610 43
611 97
612 9
613 8
614 66
615 72
616 29
617 15
618 20
619 24
620 15
621 35
622 91
623 51
624 36
625 10
626 94
627 138
628 47
629 38
630 38
631 39
632 57
633 57
634 114
635 27
636 8
637 69
638 50
639 28
640 5
641 29
642 49
643 83
644 4
645 76
646 24
647 49
648 39
649 61
650 23
651 62
652 44
653 22
654 49
655 31
656 19
657 8
658 36
659 23
660 54
661 34
662 76
663 15
664 13
665 51
666 30
667 49
668 23
669 43
670 40
671 63
672 19
673 93
674 42
675 30
676 49
677 35
678 21
679 35
680 31
681 35
682 52
683 80
684 54
685 12
686 121
687 31
688 33
689 110
690 20
691 14
692 96
693 60
694 67
695 27
696 161
697 108
698 41
699 71
700 20
701 41
702 15
703 82
704 150
705 38
706 65
707 65
708 31
709 48
710 113
711 230
712 4
713 38
714 25
715 94
716 54
717 39
718 16
719 81
720 22
721 8
722 10
723 103
724 31
725 30
726 33
727 24
728 28
729 54
730 38
731 45
732 45
733 64
734 102
735 4
736 32
737 87
738 59
739 79
740 13
741 16
742 141
743 48
744 148
745 26
746 27
747 59
748 46
749 46
750 85
751 140
752 60
753 49
754 117
755 29
756 64
757 32
758 64
759 27
760 25
761 128
762 29
763 119
764 74
765 61
766 112
767 23
768 260
769 44
770 18
771 39
772 13
773 63
774 17
775 247
776 29
777 106
778 97
779 56
780 37
781 6
782 14
783 27
784 38
785 31
786 49
787 36
788 100
789 36
790 21
791 40
792 21
793 87
794 9
795 30
796 90
797 101
798 58
799 17
800 11
801 30
802 53
803 38
804 72
805 40
806 48
807 4
808 19
809 27
810 17
811 62
812 58
813 8
814 78
815 116
816 11
817 67
818 12
819 50
820 92
821 17
822 129
823 11
824 31
825 103
826 27
827 37
828 14
829 41
830 72
831 74
832 53
833 9
834 15
835 26
836 32
837 85
838 30
839 13
840 5
841 19
842 32
843 40
844 41
845 26
846 55
847 82
848 109
849 40
850 70
851 87
852 9
853 11
854 10
855 36
856 43
857 22
858 6
859 14
860 7
861 56
862 6
863 46
864 14
865 52
866 3
867 116
868 28
869 35
870 62
871 31
872 95
873 15
874 86
875 12
876 28
877 18
878 136
879 47
880 14
881 25
882 10
883 15
884 19
885 41
886 15
887 32
888 22
889 9
890 49
891 31
892 11
893 33
894 22
895 28
896 26
897 22
898 94
899 40
900 58
901 37
902 11
903 14
904 29
905 6
906 7
907 27
908 55
909 1
910 14
911 12
912 43
913 36
914 24
915 17
916 70
917 39
918 28
919 55
920 12
921 29
922 17
923 47
924 86
925 66
926 28
927 4
928 35
929 24
930 49
931 64
932 12
933 13
934 33
935 10
936 78
937 8
938 90
939 26
940 15
941 11
942 28
943 42
944 12
945 20
946 17
947 47
948 19
949 47
950 27
951 13
952 28
953 19
954 37
955 13
956 119
957 91
958 120
959 145
960 21
961 17
962 17
963 29
964 66
965 13
966 57
967 30
968 15
969 11
970 37
971 107
972 132
973 20
974 185
975 46
976 74
977 168
978 10
979 17
980 17
981 15
982 11
983 29
984 39
985 118
986 29
987 10
988 133
989 5
990 81
991 106
992 73
993 32
994 41
995 51
996 63
997 51
998 93
999 35
1000 29
1001 33
1002 158
1003 9
1004 48
1005 40
1006 96
1007 43
1008 200
1009 97
1010 8
1011 2
1012 150
1013 8
1014 220
1015 108
1016 185
1017 54
1018 5
1019 61
1020 13
1021 173
1022 14
1023 6
1024 8
1025 34
1026 71
1027 37
1028 18
1029 58
1030 70
1031 25
1032 102
1033 42
1034 35
1035 35
1036 40
1037 25
1038 30
1039 30
1040 24
1041 4
1042 54
1043 7
1044 28
1045 72
1046 36
1047 17
1048 70
1049 1
1050 4
1051 50
1052 59
1053 25
1054 79
1055 3
1056 26
1057 1
1058 107
1059 47
1060 12
1061 57
1062 16
1063 18
1064 44
1065 16
1066 51
1067 1
1068 31
1069 41
1070 4
1071 41
1072 5
1073 12
1074 20
1075 34
1076 62
1077 22
1078 42
1079 6
1080 44
1081 54
1082 111
1083 49
1084 98
1085 5
1086 10
1087 75
1088 42
1089 6
1090 39
1091 45
1092 8
1093 25
1094 81
1095 17
1096 51
1097 32
1098 53
1099 78
1100 3
1101 11
1102 40
1103 103
1104 121
1105 192
1106 99
1107 58
1108 66
1109 15
1110 17
1111 36
1112 33
1113 19
1114 35
1115 41
1116 9
1117 37
1118 8
1119 14
1120 11
1121 10
1122 21
1123 8
1124 15
1125 17
1126 116
1127 13
1128 41
1129 21
1130 38
1131 110
1132 5
1133 40
1134 13
1135 22
1136 5
1137 10
1138 8
1139 33
1140 12
1141 4
1142 22
1143 2
1144 10
1145 5
1146 41
1147 21
1148 11
1149 27
1150 44
1151 29
1152 101
1153 11
1154 129
1155 31
1156 74
1157 10
1158 38
1159 99
1160 2
1161 52
1162 7
1163 28
1164 13
1165 9
1166 83
1167 18
1168 9
1169 5
1170 40
1171 8
1172 3
1173 5
1174 18
1175 49
1176 5
1177 68
1178 26
1179 28
1180 67
1181 15
1182 35
1183 31
1184 90
1185 31
1186 48
1187 33
1188 13
1189 89
1190 51
1191 60
1192 146
1193 55
1194 36
1195 23
1196 49
1197 73
1198 21
1199 94
1200 69
1201 136
1202 70
1203 33
1204 97
1205 25
1206 17
1207 50
1208 125
1209 37
1210 14
1211 44
1212 12
1213 24
1214 25
1215 51
1216 138
1217 74
1218 62
1219 141
1220 3
1221 40
1222 59
1223 99
1224 121
1225 44
1226 12
1227 32
1228 20
1229 22
1230 87
1231 167
1232 15
1233 126
1234 20
1235 27
1236 17
1237 27
1238 129
1239 201
1240 11
1241 37
1242 31
1243 36
1244 20
1245 15
1246 24
1247 182
1248 32
1249 10
1250 23
1251 70
1252 7
1253 29
1254 11
1255 62
1256 21
1257 93
1258 28
1259 48
1260 68
1261 104
1262 47
1263 78
1264 93
1265 131
1266 71
1267 103
1268 61
1269 7
1270 21
1271 45
1272 98
1273 95
1274 77
1275 70
1276 68
1277 28
1278 71
1279 13
1280 51
1281 130
1282 13
1283 40
1284 83
1285 35
1286 173
1287 13
1288 59
1289 40
1290 31
1291 16
1292 70
1293 149
1294 16
1295 171
1296 39
1297 192
1298 73
1299 52
1300 204
1301 8
1302 51
1303 190
1304 12
1305 14
1306 23
1307 159
1308 41
1309 56
1310 35
1311 35
1312 21
1313 48
1314 137
1315 41
1316 28
1317 8
1318 38
1319 15
1320 100
1321 40
1322 17
1323 43
1324 26
1325 45
1326 119
1327 18
1328 73
1329 15
1330 26
1331 7
1332 6
1333 62
1334 75
1335 71
1336 13
1337 33
1338 85
1339 91
1340 14
1341 21
1342 50
1343 12
1344 68
1345 31
1346 27
1347 52
1348 6
1349 116
1350 44
1351 19
1352 69
1353 85
1354 17
1355 53
1356 20
1357 55
1358 26
1359 121
1360 96
1361 36
1362 27
1363 42
1364 35
1365 35
1366 25
1367 54
1368 50
1369 53
1370 64
1371 49
1372 52
1373 41
1374 47
1375 45
1376 77
1377 26
1378 62
1379 163
1380 40
1381 94
1382 69
1383 61
1384 84
1385 27
1386 96
1387 32
1388 89
1389 11
1390 81
1391 14
1392 17
1393 18
1394 107
1395 88
1396 108
1397 51
1398 13
1399 35
1400 35
1401 26
1402 50
1403 28
1404 102
1405 74
1406 15
1407 66
1408 21
1409 105
1410 100
1411 22
1412 52
1413 28
1414 33
1415 42
1416 8
1417 13
1418 40
1419 15
1420 35
1421 19
1422 43
1423 50
1424 18
1425 80
1426 18
1427 43
1428 34
1429 29
1430 52
1431 41
1432 35
1433 4
1434 32
1435 82
1436 80
1437 63
1438 6
1439 16
1440 58
1441 29
1442 9
1443 120
1444 13
1445 28
1446 36
1447 132
1448 106
1449 82
1450 71
1451 38
1452 61
1453 103
1454 91
1455 43
1456 26
1457 42
1458 40
1459 76
1460 79
1461 13
1462 33
1463 34
1464 39
1465 102
1466 53
1467 77
1468 91
1469 64
1470 68
1471 84
1472 86
1473 73
1474 99
1475 83
1476 141
1477 81
1478 34
1479 114
1480 26
1481 65
1482 46
1483 20
1484 65
1485 13
1486 98
1487 192
1488 26
1489 14
1490 110
1491 14
1492 26
1493 3
1494 43
1495 75
1496 33
1497 19
1498 17
1499 3
1500 19
1501 20
1502 12
1503 7
1504 24
1505 36
1506 22
1507 42
1508 132
1509 5
1510 17
1511 46
1512 22
1513 11
1514 36
1515 19
1516 23
1517 14
1518 26
1519 15
1520 64
1521 33
1522 90
1523 112
1524 16
1525 25
1526 12
1527 29
1528 37
1529 24
1530 16
1531 9
1532 17
1533 2
1534 2
1535 104
1536 41
1537 106
1538 4
1539 23
1540 7
1541 2
1542 8
1543 13
1544 13
1545 11
1546 14
1547 37
1548 15
1549 13
1550 11
1551 39
1552 61
1553 11
1554 66
1555 45
1556 6
1557 9
1558 9
1559 6
1560 12
1561 12
1562 196
1563 10
1564 16
1565 22
1566 57
1567 4
1568 26
1569 41
1570 5
1571 44
1572 96
1573 3
1574 13
1575 70
1576 27
1577 90
1578 61
1579 51
1580 21
1581 27
1582 16
1583 33
1584 35
1585 31
1586 11
1587 28
1588 18
1589 14
1590 81
1591 3
1592 68
1593 47
1594 56
1595 66
1596 96
1597 6
