1 1
2 3
3 23
4 51
5 49
6 75
7 1
8 2
9 57
10 1
11 2
12 8
13 14
14 16
15 21
16 35
17 26
18 46
19 32
20 5
21 18
22 39
23 39
24 167
25 91
26 60
27 39
28 32
29 51
30 43
31 108
32 80
33 33
34 49
35 121
36 54
37 86
38 45
39 79
40 75
41 60
42 28
43 80
44 22
45 50
46 27
47 20
48 68
49 42
50 71
51 111
52 27
53 32
54 36
55 28
56 98
57 17
58 99
59 48
60 144
61 148
62 121
63 55
64 19
65 57
66 47
67 25
68 27
69 47
70 76
71 9
72 69
73 15
74 23
75 73
76 11
77 22
78 8
79 43
80 16
81 41
82 11
83 19
84 45
85 65
86 28
87 38
88 11
89 28
90 38
91 39
92 13
93 58
94 35
95 17
96 49
97 23
98 6
99 38
100 21
101 41
102 8
103 50
104 8
105 14
106 18
107 13
108 86
109 25
110 15
111 8
112 96
113 23
114 92
115 18
116 59
117 42
118 33
119 30
120 96
121 31
122 19
123 32
124 52
125 20
126 40
127 13
128 25
129 70
130 24
131 41
132 78
133 79
134 63
135 44
136 55
137 29
138 57
139 37
140 59
141 69
142 16
143 17
144 41
145 46
146 124
147 96
148 88
149 45
150 34
151 57
152 39
153 32
154 55
155 11
156 19
157 14
158 78
159 33
160 14
161 26
162 10
163 64
164 10
165 35
166 101
167 64
168 22
169 52
170 22
171 38
172 39
173 16
174 42
175 114
176 48
177 117
178 66
179 156
180 163
181 75
182 32
183 63
184 15
185 28
186 27
187 18
188 98
189 24
190 50
191 84
192 58
193 43
194 54
195 63
196 28
197 30
198 29
199 38
200 48
201 31
202 51
203 19
204 24
205 22
206 53
207 81
208 153
209 133
210 45
211 49
212 51
213 34
214 58
215 32
216 20
217 88
218 78
219 99
220 85
221 21
222 104
223 97
224 70
225 100
226 5
227 58
228 48
229 24
230 98
231 87
232 110
233 132
234 25
235 67
236 63
237 125
238 82
239 150
240 52
241 81
242 29
243 63
244 11
245 5
246 115
247 19
248 11
249 52
250 51
251 60
252 39
253 52
254 107
255 64
256 54
257 91
258 108
259 71
260 66
261 58
262 12
263 123
264 29
265 109
266 24
267 98
268 50
269 29
270 26
271 117
272 44
273 43
274 22
275 110
276 9
277 16
278 64
279 24
280 45
281 78
282 38
283 61
284 34
285 36
286 60
287 92
288 46
289 5
290 65
291 56
292 36
293 112
294 15
295 35
296 21
297 8
298 73
299 42
300 17
301 12
302 23
303 32
304 39
305 7
306 13
307 138
308 140
309 66
310 29
311 62
312 21
313 80
314 135
315 86
316 88
317 4
318 61
319 34
320 41
321 62
322 37
323 162
324 42
325 15
326 31
327 39
328 99
329 19
330 25
331 24
332 76
333 50
334 52
335 54
336 37
337 60
338 47
339 49
340 30
341 34
342 82
343 109
344 99
345 69
346 124
347 44
348 34
349 26
350 19
351 116
352 67
353 63
354 14
355 108
356 30
357 24
358 48
359 47
360 15
361 110
362 32
363 19
364 48
365 21
366 22
367 61
368 18
369 63
370 37
371 89
372 18
373 11
374 25
375 22
376 22
377 69
378 42
379 49
380 29
381 60
382 15
383 25
384 57
385 109
386 57
387 96
388 31
389 51
390 30
391 88
392 69
393 47
394 34
395 85
396 29
397 88
398 66
399 16
400 67
401 115
402 33
403 28
404 29
405 33
406 48
407 11
408 27
409 31
410 26
411 38
412 18
413 52
414 57
415 78
416 66
417 27
418 89
419 68
420 113
421 85
422 80
423 22
424 40
425 52
426 24
427 101
428 56
429 17
430 50
431 29
432 68
433 49
434 12
435 25
436 67
437 21
438 27
439 74
440 144
441 38
442 56
443 58
444 39
445 12
446 76
447 49
448 82
449 49
450 39
451 46
452 71
453 61
454 65
455 54
456 98
457 53
458 57
459 94
460 26
461 35
462 101
463 58
464 66
465 34
466 87
467 42
468 20
469 29
470 120
471 79
472 71
473 121
474 13
475 84
476 69
477 38
478 32
479 12
480 17
481 29
482 37
483 11
484 16
485 14
486 20
487 21
488 7
489 5
490 17
491 48
492 20
493 29
494 18
495 23
496 43
497 17
498 77
499 24
500 20
501 19
502 21
503 24
504 7
505 15
506 15
507 41
508 18
509 25
510 21
511 17
512 9
513 62
514 48
515 55
516 15
517 20
518 16
519 16
520 18
521 32
522 35
523 73
524 28
525 17
526 19
527 14
528 10
529 12
530 24
531 18
532 26
533 27
534 12
535 12
536 61
537 34
538 28
539 100
540 64
541 27
542 21
543 39
544 41
545 28
546 17
547 27
548 26
549 66
550 75
551 19
552 67
553 35
554 17
555 26
556 37
557 75
558 23
559 55
560 18
561 48
562 62
563 25
564 16
565 9
566 22
567 41
568 48
569 13
570 7
571 41
572 20
573 157
574 64
575 40
576 21
577 11
578 16
579 47
580 49
581 53
582 54
583 69
584 41
585 29
586 43
587 21
588 21
589 47
590 44
591 119
592 129
593 47
594 42
595 110
596 126
597 88
598 67
599 37
600 51
601 34
602 26
603 42
604 68
605 94
606 68
607 75
608 97
609 37
610 65
611 143
612 20
613 21
614 101
615 97
616 40
617 71
618 45
619 53
620 30
621 67
622 64
623 50
624 47
625 18
626 51
627 88
628 83
629 41
630 70
631 57
632 63
633 100
634 87
635 37
636 21
637 118
638 133
639 33
640 9
641 61
642 50
643 98
644 10
645 101
646 39
647 79
648 58
649 54
650 39
651 113
652 59
653 39
654 77
655 64
656 45
657 16
658 72
659 94
660 109
661 62
662 93
663 60
664 28
665 74
666 46
667 75
668 82
669 81
670 39
671 70
672 45
673 48
674 80
675 27
676 62
677 75
678 40
679 50
680 64
681 23
682 45
683 44
684 81
685 24
686 87
687 56
688 45
689 71
690 14
691 12
692 72
693 26
694 78
695 28
696 101
697 53
698 30
699 37
700 34
701 16
702 16
703 34
704 97
705 29
706 56
707 28
708 44
709 34
710 40
711 95
712 12
713 20
714 29
715 91
716 42
717 51
718 10
719 44
720 27
721 3
722 38
723 86
724 19
725 23
726 24
727 36
728 14
729 31
730 51
731 21
732 18
733 55
734 83
735 8
736 24
737 52
738 56
739 58
740 15
741 30
742 80
743 39
744 79
745 27
746 32
747 66
748 54
749 40
750 72
751 78
752 43
753 36
754 81
755 60
756 60
757 44
758 41
759 47
760 23
761 100
762 18
763 79
764 47
765 60
766 33
767 26
768 207
769 54
770 9
771 22
772 11
773 52
774 22
775 149
776 39
777 83
778 45
779 103
780 50
781 21
782 14
783 41
784 42
785 27
786 61
787 27
788 134
789 45
790 39
791 42
792 12
793 89
794 27
795 21
796 73
797 98
798 55
799 26
800 27
801 19
802 85
803 65
804 81
805 19
806 28
807 6
808 11
809 18
810 49
811 46
812 61
813 16
814 34
815 59
816 27
817 45
818 59
819 64
820 86
821 26
822 101
823 29
824 31
825 118
826 43
827 68
828 36
829 60
830 56
831 50
832 58
833 32
834 36
835 73
836 26
837 75
838 73
839 30
840 24
841 11
842 251
843 95
844 92
845 24
846 65
847 70
848 69
849 67
850 69
851 66
852 6
853 28
854 21
855 40
856 40
857 48
858 17
859 10
860 21
861 91
862 19
863 56
864 17
865 81
866 9
867 102
868 17
869 30
870 64
871 73
872 58
873 18
874 65
875 19
876 24
877 28
878 111
879 50
880 11
881 49
882 23
883 32
884 29
885 16
886 11
887 31
888 26
889 10
890 73
891 28
892 10
893 31
894 33
895 31
896 27
897 12
898 66
899 35
900 37
901 32
902 14
903 10
904 22
905 13
906 15
907 24
908 47
909 2
910 19
911 7
912 25
913 28
914 24
915 36
916 9
917 34
918 25
919 14
920 21
921 31
922 41
923 41
924 34
925 30
926 22
927 5
928 47
929 25
930 35
931 27
932 13
933 25
934 29
935 11
936 45
937 1
938 63
939 16
940 19
941 11
942 23
943 22
944 13
945 16
946 11
947 36
948 19
949 36
950 24
951 18
952 20
953 20
954 23
955 23
956 78
957 61
958 64
959 76
960 18
961 21
962 13
963 30
964 29
965 13
966 48
967 21
968 24
969 14
970 61
971 59
972 61
973 34
974 105
975 53
976 43
977 97
978 29
979 24
980 10
981 31
982 19
983 27
984 7
985 62
986 27
987 18
988 171
989 11
990 64
991 98
992 78
993 40
994 51
995 41
996 75
997 120
998 81
999 30
1000 32
1001 84
1002 114
1003 32
1004 69
1005 40
1006 77
1007 33
1008 93
1009 68
1010 14
1011 11
1012 112
1013 16
1014 133
1015 98
1016 79
1017 60
1018 13
1019 43
1020 38
1021 95
1022 36
1023 7
1024 16
1025 19
1026 35
1027 37
1028 17
1029 76
1030 35
1031 41
1032 85
1033 43
1034 61
1035 25
1036 35
1037 40
1038 17
1039 33
1040 33
1041 15
1042 32
1043 7
1044 35
1045 56
1046 33
1047 14
1048 75
1049 6
1050 17
1051 57
1052 42
1053 37
1054 60
1055 12
1056 29
1057 3
1058 98
1059 60
1060 15
1061 43
1062 18
1063 10
1064 40
1065 14
1066 28
1067 5
1068 34
1069 58
1070 11
1071 38
1072 9
1073 27
1074 40
1075 47
1076 58
1077 13
1078 35
1079 14
1080 49
1081 47
1082 84
1083 27
1084 99
1085 7
1086 10
1087 68
1088 34
1089 9
1090 48
1091 43
1092 11
1093 7
1094 37
1095 14
1096 51
1097 40
1098 53
1099 46
1100 6
1101 9
1102 24
1103 58
1104 121
1105 109
1106 56
1107 68
1108 86
1109 44
1110 41
1111 47
1112 44
1113 43
1114 37
1115 40
1116 17
1117 34
1118 18
1119 4
1120 15
1121 21
1122 15
1123 7
1124 15
1125 22
1126 69
1127 14
1128 19
1129 14
1130 58
1131 82
1132 5
1133 15
1134 26
1135 29
1136 6
1137 12
1138 18
1139 13
1140 9
1141 13
1142 23
1143 10
1144 7
1145 7
1146 36
1147 27
1148 10
1149 39
1150 31
1151 28
1152 72
1153 13
1154 35
1155 22
1156 49
1157 7
1158 32
1159 81
1160 2
1161 37
1162 27
1163 10
1164 6
1165 17
1166 18
1167 25
1168 10
1169 3
1170 8
1171 1
1172 6
1173 5
1174 6
1175 14
1176 5
1177 37
1178 18
1179 9
1180 46
1181 7
1182 13
1183 23
1184 64
1185 24
1186 46
1187 50
1188 42
1189 45
1190 36
1191 49
1192 107
1193 96
1194 35
1195 44
1196 30
1197 33
1198 21
1199 43
1200 67
1201 119
1202 20
1203 34
1204 71
1205 38
1206 27
1207 38
1208 49
1209 24
1210 39
1211 11
1212 16
1213 24
1214 27
1215 52
1216 101
1217 50
1218 47
1219 128
1220 10
1221 36
1222 64
1223 127
1224 99
1225 34
1226 21
1227 18
1228 23
1229 35
1230 34
1231 93
1232 14
1233 157
1234 15
1235 15
1236 31
1237 33
1238 73
1239 129
1240 23
1241 36
1242 40
1243 44
1244 32
1245 64
1246 22
1247 221
1248 22
1249 48
1250 38
1251 41
1252 32
1253 30
1254 15
1255 56
1256 25
1257 44
1258 38
1259 35
1260 35
1261 114
1262 42
1263 56
1264 49
1265 102
1266 61
1267 108
1268 57
1269 17
1270 36
1271 59
1272 80
1273 77
1274 52
1275 56
1276 55
1277 31
1278 82
1279 37
1280 55
1281 144
1282 27
1283 43
1284 54
1285 47
1286 128
1287 17
1288 38
1289 37
1290 27
1291 60
1292 57
1293 132
1294 31
1295 141
1296 47
1297 180
1298 38
1299 47
1300 148
1301 20
1302 75
1303 174
1304 15
1305 36
1306 25
1307 129
1308 27
1309 54
1310 37
1311 56
1312 25
1313 40
1314 87
1315 31
1316 36
1317 35
1318 52
1319 44
1320 106
1321 54
1322 29
1323 55
1324 24
1325 48
1326 106
1327 12
1328 84
1329 19
1330 54
1331 10
1332 9
1333 60
1334 62
1335 125
1336 28
1337 62
1338 54
1339 102
1340 41
1341 24
1342 50
1343 28
1344 79
1345 27
1346 17
1347 33
1348 18
1349 156
1350 35
1351 46
1352 60
1353 89
1354 28
1355 80
1356 53
1357 87
1358 32
1359 99
1360 74
1361 18
1362 36
1363 71
1364 70
1365 56
1366 54
1367 31
1368 66
1369 91
1370 64
1371 65
1372 92
1373 55
1374 45
1375 32
1376 60
1377 52
1378 27
1379 149
1380 55
1381 38
1382 58
1383 65
1384 86
1385 42
1386 87
1387 42
1388 104
1389 37
1390 71
1391 27
1392 27
1393 25
1394 133
1395 90
1396 88
1397 34
1398 21
1399 42
1400 35
1401 55
1402 25
1403 39
1404 58
1405 56
1406 34
1407 83
1408 28
1409 108
1410 162
1411 26
1412 59
1413 41
1414 32
1415 32
1416 12
1417 23
1418 33
1419 25
1420 41
1421 24
1422 45
1423 44
1424 32
1425 51
1426 27
1427 41
1428 39
1429 51
1430 57
1431 41
1432 25
1433 12
1434 26
1435 84
1436 91
1437 38
1438 21
1439 35
1440 55
1441 28
1442 15
1443 79
1444 16
1445 31
1446 35
1447 94
1448 48
1449 82
1450 76
1451 18
1452 39
1453 109
1454 64
1455 52
1456 24
1457 19
1458 49
1459 97
1460 113
1461 17
1462 38
1463 20
1464 31
1465 90
1466 61
1467 119
1468 93
1469 86
1470 134
1471 73
1472 140
1473 79
1474 80
1475 48
1476 93
1477 70
1478 46
1479 79
1480 31
1481 63
1482 71
1483 33
1484 68
1485 50
1486 105
1487 117
1488 34
1489 27
1490 113
1491 28
1492 53
1493 9
1494 19
1495 53
1496 40
1497 17
1498 18
1499 14
1500 19
1501 26
1502 12
1503 12
1504 34
1505 39
1506 17
1507 29
1508 79
1509 28
1510 13
1511 47
1512 19
1513 20
1514 42
1515 13
1516 24
1517 16
1518 16
1519 8
1520 50
1521 25
1522 76
1523 61
1524 5
1525 39
1526 19
1527 47
1528 52
1529 52
1530 19
1531 21
1532 18
1533 8
1534 1
1535 89
1536 15
1537 33
1538 3
1539 26
1540 13
1541 3
1542 7
1543 19
1544 9
1545 21
1546 26
1547 26
1548 13
1549 26
1550 9
1551 26
1552 24
1553 21
1554 51
1555 32
1556 12
1557 22
1558 5
1559 6
1560 10
1561 19
1562 110
1563 24
1564 26
1565 23
1566 50
1567 7
1568 11
1569 14
1570 6
1571 33
1572 70
1573 3
1574 13
1575 25
1576 42
1577 39
1578 33
1579 42
1580 16
1581 46
1582 12
1583 33
1584 101
1585 24
1586 7
1587 16
1588 16
1589 29
1590 55
1591 5
1592 17
1593 15
1594 31
1595 62
1596 106
1597 11
