1 0
2 0
3 9
4 21
5 20
6 4
7 0
8 1
9 8
10 0
11 0
12 3
13 8
14 3
15 6
16 10
17 6
18 7
19 0
20 0
21 2
22 0
23 1
24 15
25 6
26 8
27 4
28 2
29 1
30 0
31 5
32 4
33 4
34 20
35 5
36 1
37 15
38 10
39 12
40 11
41 6
42 1
43 15
44 1
45 3
46 7
47 5
48 16
49 7
50 19
51 15
52 0
53 0
54 3
55 0
56 10
57 0
58 2
59 20
60 6
61 16
62 19
63 0
64 0
65 6
66 0
67 0
68 6
69 12
70 5
71 1
72 13
73 106
74 35
75 15
76 35
77 1
78 10
79 18
80 8
81 16
82 0
83 26
84 11
85 5
86 7
87 4
88 0
89 1
90 3
91 0
92 2
93 12
94 3
95 3
96 8
97 3
98 5
99 3
100 1
101 1
102 5
103 13
104 3
105 4
106 1
107 0
108 3
109 2
110 1
111 0
112 16
113 4
114 3
115 14
116 11
117 2
118 11
119 3
120 6
121 8
122 2
123 16
124 9
125 6
126 17
127 30
128 21
129 1
130 0
131 5
132 1
133 4
134 2
135 3
136 52
137 4
138 21
139 2
140 25
141 3
142 3
143 0
144 10
145 8
146 0
147 3
148 27
149 3
150 1
151 8
152 1
153 3
154 3
155 2
156 0
157 0
158 11
159 6
160 8
161 1
162 3
163 18
164 10
165 6
166 19
167 0
168 7
169 16
170 0
171 5
172 5
173 1
174 0
175 8
176 4
177 24
178 0
179 6
180 23
181 8
182 1
183 1
184 0
185 1
186 10
187 0
188 34
189 0
190 1
191 17
192 2
193 2
194 3
195 5
196 1
197 2
198 13
199 0
200 1
201 0
202 0
203 1
204 7
205 2
206 12
207 2
208 20
209 6
210 7
211 8
212 8
213 0
214 5
215 5
216 7
217 9
218 10
219 10
220 12
221 0
222 10
223 0
224 5
225 1
226 0
227 1
228 4
229 0
230 7
231 7
232 4
233 11
234 0
235 0
236 1
237 16
238 6
239 18
240 1
241 8
242 0
243 9
244 4
245 3
246 4
247 12
248 110
249 0
250 48
251 2
252 0
253 1
254 20
255 3
256 2
257 6
258 3
259 1
260 10
261 1
262 0
263 10
264 0
265 5
266 0
267 11
268 0
269 0
270 0
271 14
272 1
273 0
274 0
275 22
276 0
277 3
278 0
279 4
280 0
281 1
282 0
283 1
284 1
285 5
286 1
287 4
288 3
289 0
290 9
291 7
292 5
293 16
294 2
295 4
296 4
297 0
298 6
299 1
300 3
301 4
302 11
303 23
304 0
305 2
306 1
307 18
308 42
309 16
310 3
311 9
312 4
313 16
314 14
315 2
316 16
317 1
318 15
319 5
320 4
321 11
322 0
323 7
324 16
325 0
326 2
327 9
328 16
329 0
330 0
331 3
332 9
333 2
334 3
335 2
336 11
337 17
338 11
339 0
340 1
341 32
342 23
343 5
344 17
345 27
346 15
347 11
348 3
349 1
350 0
351 7
352 3
353 20
354 3
355 42
356 1
357 0
358 14
359 1
360 2
361 3
362 11
363 0
364 2
365 4
366 0
367 4
368 3
369 0
370 4
371 5
372 2
373 1
374 3
375 3
376 1
377 15
378 10
379 10
380 1
381 18
382 0
383 10
384 1
385 5
386 29
387 19
388 18
389 35
390 2
391 9
392 35
393 6
394 1
395 37
396 1
397 4
398 5
399 0
400 7
401 16
402 5
403 7
404 4
405 2
406 2
407 5
408 0
409 3
410 1
411 4
412 0
413 12
414 3
415 21
416 16
417 1
418 9
419 15
420 7
421 10
422 9
423 4
424 3
425 6
426 4
427 17
428 18
429 0
430 15
431 10
432 30
433 3
434 0
435 10
436 5
437 1
438 4
439 7
440 5
441 9
442 4
443 4
444 8
445 6
446 20
447 6
448 6
449 3
450 0
451 4
452 1
453 8
454 24
455 9
456 11
457 52
458 1
459 9
460 1
461 12
462 11
463 4
464 15
465 8
466 6
467 0
468 0
469 1
470 20
471 30
472 29
473 25
474 2
475 6
476 7
477 4
478 4
479 2
480 4
481 15
482 7
483 0
484 4
485 7
486 8
487 2
488 2
489 3
490 7
491 9
492 1
493 17
494 11
495 7
496 18
497 0
498 30
499 12
500 2
501 4
502 5
503 1
504 16
505 5
506 6
507 8
508 3
509 7
510 7
511 4
512 0
513 11
514 1
515 33
516 9
517 6
518 0
519 18
520 12
521 6
522 3
523 15
524 6
525 7
526 7
527 4
528 0
529 4
530 16
531 2
532 6
533 5
534 0
535 1
536 16
537 23
538 9
539 2
540 6
541 1
542 5
543 4
544 26
545 1
546 4
547 24
548 2
549 14
550 4
551 0
552 5
553 13
554 15
555 10
556 12
557 2
558 8
559 16
560 2
561 55
562 26
563 12
564 3
565 3
566 6
567 6
568 5
569 1
570 7
571 23
572 16
573 11
574 15
575 1
576 6
577 0
578 10
579 8
580 9
581 4
582 3
583 8
584 17
585 4
586 10
587 1
588 7
589 3
590 0
591 5
592 14
593 0
594 14
595 20
596 16
597 17
598 3
599 3
600 30
601 0
602 2
603 3
604 2
605 32
606 8
607 11
608 14
609 0
610 6
611 15
612 0
613 1
614 22
615 81
616 25
617 22
618 10
619 3
620 3
621 27
622 18
623 20
624 7
625 0
626 5
627 19
628 4
629 7
630 21
631 8
632 3
633 12
634 11
635 16
636 0
637 14
638 17
639 1
640 0
641 20
642 11
643 30
644 2
645 25
646 8
647 2
648 4
649 3
650 0
651 29
652 3
653 27
654 8
655 9
656 8
657 8
658 4
659 14
660 16
661 10
662 12
663 0
664 1
665 6
666 1
667 12
668 14
669 20
670 6
671 5
672 2
673 9
674 17
675 3
676 11
677 7
678 4
679 4
680 47
681 4
682 12
683 14
684 58
685 0
686 15
687 16
688 15
689 8
690 4
691 3
692 40
693 4
694 5
695 7
696 11
697 13
698 10
699 5
700 0
701 1
702 2
703 20
704 35
705 0
706 5
707 3
708 0
709 1
710 3
711 41
712 0
713 4
714 0
715 28
716 25
717 0
718 0
719 13
720 7
721 0
722 6
723 31
724 0
725 13
726 6
727 1
728 0
729 4
730 2
731 8
732 0
733 10
734 16
735 0
736 9
737 10
738 5
739 18
740 1
741 0
742 1
743 1
744 11
745 0
746 0
747 8
748 6
749 8
750 12
751 24
752 4
753 3
754 8
755 2
756 8
757 8
758 17
759 5
760 0
761 4
762 0
763 25
764 18
765 17
766 17
767 0
768 23
769 0
770 0
771 0
772 0
773 7
774 6
775 18
776 0
777 9
778 7
779 35
780 10
781 0
782 0
783 16
784 11
785 0
786 13
787 6
788 16
789 33
790 3
791 22
792 0
793 20
794 0
795 20
796 15
797 7
798 37
799 0
800 5
801 0
802 13
803 5
804 21
805 38
806 1
807 1
808 3
809 12
810 0
811 13
812 12
813 1
814 4
815 30
816 5
817 24
818 27
819 20
820 33
821 3
822 10
823 4
824 0
825 22
826 12
827 5
828 2
829 23
830 11
831 7
832 12
833 3
834 0
835 10
836 10
837 21
838 14
839 6
840 0
841 1
842 2
843 1
844 22
845 2
846 7
847 15
848 21
849 15
850 31
851 12
852 0
853 9
854 3
855 4
856 25
857 0
858 0
859 2
860 0
861 7
862 0
863 6
864 0
865 5
866 0
867 57
868 4
869 7
870 12
871 6
872 13
873 2
874 8
875 2
876 0
877 0
878 13
879 17
880 0
881 9
882 1
883 1
884 7
885 8
886 7
887 6
888 15
889 4
890 2
891 5
892 0
893 13
894 2
895 6
896 4
897 0
898 8
899 5
900 1
901 19
902 1
903 8
904 4
905 3
906 0
907 1
908 3
909 7
910 8
911 5
912 0
913 4
914 1
915 8
916 12
917 11
918 0
919 6
920 9
921 4
922 0
923 5
924 8
925 11
926 2
927 3
928 2
929 3
930 4
931 4
932 6
933 8
934 7
935 3
936 44
937 0
938 2
939 17
940 12
941 8
942 28
943 3
944 6
945 4
946 6
947 8
948 10
949 18
950 2
951 0
952 1
953 4
954 4
955 0
956 47
957 8
958 16
959 13
960 7
961 29
962 1
963 2
964 2
965 1
966 7
967 5
968 0
969 0
970 10
971 4
972 3
973 4
974 14
975 5
976 29
977 10
978 2
979 0
980 0
981 5
982 0
983 2
984 7
985 34
986 1
987 4
988 11
989 2
990 21
991 7
992 25
993 1
994 17
995 2
996 13
997 17
998 7
999 0
1000 4
1001 7
1002 23
1003 8
1004 8
1005 2
1006 26
1007 3
1008 26
1009 15
1010 3
1011 7
1012 17
1013 3
1014 14
1015 7
1016 17
1017 18
1018 0
1019 2
1020 0
1021 8
1022 2
1023 0
1024 1
1025 0
1026 1
1027 14
1028 1
1029 3
1030 7
1031 6
1032 9
1033 2
1034 12
1035 12
1036 7
1037 6
1038 7
1039 3
1040 1
1041 0
1042 8
1043 0
1044 4
1045 6
1046 5
1047 3
1048 3
1049 0
1050 0
1051 9
1052 4
1053 8
1054 6
1055 1
1056 8
1057 0
1058 19
1059 4
1060 2
1061 9
1062 0
1063 0
1064 5
1065 1
1066 3
1067 0
1068 12
1069 11
1070 4
1071 7
1072 0
1073 1
1074 3
1075 4
1076 7
1077 7
1078 4
1079 2
1080 7
1081 16
1082 31
1083 22
1084 5
1085 0
1086 0
1087 11
1088 4
1089 1
1090 17
1091 14
1092 2
1093 6
1094 21
1095 4
1096 3
1097 6
1098 13
1099 33
1100 0
1101 8
1102 1
1103 8
1104 35
1105 53
1106 24
1107 4
1108 3
1109 0
1110 0
1111 4
1112 1
1113 5
1114 0
1115 7
1116 0
1117 16
1118 0
1119 0
1120 1
1121 3
1122 2
1123 2
1124 0
1125 0
1126 32
1127 2
1128 4
1129 2
1130 11
1131 67
1132 5
1133 9
1134 0
1135 4
1136 0
1137 1
1138 0
1139 4
1140 3
1141 0
1142 1
1143 1
1144 4
1145 0
1146 2
1147 2
1148 0
1149 6
1150 8
1151 11
1152 15
1153 3
1154 13
1155 2
1156 27
1157 0
1158 2
1159 18
1160 0
1161 4
1162 0
1163 15
1164 0
1165 27
1166 10
1167 10
1168 4
1169 3
1170 2
1171 2
1172 6
1173 13
1174 10
1175 5
1176 0
1177 14
1178 3
1179 6
1180 12
1181 11
1182 3
1183 5
1184 16
1185 0
1186 0
1187 24
1188 0
1189 24
1190 14
1191 33
1192 24
1193 19
1194 0
1195 12
1196 1
1197 13
1198 0
1199 14
1200 9
1201 25
1202 6
1203 0
1204 2
1205 0
1206 0
1207 0
1208 27
1209 0
1210 6
1211 22
1212 0
1213 4
1214 23
1215 3
1216 11
1217 8
1218 2
1219 33
1220 0
1221 1
1222 12
1223 5
1224 7
1225 7
1226 7
1227 3
1228 2
1229 5
1230 4
1231 32
1232 1
1233 33
1234 7
1235 0
1236 3
1237 3
1238 34
1239 8
1240 1
1241 0
1242 2
1243 3
1244 18
1245 0
1246 0
1247 12
1248 4
1249 2
1250 1
1251 1
1252 0
1253 42
1254 4
1255 6
1256 6
1257 1
1258 4
1259 3
1260 10
1261 31
1262 1
1263 15
1264 3
1265 20
1266 2
1267 7
1268 3
1269 0
1270 2
1271 16
1272 28
1273 6
1274 4
1275 15
1276 14
1277 0
1278 24
1279 0
1280 4
1281 7
1282 0
1283 16
1284 3
1285 0
1286 15
1287 5
1288 5
1289 4
1290 6
1291 1
1292 10
1293 17
1294 3
1295 12
1296 7
1297 11
1298 20
1299 2
1300 44
1301 0
1302 1
1303 7
1304 3
1305 5
1306 2
1307 23
1308 14
1309 19
1310 1
1311 9
1312 11
1313 0
1314 0
1315 0
1316 3
1317 0
1318 6
1319 5
1320 25
1321 19
1322 2
1323 11
1324 2
1325 8
1326 4
1327 5
1328 13
1329 2
1330 15
1331 0
1332 0
1333 13
1334 10
1335 9
1336 5
1337 5
1338 12
1339 26
1340 6
1341 3
1342 15
1343 0
1344 26
1345 2
1346 13
1347 12
1348 3
1349 22
1350 33
1351 19
1352 13
1353 10
1354 0
1355 6
1356 12
1357 14
1358 0
1359 11
1360 12
1361 3
1362 9
1363 11
1364 27
1365 4
1366 13
1367 2
1368 20
1369 10
1370 2
1371 16
1372 11
1373 11
1374 19
1375 4
1376 13
1377 0
1378 10
1379 27
1380 8
1381 22
1382 6
1383 6
1384 6
1385 0
1386 4
1387 0
1388 3
1389 0
1390 6
1391 2
1392 2
1393 0
1394 17
1395 3
1396 12
1397 1
1398 0
1399 0
1400 3
1401 2
1402 3
1403 0
1404 5
1405 4
1406 0
1407 27
1408 1
1409 9
1410 4
1411 0
1412 3
1413 3
1414 0
1415 4
1416 0
1417 4
1418 1
1419 7
1420 0
1421 2
1422 6
1423 3
1424 2
1425 6
1426 0
1427 3
1428 3
1429 2
1430 7
1431 8
1432 6
1433 0
1434 0
1435 7
1436 21
1437 2
1438 3
1439 1
1440 7
1441 0
1442 0
1443 19
1444 0
1445 5
1446 2
1447 10
1448 4
1449 10
1450 11
1451 3
1452 3
1453 5
1454 6
1455 4
1456 1
1457 0
1458 0
1459 7
1460 13
1461 0
1462 2
1463 0
1464 4
1465 6
1466 11
1467 39
1468 15
1469 5
1470 3
1471 28
1472 20
1473 9
1474 2
1475 3
1476 14
1477 6
1478 0
1479 9
1480 1
1481 8
1482 1
1483 4
1484 5
1485 1
1486 3
1487 17
1488 0
1489 0
1490 13
1491 13
1492 5
1493 0
1494 2
1495 8
1496 6
1497 0
1498 0
1499 0
1500 6
1501 2
1502 0
1503 0
1504 15
1505 1
1506 11
1507 28
1508 8
1509 1
1510 1
1511 4
1512 1
1513 4
1514 10
1515 1
1516 1
1517 0
1518 3
1519 3
1520 2
1521 10
1522 22
1523 24
1524 0
1525 11
1526 8
1527 0
1528 36
1529 2
1530 1
1531 4
1532 0
1533 1
1534 0
1535 14
1536 53
1537 22
1538 0
1539 5
1540 9
1541 2
1542 0
1543 0
1544 3
1545 1
1546 1
1547 2
1548 10
1549 3
1550 4
1551 1
1552 2
1553 0
1554 19
1555 8
1556 0
1557 4
1558 2
1559 1
1560 4
1561 6
1562 23
1563 4
1564 1
1565 7
1566 9
1567 0
1568 3
1569 2
1570 0
1571 48
1572 15
1573 3
1574 15
1575 8
1576 0
1577 32
1578 27
1579 11
1580 0
1581 7
1582 3
1583 4
1584 0
1585 0
1586 9
1587 1
1588 4
1589 5
1590 7
1591 3
1592 22
1593 4
1594 19
1595 10
1596 18
1597 5
