1 0
2 1
3 6
4 13
5 41
6 25
7 0
8 9
9 16
10 0
11 0
12 1
13 3
14 12
15 8
16 16
17 2
18 35
19 1
20 1
21 2
22 5
23 5
24 25
25 10
26 4
27 0
28 0
29 2
30 1
31 15
32 7
33 1
34 1
35 8
36 7
37 7
38 4
39 6
40 24
41 8
42 2
43 9
44 1
45 21
46 5
47 1
48 13
49 8
50 24
51 32
52 0
53 0
54 11
55 0
56 6
57 0
58 19
59 15
60 18
61 8
62 28
63 6
64 2
65 34
66 2
67 7
68 8
69 4
70 6
71 1
72 18
73 27
74 16
75 25
76 17
77 40
78 0
79 13
80 7
81 45
82 0
83 18
84 15
85 24
86 10
87 15
88 3
89 14
90 18
91 12
92 4
93 11
94 7
95 3
96 31
97 2
98 4
99 9
100 3
101 0
102 7
103 8
104 0
105 11
106 2
107 0
108 2
109 23
110 1
111 7
112 18
113 4
114 5
115 8
116 16
117 9
118 10
119 6
120 72
121 6
122 5
123 10
124 56
125 13
126 35
127 0
128 10
129 9
130 3
131 56
132 12
133 15
134 55
135 23
136 13
137 15
138 5
139 10
140 0
141 13
142 2
143 1
144 18
145 4
146 5
147 21
148 7
149 6
150 5
151 97
152 2
153 1
154 9
155 8
156 0
157 5
158 13
159 14
160 1
161 3
162 3
163 6
164 0
165 8
166 14
167 9
168 1
169 20
170 5
171 8
172 6
173 0
174 3
175 6
176 3
177 13
178 2
179 22
180 18
181 6
182 3
183 5
184 1
185 4
186 14
187 2
188 21
189 0
190 1
191 6
192 1
193 4
194 1
195 11
196 1
197 4
198 2
199 2
200 0
201 1
202 0
203 0
204 0
205 0
206 12
207 6
208 8
209 19
210 4
211 3
212 2
213 0
214 4
215 1
216 4
217 8
218 7
219 8
220 26
221 12
222 8
223 0
224 2
225 42
226 4
227 0
228 6
229 10
230 2
231 11
232 10
233 10
234 0
235 3
236 22
237 6
238 15
239 9
240 9
241 21
242 1
243 6
244 0
245 1
246 22
247 1
248 18
249 4
250 5
251 0
252 1
253 12
254 7
255 10
256 6
257 6
258 59
259 8
260 10
261 13
262 1
263 21
264 0
265 8
266 4
267 14
268 2
269 0
270 2
271 10
272 9
273 9
274 0
275 31
276 1
277 7
278 1
279 11
280 1
281 1
282 1
283 4
284 8
285 0
286 8
287 21
288 5
289 5
290 8
291 7
292 0
293 71
294 5
295 1
296 7
297 0
298 25
299 1
300 8
301 0
302 1
303 14
304 0
305 1
306 6
307 66
308 34
309 24
310 0
311 37
312 1
313 27
314 32
315 7
316 38
317 0
318 21
319 6
320 10
321 13
322 8
323 11
324 26
325 3
326 12
327 6
328 12
329 1
330 0
331 2
332 15
333 38
334 6
335 19
336 18
337 26
338 5
339 9
340 2
341 5
342 26
343 20
344 36
345 9
346 55
347 8
348 5
349 7
350 4
351 25
352 3
353 38
354 2
355 36
356 1
357 0
358 6
359 5
360 3
361 4
362 2
363 0
364 11
365 16
366 2
367 22
368 0
369 4
370 0
371 6
372 23
373 15
374 12
375 3
376 2
377 11
378 9
379 9
380 1
381 13
382 1
383 2
384 7
385 26
386 14
387 11
388 6
389 18
390 5
391 114
392 10
393 3
394 11
395 24
396 4
397 65
398 8
399 0
400 29
401 10
402 9
403 4
404 10
405 9
406 11
407 13
408 1
409 10
410 4
411 11
412 0
413 1
414 10
415 9
416 32
417 0
418 10
419 12
420 13
421 37
422 23
423 0
424 1
425 22
426 6
427 6
428 15
429 0
430 25
431 20
432 10
433 11
434 0
435 2
436 4
437 0
438 4
439 15
440 19
441 9
442 5
443 15
444 1
445 0
446 21
447 10
448 25
449 4
450 4
451 11
452 10
453 23
454 23
455 13
456 3
457 27
458 4
459 5
460 2
461 2
462 12
463 16
464 28
465 0
466 22
467 4
468 2
469 0
470 14
471 18
472 19
473 8
474 4
475 16
476 37
477 2
478 1
479 2
480 14
481 4
482 9
483 0
484 15
485 0
486 4
487 1
488 0
489 6
490 1
491 16
492 1
493 1
494 2
495 12
496 2
497 3
498 9
499 13
500 3
501 10
502 0
503 2
504 0
505 6
506 5
507 3
508 5
509 10
510 11
511 0
512 0
513 34
514 3
515 28
516 1
517 7
518 3
519 6
520 4
521 15
522 0
523 3
524 12
525 0
526 7
527 3
528 0
529 0
530 8
531 1
532 2
533 5
534 0
535 1
536 19
537 8
538 64
539 6
540 5
541 4
542 3
543 8
544 18
545 0
546 2
547 9
548 0
549 9
550 2
551 2
552 8
553 4
554 31
555 10
556 36
557 12
558 24
559 15
560 5
561 49
562 21
563 14
564 11
565 0
566 1
567 3
568 15
569 13
570 0
571 29
572 12
573 42
574 45
575 10
576 23
577 0
578 3
579 16
580 6
581 5
582 3
583 5
584 12
585 9
586 7
587 2
588 1
589 0
590 2
591 11
592 15
593 0
594 16
595 15
596 5
597 42
598 25
599 16
600 4
601 1
602 11
603 18
604 4
605 12
606 22
607 19
608 6
609 5
610 3
611 31
612 0
613 1
614 32
615 79
616 4
617 21
618 1
619 3
620 0
621 6
622 4
623 32
624 15
625 0
626 5
627 18
628 6
629 6
630 26
631 7
632 3
633 5
634 26
635 4
636 0
637 13
638 19
639 6
640 0
641 9
642 16
643 29
644 0
645 15
646 6
647 18
648 14
649 4
650 9
651 21
652 14
653 5
654 9
655 20
656 1
657 7
658 1
659 9
660 16
661 29
662 9
663 3
664 0
665 6
666 0
667 17
668 27
669 2
670 11
671 7
672 40
673 17
674 13
675 0
676 24
677 11
678 15
679 12
680 4
681 85
682 7
683 6
684 25
685 0
686 28
687 12
688 9
689 19
690 0
691 1
692 13
693 1
694 13
695 2
696 14
697 3
698 6
699 7
700 2
701 5
702 2
703 33
704 30
705 2
706 9
707 31
708 1
709 4
710 21
711 25
712 0
713 4
714 2
715 6
716 16
717 8
718 0
719 4
720 3
721 0
722 0
723 4
724 3
725 0
726 16
727 3
728 5
729 23
730 13
731 1
732 1
733 8
734 18
735 0
736 3
737 32
738 4
739 15
740 4
741 0
742 7
743 2
744 13
745 0
746 0
747 16
748 9
749 6
750 12
751 5
752 1
753 18
754 11
755 13
756 2
757 21
758 9
759 9
760 6
761 80
762 4
763 23
764 20
765 20
766 12
767 0
768 20
769 12
770 0
771 2
772 0
773 8
774 0
775 11
776 0
777 26
778 5
779 15
780 7
781 2
782 0
783 0
784 16
785 14
786 34
787 5
788 20
789 20
790 8
791 27
792 0
793 69
794 0
795 4
796 8
797 26
798 9
799 0
800 1
801 0
802 8
803 15
804 16
805 7
806 10
807 2
808 1
809 6
810 1
811 46
812 20
813 7
814 42
815 17
816 1
817 51
818 43
819 13
820 41
821 0
822 28
823 19
824 6
825 9
826 10
827 5
828 1
829 17
830 24
831 8
832 34
833 4
834 0
835 3
836 23
837 17
838 15
839 0
840 3
841 5
842 4
843 25
844 6
845 4
846 39
847 23
848 27
849 12
850 16
851 8
852 1
853 5
854 1
855 15
856 14
857 4
858 7
859 2
860 6
861 24
862 0
863 20
864 2
865 14
866 1
867 10
868 4
869 4
870 9
871 20
872 6
873 0
874 14
875 2
876 1
877 4
878 12
879 32
880 0
881 8
882 1
883 0
884 5
885 17
886 8
887 31
888 2
889 3
890 4
891 2
892 0
893 1
894 16
895 5
896 8
897 1
898 2
899 3
900 25
901 7
902 2
903 3
904 7
905 12
906 0
907 4
908 3
909 9
910 1
911 3
912 15
913 6
914 14
915 14
916 8
917 9
918 7
919 5
920 1
921 14
922 0
923 2
924 22
925 18
926 10
927 3
928 2
929 1
930 5
931 9
932 4
933 13
934 12
935 6
936 12
937 0
938 10
939 4
940 0
941 3
942 4
943 12
944 2
945 3
946 3
947 4
948 4
949 33
950 6
951 0
952 10
953 36
954 1
955 14
956 55
957 21
958 75
959 14
960 6
961 11
962 3
963 2
964 3
965 3
966 9
967 13
968 22
969 1
970 14
971 1
972 11
973 4
974 41
975 3
976 7
977 22
978 3
979 1
980 0
981 4
982 0
983 10
984 23
985 20
986 7
987 0
988 4
989 0
990 8
991 18
992 29
993 9
994 6
995 17
996 15
997 20
998 24
999 6
1000 7
1001 2
1002 36
1003 0
1004 16
1005 2
1006 33
1007 0
1008 5
1009 91
1010 3
1011 0
1012 20
1013 0
1014 18
1015 8
1016 1
1017 17
1018 0
1019 0
1020 2
1021 11
1022 0
1023 1
1024 0
1025 2
1026 0
1027 3
1028 0
1029 5
1030 7
1031 4
1032 12
1033 20
1034 6
1035 9
1036 7
1037 8
1038 0
1039 4
1040 5
1041 0
1042 11
1043 2
1044 30
1045 12
1046 5
1047 8
1048 16
1049 5
1050 1
1051 22
1052 34
1053 7
1054 28
1055 5
1056 3
1057 0
1058 12
1059 30
1060 3
1061 2
1062 2
1063 4
1064 28
1065 6
1066 15
1067 0
1068 4
1069 12
1070 0
1071 1
1072 0
1073 3
1074 2
1075 27
1076 4
1077 3
1078 15
1079 1
1080 73
1081 46
1082 26
1083 31
1084 46
1085 3
1086 7
1087 22
1088 13
1089 2
1090 19
1091 14
1092 2
1093 8
1094 18
1095 5
1096 13
1097 1
1098 10
1099 7
1100 0
1101 2
1102 5
1103 13
1104 12
1105 69
1106 7
1107 6
1108 11
1109 1
1110 0
1111 24
1112 3
1113 1
1114 1
1115 1
1116 12
1117 17
1118 0
1119 1
1120 0
1121 0
1122 2
1123 1
1124 3
1125 11
1126 29
1127 5
1128 5
1129 0
1130 23
1131 34
1132 0
1133 7
1134 4
1135 5
1136 0
1137 0
1138 1
1139 9
1140 0
1141 0
1142 1
1143 3
1144 12
1145 0
1146 10
1147 17
1148 7
1149 2
1150 4
1151 4
1152 17
1153 4
1154 4
1155 13
1156 13
1157 4
1158 5
1159 17
1160 0
1161 1
1162 0
1163 20
1164 6
1165 15
1166 5
1167 9
1168 1
1169 5
1170 4
1171 2
1172 2
1173 2
1174 6
1175 6
1176 0
1177 22
1178 10
1179 8
1180 1
1181 4
1182 2
1183 7
1184 30
1185 5
1186 26
1187 18
1188 0
1189 28
1190 7
1191 7
1192 9
1193 22
1194 2
1195 5
1196 3
1197 2
1198 0
1199 12
1200 2
1201 31
1202 1
1203 7
1204 23
1205 5
1206 0
1207 5
1208 19
1209 10
1210 0
1211 12
1212 1
1213 0
1214 7
1215 1
1216 12
1217 17
1218 6
1219 21
1220 0
1221 0
1222 54
1223 11
1224 9
1225 6
1226 1
1227 3
1228 16
1229 7
1230 54
1231 11
1232 4
1233 20
1234 2
1235 3
1236 5
1237 0
1238 14
1239 29
1240 5
1241 4
1242 7
1243 14
1244 10
1245 5
1246 4
1247 29
1248 0
1249 17
1250 0
1251 6
1252 4
1253 2
1254 0
1255 11
1256 2
1257 0
1258 1
1259 1
1260 8
1261 21
1262 3
1263 12
1264 5
1265 30
1266 10
1267 9
1268 7
1269 5
1270 1
1271 9
1272 3
1273 12
1274 4
1275 10
1276 6
1277 19
1278 17
1279 0
1280 11
1281 17
1282 0
1283 10
1284 12
1285 1
1286 1
1287 2
1288 19
1289 14
1290 1
1291 10
1292 13
1293 5
1294 0
1295 5
1296 1
1297 17
1298 3
1299 0
1300 12
1301 6
1302 2
1303 17
1304 0
1305 1
1306 0
1307 3
1308 2
1309 24
1310 6
1311 0
1312 6
1313 3
1314 9
1315 22
1316 5
1317 1
1318 10
1319 4
1320 35
1321 11
1322 0
1323 5
1324 5
1325 9
1326 8
1327 0
1328 14
1329 0
1330 5
1331 0
1332 0
1333 39
1334 6
1335 5
1336 0
1337 0
1338 8
1339 12
1340 2
1341 3
1342 22
1343 3
1344 10
1345 0
1346 0
1347 16
1348 1
1349 15
1350 9
1351 48
1352 12
1353 7
1354 0
1355 17
1356 4
1357 28
1358 1
1359 31
1360 10
1361 6
1362 5
1363 9
1364 48
1365 0
1366 15
1367 4
1368 39
1369 5
1370 13
1371 5
1372 5
1373 0
1374 4
1375 9
1376 30
1377 4
1378 1
1379 25
1380 31
1381 11
1382 16
1383 11
1384 7
1385 3
1386 17
1387 2
1388 13
1389 0
1390 5
1391 0
1392 1
1393 0
1394 5
1395 13
1396 18
1397 1
1398 1
1399 1
1400 2
1401 5
1402 3
1403 2
1404 5
1405 5
1406 1
1407 8
1408 0
1409 31
1410 11
1411 3
1412 5
1413 0
1414 3
1415 3
1416 0
1417 0
1418 1
1419 2
1420 0
1421 0
1422 4
1423 10
1424 0
1425 10
1426 1
1427 7
1428 2
1429 2
1430 48
1431 7
1432 1
1433 0
1434 5
1435 8
1436 20
1437 8
1438 3
1439 1
1440 4
1441 1
1442 4
1443 8
1444 2
1445 0
1446 4
1447 12
1448 8
1449 10
1450 19
1451 1
1452 7
1453 10
1454 2
1455 2
1456 1
1457 2
1458 5
1459 24
1460 8
1461 0
1462 1
1463 0
1464 4
1465 10
1466 16
1467 18
1468 13
1469 38
1470 4
1471 15
1472 8
1473 2
1474 11
1475 19
1476 13
1477 3
1478 3
1479 1
1480 2
1481 44
1482 16
1483 11
1484 4
1485 7
1486 5
1487 11
1488 4
1489 0
1490 11
1491 0
1492 4
1493 2
1494 3
1495 11
1496 8
1497 2
1498 0
1499 0
1500 0
1501 4
1502 0
1503 0
1504 17
1505 0
1506 0
1507 7
1508 27
1509 1
1510 8
1511 3
1512 8
1513 1
1514 8
1515 0
1516 3
1517 2
1518 0
1519 0
1520 10
1521 7
1522 19
1523 22
1524 1
1525 12
1526 9
1527 10
1528 9
1529 0
1530 1
1531 1
1532 2
1533 0
1534 0
1535 9
1536 7
1537 43
1538 0
1539 3
1540 0
1541 3
1542 2
1543 1
1544 6
1545 3
1546 1
1547 5
1548 3
1549 1
1550 0
1551 3
1552 5
1553 0
1554 38
1555 8
1556 2
1557 5
1558 0
1559 0
1560 1
1561 4
1562 33
1563 0
1564 0
1565 5
1566 3
1567 0
1568 26
1569 3
1570 0
1571 32
1572 35
1573 4
1574 7
1575 16
1576 3
1577 5
1578 16
1579 15
1580 0
1581 11
1582 1
1583 5
1584 23
1585 6
1586 1
1587 9
1588 4
1589 1
1590 11
1591 2
1592 17
1593 13
1594 12
1595 8
1596 81
1597 1
