1 1
2 1
3 7
4 26
5 21
6 35
7 1
8 4
9 16
10 0
11 1
12 4
13 1
14 9
15 9
16 17
17 19
18 27
19 26
20 3
21 30
22 27
23 28
24 82
25 57
26 49
27 23
28 28
29 14
30 31
31 42
32 30
33 17
34 42
35 103
36 41
37 67
38 31
39 42
40 27
41 50
42 34
43 59
44 27
45 42
46 11
47 5
48 48
49 18
50 26
51 55
52 14
53 31
54 26
55 11
56 63
57 16
58 45
59 28
60 99
61 90
62 133
63 42
64 25
65 39
66 49
67 11
68 21
69 48
70 37
71 6
72 15
73 10
74 17
75 37
76 12
77 6
78 4
79 42
80 15
81 25
82 15
83 20
84 27
85 33
86 30
87 29
88 7
89 26
90 22
91 15
92 7
93 22
94 25
95 18
96 17
97 7
98 2
99 35
100 5
101 23
102 6
103 27
104 2
105 13
106 12
107 8
108 26
109 23
110 2
111 9
112 60
113 6
114 40
115 7
116 33
117 30
118 17
119 11
120 35
121 19
122 26
123 11
124 22
125 10
126 19
127 2
128 21
129 15
130 8
131 6
132 22
133 38
134 15
135 17
136 13
137 3
138 29
139 10
140 46
141 33
142 14
143 12
144 13
145 18
146 38
147 45
148 32
149 25
150 9
151 11
152 23
153 23
154 24
155 9
156 10
157 9
158 21
159 21
160 6
161 15
162 9
163 19
164 9
165 8
166 39
167 19
168 12
169 13
170 23
171 14
172 6
173 18
174 34
175 75
176 52
177 65
178 33
179 50
180 69
181 43
182 23
183 21
184 11
185 14
186 29
187 10
188 46
189 5
190 14
191 51
192 35
193 20
194 23
195 24
196 7
197 9
198 12
199 19
200 20
201 16
202 12
203 10
204 10
205 16
206 32
207 31
208 62
209 49
210 12
211 17
212 11
213 7
214 18
215 23
216 19
217 70
218 27
219 16
220 19
221 6
222 53
223 35
224 25
225 35
226 6
227 25
228 14
229 11
230 23
231 48
232 28
233 314
234 17
235 41
236 28
237 47
238 28
239 29
240 12
241 39
242 12
243 37
244 14
245 13
246 31
247 12
248 7
249 58
250 31
251 43
252 12
253 13
254 20
255 25
256 22
257 58
258 72
259 41
260 41
261 30
262 9
263 27
264 12
265 54
266 5
267 52
268 16
269 11
270 9
271 57
272 9
273 18
274 5
275 39
276 3
277 8
278 27
279 18
280 27
281 33
282 48
283 29
284 52
285 12
286 75
287 57
288 25
289 8
290 45
291 47
292 32
293 59
294 30
295 27
296 6
297 9
298 63
299 28
300 14
301 18
302 31
303 24
304 35
305 17
306 5
307 108
308 62
309 41
310 20
311 43
312 26
313 72
314 54
315 48
316 38
317 20
318 58
319 36
320 41
321 44
322 29
323 77
324 60
325 14
326 11
327 24
328 37
329 27
330 13
331 40
332 39
333 52
334 33
335 49
336 25
337 54
338 41
339 74
340 62
341 33
342 50
343 128
344 69
345 35
346 103
347 11
348 21
349 12
350 11
351 130
352 75
353 23
354 23
355 76
356 37
357 17
358 27
359 32
360 26
361 54
362 22
363 7
364 26
365 10
366 14
367 57
368 23
369 44
370 10
371 77
372 15
373 27
374 19
375 12
376 9
377 26
378 10
379 11
380 28
381 18
382 7
383 37
384 37
385 84
386 10
387 49
388 19
389 35
390 11
391 52
392 35
393 19
394 15
395 38
396 22
397 38
398 18
399 9
400 23
401 73
402 24
403 20
404 18
405 29
406 24
407 5
408 8
409 18
410 25
411 23
412 24
413 26
414 25
415 32
416 16
417 11
418 34
419 26
420 59
421 44
422 27
423 6
424 14
425 33
426 6
427 57
428 28
429 4
430 46
431 31
432 20
433 24
434 5
435 16
436 30
437 5
438 20
439 36
440 33
441 10
442 41
443 13
444 29
445 8
446 104
447 45
448 34
449 36
450 12
451 63
452 51
453 33
454 32
455 41
456 28
457 24
458 18
459 62
460 14
461 20
462 22
463 49
464 26
465 27
466 36
467 22
468 17
469 13
470 50
471 23
472 34
473 36
474 7
475 17
476 66
477 18
478 12
479 5
480 8
481 2
482 31
483 8
484 10
485 29
486 29
487 5
488 7
489 16
490 23
491 45
492 16
493 18
494 11
495 16
496 22
497 16
498 15
499 24
500 3
501 16
502 27
503 13
504 1
505 25
506 6
507 21
508 20
509 9
510 8
511 7
512 1
513 26
514 17
515 54
516 5
517 6
518 4
519 5
520 35
521 12
522 21
523 31
524 13
525 7
526 3
527 7
528 7
529 5
530 43
531 22
532 8
533 34
534 3
535 6
536 20
537 19
538 13
539 58
540 16
541 30
542 15
543 11
544 24
545 19
546 13
547 17
548 9
549 14
550 23
551 4
552 15
553 8
554 9
555 11
556 38
557 63
558 31
559 46
560 12
561 20
562 25
563 17
564 4
565 4
566 8
567 34
568 10
569 15
570 3
571 26
572 13
573 74
574 46
575 16
576 18
577 6
578 18
579 37
580 37
581 16
582 31
583 52
584 39
585 14
586 23
587 13
588 11
589 19
590 21
591 49
592 71
593 27
594 22
595 45
596 103
597 70
598 70
599 24
600 46
601 29
602 24
603 26
604 33
605 103
606 48
607 73
608 37
609 23
610 28
611 88
612 11
613 27
614 56
615 52
616 21
617 12
618 17
619 14
620 20
621 20
622 38
623 25
624 38
625 24
626 62
627 51
628 44
629 33
630 42
631 31
632 37
633 43
634 57
635 24
636 13
637 61
638 105
639 8
640 6
641 24
642 18
643 59
644 4
645 110
646 13
647 73
648 43
649 33
650 42
651 89
652 55
653 24
654 52
655 19
656 19
657 15
658 27
659 42
660 69
661 37
662 70
663 37
664 24
665 41
666 21
667 42
668 51
669 39
670 45
671 39
672 41
673 58
674 33
675 28
676 31
677 34
678 24
679 37
680 27
681 18
682 34
683 66
684 31
685 20
686 52
687 43
688 40
689 49
690 11
691 9
692 64
693 6
694 65
695 21
696 75
697 39
698 20
699 24
700 11
701 26
702 19
703 53
704 73
705 39
706 40
707 12
708 27
709 9
710 26
711 80
712 11
713 14
714 28
715 63
716 33
717 24
718 9
719 50
720 39
721 4
722 16
723 33
724 25
725 31
726 13
727 20
728 8
729 29
730 28
731 14
732 27
733 24
734 40
735 10
736 21
737 29
738 39
739 30
740 13
741 14
742 52
743 30
744 84
745 10
746 22
747 49
748 30
749 42
750 50
751 77
752 49
753 26
754 60
755 39
756 21
757 41
758 25
759 13
760 19
761 50
762 13
763 56
764 42
765 44
766 27
767 20
768 103
769 27
770 5
771 16
772 5
773 44
774 9
775 107
776 31
777 47
778 39
779 37
780 36
781 18
782 12
783 24
784 28
785 8
786 53
787 41
788 82
789 46
790 25
791 21
792 6
793 51
794 15
795 24
796 84
797 97
798 51
799 15
800 42
801 29
802 29
803 30
804 64
805 28
806 28
807 4
808 10
809 13
810 30
811 36
812 31
813 11
814 26
815 35
816 9
817 35
818 25
819 41
820 94
821 9
822 59
823 27
824 20
825 45
826 39
827 21
828 18
829 55
830 60
831 43
832 36
833 13
834 10
835 35
836 28
837 44
838 12
839 16
840 14
841 5
842 10
843 35
844 40
845 17
846 37
847 42
848 22
849 56
850 45
851 37
852 11
853 8
854 11
855 32
856 34
857 11
858 4
859 9
860 14
861 29
862 9
863 42
864 43
865 45
866 1
867 58
868 23
869 33
870 40
871 20
872 46
873 9
874 16
875 24
876 20
877 6
878 73
879 34
880 34
881 12
882 8
883 11
884 26
885 11
886 15
887 20
888 12
889 7
890 15
891 24
892 11
893 54
894 22
895 32
896 34
897 24
898 20
899 21
900 37
901 25
902 1
903 18
904 13
905 13
906 6
907 22
908 67
909 1
910 5
911 6
912 13
913 27
914 5
915 28
916 28
917 41
918 9
919 15
920 17
921 12
922 16
923 29
924 38
925 32
926 31
927 4
928 23
929 14
930 22
931 13
932 7
933 20
934 25
935 4
936 24
937 5
938 26
939 13
940 6
941 10
942 26
943 18
944 8
945 9
946 30
947 19
948 6
949 37
950 37
951 6
952 29
953 9
954 7
955 11
956 32
957 38
958 38
959 22
960 15
961 19
962 11
963 26
964 19
965 43
966 60
967 14
968 6
969 14
970 37
971 40
972 34
973 23
974 85
975 23
976 35
977 99
978 14
979 12
980 7
981 12
982 18
983 15
984 24
985 66
986 18
987 10
988 74
989 5
990 34
991 69
992 30
993 15
994 14
995 16
996 18
997 47
998 21
999 11
1000 18
1001 26
1002 63
1003 5
1004 23
1005 10
1006 42
1007 24
1008 108
1009 62
1010 5
1011 7
1012 57
1013 13
1014 74
1015 70
1016 45
1017 11
1018 4
1019 54
1020 22
1021 68
1022 24
1023 4
1024 2
1025 6
1026 16
1027 14
1028 12
1029 34
1030 16
1031 15
1032 97
1033 42
1034 57
1035 20
1036 50
1037 13
1038 8
1039 23
1040 16
1041 13
1042 50
1043 8
1044 13
1045 43
1046 43
1047 4
1048 68
1049 19
1050 17
1051 24
1052 44
1053 24
1054 61
1055 19
1056 36
1057 2
1058 66
1059 34
1060 10
1061 29
1062 9
1063 3
1064 24
1065 19
1066 65
1067 17
1068 13
1069 61
1070 6
1071 11
1072 13
1073 17
1074 24
1075 55
1076 50
1077 23
1078 25
1079 21
1080 41
1081 46
1082 152
1083 46
1084 92
1085 6
1086 11
1087 56
1088 30
1089 34
1090 71
1091 64
1092 8
1093 12
1094 19
1095 6
1096 57
1097 36
1098 39
1099 35
1100 8
1101 13
1102 2
1103 96
1104 85
1105 98
1106 12
1107 52
1108 22
1109 18
1110 10
1111 46
1112 23
1113 14
1114 11
1115 11
1116 6
1117 26
1118 11
1119 1
1120 14
1121 11
1122 23
1123 13
1124 16
1125 21
1126 23
1127 11
1128 9
1129 3
1130 12
1131 34
1132 9
1133 7
1134 28
1135 20
1136 5
1137 9
1138 5
1139 13
1140 7
1141 21
1142 16
1143 0
1144 2
1145 6
1146 111
1147 31
1148 8
1149 18
1150 9
1151 15
1152 33
1153 14
1154 18
1155 15
1156 11
1157 16
1158 9
1159 22
1160 1
1161 24
1162 9
1163 10
1164 6
1165 4
1166 5
1167 9
1168 2
1169 6
1170 10
1171 1
1172 2
1173 1
1174 4
1175 4
1176 5
1177 20
1178 9
1179 5
1180 36
1181 4
1182 8
1183 6
1184 24
1185 5
1186 16
1187 13
1188 10
1189 15
1190 10
1191 5
1192 60
1193 71
1194 17
1195 29
1196 8
1197 38
1198 3
1199 29
1200 26
1201 84
1202 21
1203 27
1204 42
1205 16
1206 9
1207 25
1208 32
1209 18
1210 28
1211 18
1212 12
1213 5
1214 18
1215 16
1216 64
1217 53
1218 44
1219 85
1220 7
1221 15
1222 59
1223 50
1224 55
1225 28
1226 13
1227 7
1228 12
1229 11
1230 27
1231 78
1232 22
1233 80
1234 21
1235 10
1236 22
1237 31
1238 90
1239 71
1240 30
1241 19
1242 39
1243 23
1244 19
1245 23
1246 10
1247 90
1248 31
1249 18
1250 26
1251 17
1252 18
1253 21
1254 7
1255 25
1256 5
1257 28
1258 18
1259 24
1260 25
1261 65
1262 27
1263 37
1264 21
1265 58
1266 25
1267 91
1268 27
1269 8
1270 3
1271 17
1272 20
1273 46
1274 19
1275 24
1276 26
1277 11
1278 32
1279 7
1280 27
1281 80
1282 14
1283 22
1284 32
1285 41
1286 88
1287 15
1288 25
1289 14
1290 20
1291 28
1292 38
1293 107
1294 20
1295 75
1296 51
1297 163
1298 29
1299 17
1300 123
1301 13
1302 47
1303 96
1304 8
1305 22
1306 12
1307 96
1308 17
1309 25
1310 16
1311 16
1312 16
1313 8
1314 94
1315 27
1316 19
1317 19
1318 44
1319 25
1320 71
1321 19
1322 8
1323 32
1324 11
1325 19
1326 70
1327 22
1328 39
1329 5
1330 26
1331 6
1332 11
1333 26
1334 48
1335 53
1336 20
1337 42
1338 61
1339 64
1340 32
1341 7
1342 54
1343 35
1344 75
1345 9
1346 30
1347 22
1348 17
1349 55
1350 34
1351 20
1352 39
1353 34
1354 21
1355 49
1356 26
1357 35
1358 28
1359 67
1360 54
1361 12
1362 21
1363 34
1364 42
1365 21
1366 31
1367 27
1368 31
1369 67
1370 16
1371 45
1372 35
1373 16
1374 23
1375 55
1376 55
1377 38
1378 89
1379 88
1380 12
1381 33
1382 66
1383 26
1384 16
1385 15
1386 43
1387 15
1388 42
1389 35
1390 30
1391 16
1392 15
1393 24
1394 73
1395 65
1396 43
1397 31
1398 20
1399 31
1400 14
1401 30
1402 31
1403 24
1404 49
1405 43
1406 36
1407 55
1408 49
1409 38
1410 53
1411 16
1412 35
1413 14
1414 26
1415 40
1416 18
1417 22
1418 31
1419 19
1420 29
1421 11
1422 28
1423 36
1424 12
1425 42
1426 12
1427 33
1428 18
1429 30
1430 25
1431 18
1432 28
1433 9
1434 9
1435 37
1436 62
1437 49
1438 18
1439 12
1440 58
1441 12
1442 6
1443 50
1444 22
1445 28
1446 44
1447 77
1448 46
1449 42
1450 37
1451 22
1452 31
1453 66
1454 40
1455 66
1456 16
1457 13
1458 28
1459 53
1460 50
1461 11
1462 21
1463 14
1464 16
1465 55
1466 34
1467 56
1468 38
1469 45
1470 36
1471 64
1472 63
1473 32
1474 55
1475 24
1476 100
1477 70
1478 31
1479 45
1480 16
1481 35
1482 44
1483 13
1484 32
1485 35
1486 52
1487 89
1488 16
1489 11
1490 43
1491 14
1492 25
1493 1
1494 19
1495 19
1496 30
1497 11
1498 19
1499 17
1500 16
1501 14
1502 7
1503 14
1504 26
1505 24
1506 27
1507 12
1508 49
1509 25
1510 5
1511 26
1512 15
1513 14
1514 45
1515 6
1516 22
1517 18
1518 18
1519 6
1520 44
1521 15
1522 46
1523 63
1524 5
1525 17
1526 14
1527 25
1528 29
1529 29
1530 10
1531 14
1532 7
1533 19
1534 8
1535 84
1536 17
1537 54
1538 3
1539 49
1540 2
1541 7
1542 9
1543 11
1544 5
1545 7
1546 50
1547 7
1548 26
1549 19
1550 17
1551 22
1552 42
1553 9
1554 18
1555 21
1556 10
1557 9
1558 5
1559 22
1560 2
1561 8
1562 66
1563 33
1564 22
1565 15
1566 37
1567 6
1568 22
1569 22
1570 2
1571 10
1572 43
1573 0
1574 7
1575 13
1576 22
1577 31
1578 12
1579 13
1580 16
1581 24
1582 7
1583 13
1584 52
1585 12
1586 5
1587 23
1588 14
1589 12
1590 43
1591 1
1592 20
1593 13
1594 12
1595 77
1596 74
1597 39
