1 2
2 0
3 11
4 32
5 33
6 29
7 3
8 2
9 15
10 1
11 1
12 10
13 5
14 2
15 12
16 22
17 13
18 23
19 16
20 3
21 5
22 34
23 30
24 55
25 53
26 22
27 3
28 36
29 34
30 9
31 43
32 34
33 5
34 61
35 71
36 34
37 47
38 13
39 27
40 25
41 37
42 20
43 23
44 8
45 11
46 4
47 2
48 21
49 6
50 55
51 71
52 8
53 4
54 27
55 9
56 77
57 2
58 19
59 43
60 81
61 78
62 42
63 6
64 4
65 9
66 38
67 6
68 10
69 50
70 24
71 3
72 61
73 10
74 20
75 40
76 9
77 6
78 8
79 13
80 32
81 44
82 9
83 14
84 18
85 16
86 8
87 24
88 13
89 23
90 27
91 15
92 3
93 22
94 19
95 6
96 18
97 8
98 3
99 9
100 9
101 17
102 3
103 21
104 2
105 5
106 10
107 4
108 19
109 9
110 0
111 12
112 44
113 6
114 47
115 10
116 34
117 24
118 33
119 20
120 34
121 12
122 16
123 20
124 36
125 16
126 28
127 1
128 18
129 26
130 12
131 41
132 13
133 24
134 27
135 6
136 26
137 5
138 22
139 23
140 26
141 25
142 16
143 7
144 18
145 20
146 23
147 14
148 16
149 24
150 7
151 15
152 11
153 16
154 28
155 5
156 5
157 1
158 24
159 5
160 14
161 11
162 6
163 21
164 2
165 7
166 21
167 15
168 3
169 24
170 14
171 17
172 12
173 2
174 33
175 42
176 16
177 35
178 23
179 79
180 66
181 22
182 8
183 22
184 9
185 18
186 14
187 7
188 29
189 3
190 17
191 29
192 32
193 27
194 6
195 26
196 5
197 6
198 23
199 19
200 31
201 10
202 9
203 14
204 3
205 9
206 16
207 6
208 58
209 65
210 19
211 4
212 5
213 6
214 19
215 8
216 4
217 31
218 29
219 54
220 18
221 7
222 85
223 17
224 24
225 48
226 5
227 16
228 25
229 12
230 23
231 67
232 76
233 53
234 4
235 14
236 28
237 65
238 11
239 74
240 36
241 32
242 4
243 35
244 5
245 16
246 39
247 8
248 15
249 5
250 28
251 4
252 19
253 29
254 71
255 17
256 40
257 43
258 29
259 17
260 50
261 36
262 8
263 109
264 6
265 39
266 1
267 66
268 26
269 10
270 10
271 91
272 8
273 47
274 9
275 56
276 11
277 15
278 15
279 5
280 12
281 14
282 13
283 9
284 9
285 10
286 22
287 34
288 6
289 3
290 41
291 35
292 20
293 67
294 8
295 18
296 3
297 19
298 38
299 6
300 13
301 12
302 26
303 33
304 25
305 6
306 8
307 66
308 45
309 44
310 26
311 19
312 16
313 65
314 36
315 57
316 40
317 1
318 34
319 17
320 22
321 25
322 25
323 46
324 17
325 2
326 20
327 23
328 45
329 22
330 6
331 17
332 28
333 34
334 15
335 36
336 15
337 89
338 29
339 38
340 24
341 28
342 54
343 43
344 50
345 36
346 53
347 21
348 26
349 16
350 16
351 51
352 33
353 38
354 13
355 48
356 25
357 13
358 22
359 59
360 4
361 36
362 28
363 7
364 23
365 7
366 25
367 55
368 9
369 30
370 18
371 36
372 5
373 4
374 17
375 11
376 7
377 78
378 14
379 9
380 34
381 65
382 13
383 10
384 22
385 32
386 20
387 34
388 12
389 17
390 9
391 92
392 66
393 10
394 10
395 33
396 7
397 32
398 15
399 2
400 15
401 28
402 17
403 16
404 11
405 14
406 11
407 6
408 13
409 6
410 11
411 21
412 10
413 13
414 22
415 38
416 40
417 11
418 77
419 28
420 34
421 62
422 33
423 5
424 12
425 17
426 5
427 24
428 18
429 7
430 30
431 9
432 36
433 34
434 11
435 4
436 30
437 26
438 8
439 19
440 85
441 14
442 16
443 21
444 6
445 4
446 21
447 11
448 22
449 12
450 13
451 9
452 33
453 22
454 87
455 16
456 24
457 16
458 13
459 37
460 9
461 14
462 21
463 39
464 18
465 12
466 48
467 33
468 22
469 11
470 83
471 48
472 20
473 32
474 7
475 24
476 42
477 27
478 19
479 15
480 12
481 8
482 19
483 10
484 2
485 4
486 7
487 11
488 5
489 9
490 11
491 19
492 9
493 18
494 10
495 7
496 25
497 23
498 34
499 13
500 9
501 10
502 12
503 36
504 12
505 24
506 9
507 14
508 12
509 12
510 23
511 4
512 11
513 17
514 30
515 16
516 10
517 8
518 12
519 7
520 8
521 29
522 36
523 65
524 3
525 7
526 3
527 4
528 1
529 5
530 47
531 8
532 6
533 13
534 18
535 8
536 52
537 17
538 25
539 62
540 37
541 6
542 10
543 18
544 30
545 22
546 3
547 11
548 7
549 33
550 62
551 13
552 41
553 23
554 11
555 7
556 21
557 12
558 31
559 41
560 11
561 26
562 22
563 5
564 10
565 4
566 5
567 3
568 15
569 2
570 1
571 18
572 10
573 62
574 26
575 22
576 9
577 9
578 13
579 26
580 23
581 23
582 9
583 14
584 4
585 9
586 7
587 1
588 11
589 3
590 11
591 19
592 21
593 10
594 12
595 73
596 62
597 23
598 15
599 7
600 16
601 7
602 5
603 20
604 18
605 111
606 11
607 45
608 21
609 11
610 15
611 88
612 8
613 9
614 20
615 56
616 22
617 18
618 13
619 16
620 8
621 22
622 15
623 13
624 14
625 6
626 53
627 60
628 38
629 14
630 41
631 37
632 35
633 29
634 59
635 7
636 5
637 48
638 73
639 10
640 9
641 14
642 24
643 43
644 2
645 36
646 28
647 42
648 45
649 28
650 5
651 65
652 16
653 11
654 25
655 39
656 16
657 3
658 21
659 17
660 14
661 14
662 10
663 8
664 9
665 21
666 29
667 58
668 31
669 59
670 25
671 29
672 21
673 48
674 27
675 12
676 38
677 16
678 14
679 39
680 28
681 28
682 21
683 29
684 23
685 2
686 25
687 18
688 19
689 48
690 6
691 11
692 56
693 6
694 50
695 13
696 42
697 21
698 16
699 17
700 8
701 5
702 13
703 18
704 54
705 11
706 55
707 9
708 22
709 22
710 11
711 53
712 4
713 12
714 13
715 41
716 72
717 25
718 23
719 18
720 14
721 4
722 10
723 25
724 15
725 19
726 21
727 13
728 10
729 17
730 30
731 12
732 10
733 30
734 32
735 6
736 6
737 16
738 29
739 25
740 10
741 9
742 30
743 22
744 31
745 21
746 10
747 14
748 14
749 18
750 53
751 37
752 16
753 24
754 48
755 24
756 44
757 12
758 20
759 11
760 9
761 46
762 16
763 38
764 13
765 15
766 18
767 6
768 58
769 11
770 3
771 6
772 6
773 26
774 8
775 51
776 23
777 30
778 69
779 48
780 1
781 4
782 6
783 6
784 51
785 4
786 12
787 20
788 97
789 10
790 8
791 9
792 7
793 16
794 0
795 16
796 28
797 22
798 13
799 4
800 2
801 5
802 64
803 38
804 23
805 6
806 14
807 3
808 10
809 20
810 17
811 8
812 14
813 14
814 18
815 51
816 8
817 53
818 10
819 27
820 101
821 8
822 21
823 9
824 19
825 37
826 8
827 18
828 12
829 17
830 75
831 14
832 15
833 14
834 7
835 19
836 23
837 17
838 14
839 12
840 4
841 4
842 7
843 17
844 27
845 11
846 28
847 50
848 22
849 25
850 15
851 14
852 2
853 5
854 17
855 16
856 20
857 15
858 9
859 8
860 12
861 52
862 10
863 26
864 6
865 23
866 5
867 75
868 20
869 13
870 35
871 28
872 22
873 6
874 24
875 5
876 3
877 9
878 104
879 35
880 5
881 35
882 6
883 9
884 7
885 4
886 11
887 11
888 13
889 5
890 12
891 27
892 3
893 19
894 10
895 16
896 4
897 15
898 43
899 11
900 27
901 8
902 10
903 9
904 5
905 3
906 5
907 12
908 20
909 0
910 13
911 6
912 19
913 10
914 32
915 14
916 11
917 11
918 12
919 12
920 9
921 16
922 13
923 16
924 9
925 24
926 14
927 2
928 18
929 3
930 12
931 8
932 6
933 6
934 10
935 11
936 32
937 4
938 43
939 2
940 4
941 15
942 24
943 14
944 10
945 7
946 12
947 11
948 12
949 11
950 9
951 10
952 19
953 9
954 22
955 18
956 52
957 75
958 24
959 45
960 21
961 9
962 16
963 11
964 20
965 10
966 26
967 5
968 6
969 7
970 27
971 23
972 13
973 28
974 59
975 10
976 27
977 28
978 10
979 6
980 7
981 10
982 4
983 14
984 6
985 48
986 32
987 3
988 37
989 3
990 27
991 39
992 18
993 24
994 30
995 40
996 39
997 48
998 71
999 34
1000 15
1001 14
1002 60
1003 5
1004 78
1005 20
1006 31
1007 16
1008 79
1009 46
1010 4
1011 1
1012 48
1013 15
1014 51
1015 36
1016 35
1017 55
1018 3
1019 24
1020 12
1021 60
1022 8
1023 4
1024 3
1025 7
1026 10
1027 14
1028 7
1029 22
1030 6
1031 20
1032 57
1033 14
1034 15
1035 29
1036 12
1037 8
1038 18
1039 23
1040 3
1041 9
1042 21
1043 4
1044 7
1045 38
1046 34
1047 10
1048 20
1049 0
1050 3
1051 37
1052 21
1053 7
1054 53
1055 5
1056 12
1057 1
1058 79
1059 17
1060 10
1061 22
1062 5
1063 9
1064 46
1065 5
1066 28
1067 5
1068 34
1069 12
1070 4
1071 23
1072 2
1073 7
1074 11
1075 31
1076 38
1077 8
1078 14
1079 6
1080 9
1081 25
1082 45
1083 20
1084 108
1085 0
1086 3
1087 27
1088 14
1089 4
1090 19
1091 21
1092 6
1093 14
1094 33
1095 4
1096 26
1097 16
1098 48
1099 54
1100 4
1101 11
1102 10
1103 60
1104 37
1105 51
1106 42
1107 79
1108 14
1109 16
1110 9
1111 26
1112 12
1113 14
1114 8
1115 9
1116 2
1117 24
1118 3
1119 5
1120 23
1121 12
1122 2
1123 8
1124 10
1125 9
1126 25
1127 4
1128 7
1129 7
1130 23
1131 70
1132 1
1133 6
1134 4
1135 5
1136 1
1137 13
1138 7
1139 3
1140 7
1141 5
1142 10
1143 2
1144 5
1145 1
1146 22
1147 16
1148 6
1149 10
1150 18
1151 5
1152 30
1153 4
1154 14
1155 16
1156 23
1157 5
1158 11
1159 46
1160 3
1161 31
1162 8
1163 6
1164 4
1165 1
1166 11
1167 3
1168 1
1169 3
1170 12
1171 2
1172 2
1173 0
1174 4
1175 10
1176 5
1177 25
1178 11
1179 11
1180 8
1181 11
1182 10
1183 19
1184 35
1185 8
1186 26
1187 12
1188 4
1189 59
1190 47
1191 37
1192 48
1193 77
1194 11
1195 5
1196 10
1197 18
1198 5
1199 12
1200 24
1201 43
1202 18
1203 4
1204 35
1205 5
1206 2
1207 18
1208 54
1209 9
1210 8
1211 12
1212 5
1213 2
1214 11
1215 17
1216 56
1217 40
1218 28
1219 70
1220 3
1221 26
1222 18
1223 61
1224 52
1225 8
1226 6
1227 2
1228 11
1229 7
1230 27
1231 74
1232 4
1233 95
1234 12
1235 6
1236 10
1237 10
1238 41
1239 53
1240 10
1241 18
1242 10
1243 16
1244 33
1245 4
1246 7
1247 85
1248 16
1249 2
1250 11
1251 11
1252 3
1253 6
1254 5
1255 26
1256 7
1257 40
1258 86
1259 21
1260 26
1261 19
1262 40
1263 28
1264 36
1265 76
1266 16
1267 65
1268 17
1269 3
1270 5
1271 11
1272 29
1273 31
1274 22
1275 24
1276 10
1277 10
1278 20
1279 5
1280 7
1281 22
1282 16
1283 36
1284 17
1285 7
1286 32
1287 2
1288 37
1289 48
1290 23
1291 11
1292 44
1293 33
1294 13
1295 59
1296 20
1297 67
1298 44
1299 12
1300 59
1301 3
1302 31
1303 43
1304 2
1305 10
1306 6
1307 64
1308 34
1309 44
1310 42
1311 49
1312 37
1313 33
1314 44
1315 40
1316 6
1317 5
1318 50
1319 8
1320 23
1321 20
1322 27
1323 38
1324 11
1325 29
1326 27
1327 12
1328 25
1329 2
1330 21
1331 3
1332 5
1333 68
1334 31
1335 25
1336 26
1337 29
1338 11
1339 17
1340 14
1341 6
1342 35
1343 14
1344 31
1345 20
1346 33
1347 10
1348 3
1349 35
1350 49
1351 17
1352 36
1353 82
1354 5
1355 18
1356 23
1357 61
1358 10
1359 37
1360 26
1361 6
1362 8
1363 37
1364 84
1365 14
1366 12
1367 14
1368 45
1369 28
1370 89
1371 88
1372 44
1373 23
1374 41
1375 13
1376 37
1377 12
1378 13
1379 40
1380 32
1381 47
1382 14
1383 20
1384 9
1385 4
1386 22
1387 20
1388 22
1389 5
1390 35
1391 10
1392 4
1393 9
1394 36
1395 32
1396 41
1397 25
1398 8
1399 6
1400 18
1401 13
1402 12
1403 13
1404 57
1405 25
1406 3
1407 17
1408 6
1409 24
1410 35
1411 9
1412 38
1413 14
1414 14
1415 11
1416 4
1417 2
1418 14
1419 4
1420 11
1421 7
1422 44
1423 27
1424 6
1425 19
1426 6
1427 11
1428 11
1429 17
1430 15
1431 12
1432 12
1433 8
1434 7
1435 12
1436 67
1437 12
1438 3
1439 7
1440 9
1441 5
1442 6
1443 27
1444 5
1445 16
1446 22
1447 28
1448 28
1449 31
1450 37
1451 14
1452 56
1453 23
1454 29
1455 12
1456 3
1457 5
1458 10
1459 34
1460 17
1461 8
1462 13
1463 16
1464 13
1465 61
1466 83
1467 36
1468 35
1469 25
1470 43
1471 33
1472 26
1473 13
1474 32
1475 50
1476 58
1477 25
1478 11
1479 43
1480 14
1481 21
1482 24
1483 10
1484 15
1485 4
1486 42
1487 34
1488 11
1489 7
1490 98
1491 11
1492 18
1493 2
1494 7
1495 15
1496 28
1497 14
1498 12
1499 12
1500 8
1501 14
1502 11
1503 10
1504 10
1505 9
1506 5
1507 13
1508 58
1509 9
1510 14
1511 35
1512 6
1513 14
1514 17
1515 8
1516 21
1517 9
1518 34
1519 8
1520 20
1521 17
1522 48
1523 49
1524 4
1525 14
1526 14
1527 11
1528 35
1529 27
1530 15
1531 5
1532 17
1533 5
1534 2
1535 71
1536 41
1537 52
1538 6
1539 12
1540 4
1541 1
1542 8
1543 7
1544 10
1545 12
1546 13
1547 8
1548 7
1549 10
1550 4
1551 36
1552 10
1553 7
1554 23
1555 14
1556 6
1557 10
1558 8
1559 2
1560 4
1561 11
1562 54
1563 10
1564 5
1565 12
1566 34
1567 7
1568 5
1569 13
1570 4
1571 14
1572 39
1573 4
1574 8
1575 12
1576 24
1577 6
1578 11
1579 26
1580 6
1581 12
1582 9
1583 17
1584 33
1585 8
1586 0
1587 10
1588 21
1589 17
1590 27
1591 2
1592 18
1593 11
1594 17
1595 21
1596 75
1597 3
