1 0
2 0
3 12
4 8
5 5
6 35
7 0
8 1
9 3
10 0
11 0
12 3
13 0
14 0
15 5
16 19
17 22
18 19
19 0
20 2
21 1
22 5
23 6
24 5
25 13
26 1
27 4
28 3
29 3
30 3
31 5
32 4
33 2
34 1
35 1
36 1
37 11
38 23
39 8
40 5
41 1
42 0
43 9
44 4
45 5
46 0
47 0
48 1
49 33
50 16
51 9
52 0
53 96
54 12
55 0
56 6
57 7
58 16
59 7
60 6
61 9
62 42
63 32
64 0
65 0
66 4
67 0
68 3
69 3
70 1
71 0
72 15
73 25
74 5
75 18
76 11
77 2
78 2
79 4
80 3
81 4
82 1
83 0
84 3
85 12
86 26
87 41
88 0
89 26
90 5
91 8
92 6
93 21
94 25
95 11
96 2
97 1
98 10
99 7
100 1
101 3
102 5
103 12
104 5
105 0
106 5
107 1
108 6
109 1
110 0
111 4
112 27
113 2
114 8
115 5
116 6
117 3
118 3
119 4
120 12
121 8
122 1
123 12
124 25
125 1
126 2
127 23
128 5
129 4
130 5
131 2
132 12
133 8
134 10
135 5
136 3
137 1
138 4
139 1
140 6
141 18
142 1
143 0
144 0
145 1
146 14
147 7
148 6
149 1
150 2
151 18
152 0
153 0
154 3
155 1
156 0
157 3
158 10
159 1
160 3
161 1
162 4
163 6
164 8
165 1
166 16
167 7
168 6
169 7
170 6
171 0
172 1
173 3
174 6
175 4
176 0
177 13
178 5
179 11
180 5
181 10
182 1
183 7
184 0
185 0
186 4
187 3
188 10
189 10
190 0
191 6
192 1
193 6
194 0
195 12
196 5
197 8
198 2
199 3
200 4
201 1
202 0
203 3
204 1
205 12
206 4
207 24
208 2
209 8
210 1
211 3
212 2
213 0
214 1
215 12
216 5
217 2
218 4
219 27
220 3
221 2
222 22
223 9
224 1
225 29
226 0
227 0
228 3
229 2
230 17
231 7
232 2
233 10
234 6
235 4
236 1
237 22
238 15
239 18
240 1
241 1
242 0
243 10
244 3
245 2
246 6
247 2
248 17
249 2
250 1
251 9
252 6
253 29
254 10
255 5
256 5
257 17
258 4
259 8
260 9
261 7
262 0
263 9
264 9
265 7
266 13
267 11
268 1
269 1
270 0
271 4
272 18
273 5
274 2
275 2
276 0
277 6
278 3
279 1
280 2
281 5
282 11
283 3
284 0
285 13
286 3
287 1
288 0
289 0
290 3
291 34
292 2
293 6
294 4
295 9
296 11
297 7
298 2
299 13
300 0
301 0
302 6
303 1
304 16
305 15
306 0
307 11
308 8
309 3
310 1
311 7
312 1
313 6
314 10
315 7
316 2
317 0
318 20
319 10
320 17
321 2
322 3
323 24
324 6
325 5
326 24
327 3
328 9
329 0
330 5
331 0
332 5
333 15
334 7
335 8
336 4
337 31
338 10
339 7
340 6
341 0
342 11
343 14
344 12
345 15
346 11
347 2
348 1
349 3
350 5
351 5
352 16
353 7
354 6
355 6
356 6
357 0
358 1
359 4
360 1
361 15
362 0
363 3
364 2
365 2
366 1
367 5
368 0
369 10
370 4
371 6
372 2
373 4
374 1
375 5
376 0
377 12
378 3
379 14
380 2
381 1
382 11
383 5
384 5
385 7
386 1
387 5
388 3
389 2
390 13
391 25
392 6
393 0
394 1
395 5
396 10
397 6
398 5
399 4
400 10
401 11
402 18
403 0
404 18
405 0
406 2
407 1
408 3
409 1
410 5
411 22
412 3
413 4
414 10
415 3
416 4
417 24
418 9
419 33
420 6
421 17
422 11
423 6
424 8
425 5
426 3
427 1
428 1
429 0
430 7
431 7
432 5
433 4
434 0
435 9
436 5
437 0
438 18
439 16
440 4
441 0
442 1
443 3
444 3
445 0
446 8
447 1
448 3
449 1
450 0
451 4
452 6
453 5
454 16
455 8
456 13
457 4
458 29
459 11
460 0
461 17
462 6
463 5
464 46
465 1
466 6
467 1
468 0
469 9
470 10
471 0
472 4
473 4
474 19
475 14
476 19
477 4
478 3
479 0
480 2
481 1
482 2
483 0
484 0
485 0
486 1
487 0
488 9
489 10
490 2
491 5
492 2
493 2
494 1
495 0
496 11
497 13
498 4
499 1
500 1
501 1
502 0
503 12
504 0
505 4
506 3
507 2
508 7
509 6
510 0
511 1
512 0
513 5
514 3
515 18
516 17
517 4
518 2
519 1
520 2
521 3
522 4
523 6
524 0
525 3
526 0
527 1
528 0
529 0
530 33
531 2
532 13
533 24
534 3
535 4
536 5
537 7
538 15
539 32
540 11
541 0
542 19
543 5
544 4
545 5
546 0
547 8
548 7
549 11
550 39
551 6
552 23
553 3
554 5
555 4
556 13
557 6
558 21
559 10
560 7
561 18
562 9
563 11
564 0
565 0
566 0
567 3
568 16
569 33
570 12
571 11
572 13
573 39
574 11
575 7
576 4
577 2
578 17
579 14
580 9
581 18
582 14
583 2
584 6
585 0
586 10
587 8
588 4
589 2
590 4
591 4
592 2
593 8
594 3
595 9
596 4
597 6
598 4
599 1
600 5
601 2
602 4
603 2
604 16
605 20
606 9
607 12
608 0
609 1
610 12
611 6
612 2
613 0
614 8
615 7
616 5
617 5
618 0
619 1
620 0
621 9
622 0
623 7
624 6
625 1
626 16
627 11
628 8
629 5
630 13
631 3
632 0
633 1
634 2
635 6
636 2
637 14
638 2
639 11
640 7
641 1
642 2
643 21
644 0
645 4
646 1
647 6
648 2
649 0
650 6
651 5
652 7
653 3
654 0
655 0
656 2
657 0
658 6
659 5
660 13
661 11
662 4
663 4
664 2
665 4
666 0
667 2
668 21
669 6
670 2
671 5
672 1
673 5
674 9
675 2
676 5
677 0
678 7
679 7
680 0
681 1
682 52
683 6
684 9
685 4
686 2
687 7
688 2
689 2
690 4
691 1
692 4
693 1
694 5
695 1
696 7
697 5
698 17
699 3
700 1
701 9
702 2
703 4
704 2
705 7
706 5
707 1
708 0
709 1
710 5
711 14
712 3
713 0
714 16
715 14
716 2
717 17
718 0
719 5
720 4
721 0
722 0
723 5
724 0
725 12
726 4
727 3
728 0
729 5
730 7
731 0
732 0
733 22
734 13
735 1
736 2
737 12
738 7
739 2
740 15
741 2
742 3
743 1
744 7
745 0
746 1
747 4
748 6
749 15
750 11
751 3
752 31
753 4
754 4
755 5
756 1
757 5
758 5
759 1
760 5
761 3
762 0
763 11
764 16
765 4
766 14
767 0
768 16
769 0
770 0
771 9
772 0
773 5
774 9
775 10
776 2
777 11
778 4
779 10
780 0
781 0
782 4
783 17
784 6
785 1
786 10
787 4
788 6
789 2
790 11
791 1
792 1
793 10
794 5
795 0
796 5
797 8
798 9
799 3
800 1
801 1
802 5
803 1
804 4
805 0
806 0
807 0
808 8
809 1
810 14
811 8
812 9
813 0
814 8
815 5
816 28
817 6
818 6
819 0
820 8
821 4
822 9
823 1
824 0
825 19
826 9
827 4
828 5
829 7
830 8
831 30
832 2
833 12
834 5
835 25
836 11
837 2
838 3
839 5
840 0
841 8
842 11
843 4
844 7
845 2
846 10
847 6
848 27
849 11
850 11
851 3
852 1
853 0
854 5
855 1
856 7
857 2
858 2
859 2
860 2
861 15
862 6
863 11
864 8
865 10
866 0
867 5
868 1
869 6
870 6
871 18
872 0
873 0
874 19
875 0
876 1
877 0
878 8
879 6
880 2
881 3
882 15
883 3
884 25
885 3
886 4
887 11
888 2
889 1
890 6
891 3
892 0
893 11
894 10
895 10
896 1
897 9
898 8
899 7
900 20
901 4
902 0
903 8
904 8
905 2
906 2
907 5
908 6
909 0
910 28
911 0
912 7
913 3
914 5
915 7
916 2
917 8
918 0
919 4
920 0
921 5
922 4
923 5
924 3
925 17
926 4
927 12
928 3
929 7
930 9
931 7
932 2
933 0
934 2
935 5
936 10
937 0
938 19
939 5
940 0
941 5
942 6
943 1
944 7
945 1
946 0
947 1
948 1
949 20
950 8
951 0
952 13
953 0
954 1
955 0
956 11
957 7
958 4
959 7
960 12
961 1
962 6
963 3
964 2
965 10
966 20
967 2
968 12
969 2
970 2
971 0
972 1
973 4
974 9
975 11
976 1
977 4
978 25
979 6
980 1
981 6
982 6
983 0
984 5
985 2
986 0
987 5
988 10
989 0
990 33
991 24
992 3
993 3
994 11
995 3
996 1
997 8
998 10
999 2
1000 1
1001 15
1002 8
1003 15
1004 9
1005 12
1006 7
1007 10
1008 13
1009 1
1010 26
1011 0
1012 14
1013 12
1014 18
1015 23
1016 2
1017 4
1018 2
1019 3
1020 1
1021 4
1022 0
1023 2
1024 9
1025 0
1026 0
1027 3
1028 3
1029 4
1030 2
1031 2
1032 14
1033 2
1034 5
1035 4
1036 2
1037 5
1038 0
1039 8
1040 0
1041 1
1042 3
1043 2
1044 6
1045 6
1046 8
1047 0
1048 3
1049 0
1050 0
1051 5
1052 6
1053 5
1054 0
1055 4
1056 1
1057 4
1058 1
1059 2
1060 0
1061 5
1062 0
1063 22
1064 1
1065 0
1066 0
1067 4
1068 14
1069 6
1070 1
1071 2
1072 0
1073 0
1074 0
1075 1
1076 12
1077 0
1078 1
1079 0
1080 1
1081 3
1082 9
1083 5
1084 15
1085 2
1086 0
1087 1
1088 9
1089 0
1090 13
1091 3
1092 0
1093 6
1094 4
1095 10
1096 2
1097 2
1098 7
1099 4
1100 4
1101 4
1102 11
1103 17
1104 7
1105 4
1106 8
1107 10
1108 13
1109 0
1110 1
1111 14
1112 0
1113 0
1114 0
1115 1
1116 0
1117 2
1118 0
1119 0
1120 3
1121 3
1122 1
1123 0
1124 5
1125 0
1126 17
1127 2
1128 2
1129 5
1130 13
1131 30
1132 1
1133 13
1134 5
1135 6
1136 0
1137 0
1138 1
1139 3
1140 2
1141 0
1142 1
1143 0
1144 3
1145 0
1146 11
1147 14
1148 1
1149 1
1150 2
1151 0
1152 22
1153 1
1154 2
1155 9
1156 11
1157 0
1158 7
1159 1
1160 0
1161 6
1162 0
1163 1
1164 1
1165 2
1166 1
1167 1
1168 5
1169 1
1170 4
1171 7
1172 13
1173 2
1174 12
1175 2
1176 2
1177 34
1178 17
1179 11
1180 13
1181 3
1182 3
1183 9
1184 2
1185 0
1186 1
1187 11
1188 4
1189 12
1190 22
1191 17
1192 21
1193 12
1194 1
1195 0
1196 4
1197 13
1198 15
1199 3
1200 11
1201 2
1202 12
1203 3
1204 17
1205 2
1206 1
1207 1
1208 33
1209 9
1210 0
1211 3
1212 5
1213 4
1214 7
1215 5
1216 16
1217 10
1218 1
1219 12
1220 16
1221 9
1222 17
1223 14
1224 23
1225 6
1226 0
1227 0
1228 13
1229 3
1230 1
1231 5
1232 5
1233 12
1234 0
1235 0
1236 4
1237 10
1238 8
1239 4
1240 2
1241 2
1242 15
1243 34
1244 14
1245 2
1246 8
1247 23
1248 6
1249 13
1250 13
1251 0
1252 11
1253 4
1254 5
1255 4
1256 38
1257 4
1258 8
1259 0
1260 2
1261 28
1262 3
1263 6
1264 13
1265 15
1266 2
1267 13
1268 6
1269 0
1270 3
1271 1
1272 6
1273 6
1274 5
1275 5
1276 1
1277 8
1278 26
1279 6
1280 1
1281 14
1282 0
1283 8
1284 4
1285 6
1286 2
1287 0
1288 4
1289 4
1290 0
1291 18
1292 2
1293 1
1294 3
1295 9
1296 4
1297 22
1298 6
1299 0
1300 23
1301 2
1302 2
1303 23
1304 5
1305 10
1306 1
1307 6
1308 1
1309 3
1310 0
1311 7
1312 31
1313 0
1314 3
1315 1
1316 4
1317 2
1318 2
1319 24
1320 7
1321 7
1322 0
1323 5
1324 0
1325 4
1326 4
1327 3
1328 5
1329 4
1330 4
1331 0
1332 1
1333 0
1334 14
1335 14
1336 3
1337 1
1338 3
1339 9
1340 1
1341 0
1342 1
1343 0
1344 10
1345 3
1346 2
1347 3
1348 3
1349 8
1350 1
1351 1
1352 1
1353 3
1354 0
1355 5
1356 1
1357 5
1358 1
1359 4
1360 14
1361 0
1362 2
1363 6
1364 1
1365 2
1366 0
1367 20
1368 3
1369 13
1370 4
1371 0
1372 4
1373 0
1374 2
1375 0
1376 25
1377 6
1378 12
1379 4
1380 5
1381 24
1382 2
1383 4
1384 29
1385 4
1386 3
1387 16
1388 13
1389 0
1390 5
1391 0
1392 2
1393 0
1394 3
1395 8
1396 8
1397 2
1398 2
1399 4
1400 5
1401 2
1402 10
1403 2
1404 6
1405 6
1406 2
1407 7
1408 0
1409 17
1410 10
1411 4
1412 2
1413 32
1414 8
1415 9
1416 0
1417 0
1418 21
1419 1
1420 3
1421 1
1422 21
1423 1
1424 0
1425 27
1426 4
1427 0
1428 26
1429 4
1430 1
1431 15
1432 9
1433 0
1434 7
1435 6
1436 16
1437 3
1438 8
1439 2
1440 7
1441 1
1442 3
1443 5
1444 4
1445 3
1446 0
1447 6
1448 6
1449 5
1450 16
1451 1
1452 6
1453 0
1454 5
1455 2
1456 3
1457 4
1458 7
1459 1
1460 25
1461 4
1462 0
1463 12
1464 6
1465 17
1466 14
1467 5
1468 6
1469 12
1470 9
1471 11
1472 11
1473 10
1474 4
1475 23
1476 18
1477 1
1478 0
1479 3
1480 0
1481 3
1482 4
1483 22
1484 3
1485 3
1486 24
1487 12
1488 0
1489 0
1490 7
1491 2
1492 4
1493 0
1494 0
1495 24
1496 4
1497 7
1498 4
1499 0
1500 1
1501 4
1502 0
1503 0
1504 6
1505 2
1506 0
1507 8
1508 3
1509 1
1510 3
1511 17
1512 4
1513 4
1514 4
1515 1
1516 6
1517 3
1518 4
1519 1
1520 3
1521 4
1522 9
1523 10
1524 0
1525 2
1526 7
1527 11
1528 24
1529 7
1530 23
1531 8
1532 3
1533 5
1534 0
1535 36
1536 6
1537 17
1538 8
1539 4
1540 1
1541 0
1542 3
1543 1
1544 1
1545 6
1546 8
1547 1
1548 9
1549 1
1550 0
1551 3
1552 4
1553 4
1554 6
1555 1
1556 2
1557 7
1558 0
1559 0
1560 0
1561 9
1562 7
1563 1
1564 1
1565 1
1566 1
1567 0
1568 6
1569 7
1570 0
1571 24
1572 9
1573 1
1574 6
1575 3
1576 2
1577 16
1578 13
1579 1
1580 4
1581 17
1582 1
1583 16
1584 11
1585 2
1586 0
1587 4
1588 14
1589 3
1590 31
1591 0
1592 7
1593 3
1594 5
1595 9
1596 20
1597 0
