1 0
2 0
3 10
4 6
5 15
6 13
7 6
8 7
9 29
10 0
11 0
12 4
13 18
14 6
15 0
16 4
17 9
18 11
19 5
20 2
21 10
22 1
23 0
24 46
25 16
26 30
27 12
28 0
29 2
30 3
31 3
32 11
33 0
34 8
35 36
36 5
37 35
38 5
39 21
40 20
41 3
42 3
43 6
44 13
45 1
46 0
47 2
48 14
49 7
50 12
51 16
52 3
53 3
54 2
55 0
56 9
57 0
58 13
59 9
60 4
61 50
62 13
63 2
64 3
65 30
66 6
67 3
68 0
69 3
70 6
71 1
72 4
73 4
74 5
75 20
76 24
77 17
78 3
79 24
80 22
81 21
82 16
83 6
84 3
85 14
86 21
87 17
88 6
89 26
90 34
91 8
92 2
93 16
94 29
95 14
96 10
97 1
98 0
99 47
100 18
101 21
102 11
103 14
104 4
105 3
106 7
107 8
108 6
109 22
110 0
111 1
112 70
113 5
114 5
115 1
116 7
117 14
118 20
119 1
120 45
121 4
122 11
123 6
124 27
125 2
126 5
127 4
128 23
129 4
130 1
131 11
132 5
133 5
134 12
135 26
136 6
137 2
138 3
139 0
140 5
141 6
142 0
143 2
144 16
145 9
146 7
147 9
148 14
149 3
150 0
151 2
152 5
153 4
154 15
155 1
156 2
157 0
158 9
159 4
160 0
161 0
162 2
163 8
164 0
165 1
166 29
167 4
168 5
169 17
170 10
171 0
172 1
173 9
174 11
175 8
176 10
177 14
178 4
179 7
180 47
181 7
182 29
183 4
184 0
185 0
186 10
187 14
188 13
189 0
190 0
191 39
192 2
193 6
194 5
195 5
196 1
197 2
198 8
199 0
200 7
201 0
202 13
203 0
204 0
205 3
206 33
207 2
208 7
209 31
210 9
211 1
212 1
213 1
214 11
215 4
216 4
217 2
218 9
219 9
220 18
221 3
222 15
223 3
224 2
225 20
226 2
227 1
228 0
229 0
230 7
231 16
232 4
233 17
234 0
235 2
236 4
237 12
238 8
239 3
240 29
241 4
242 0
243 2
244 0
245 3
246 68
247 7
248 8
249 3
250 13
251 8
252 0
253 2
254 12
255 1
256 8
257 31
258 5
259 11
260 18
261 3
262 1
263 7
264 0
265 0
266 2
267 4
268 0
269 1
270 3
271 22
272 2
273 1
274 0
275 4
276 0
277 0
278 1
279 2
280 3
281 12
282 2
283 5
284 2
285 6
286 9
287 12
288 1
289 0
290 6
291 37
292 1
293 22
294 0
295 2
296 7
297 0
298 6
299 6
300 5
301 0
302 22
303 16
304 8
305 3
306 0
307 19
308 9
309 21
310 0
311 22
312 3
313 3
314 44
315 15
316 7
317 0
318 6
319 0
320 11
321 14
322 0
323 7
324 5
325 5
326 0
327 0
328 14
329 0
330 3
331 10
332 8
333 7
334 14
335 13
336 2
337 4
338 2
339 12
340 2
341 6
342 20
343 16
344 14
345 5
346 38
347 7
348 5
349 7
350 1
351 11
352 2
353 16
354 1
355 31
356 17
357 6
358 7
359 4
360 9
361 10
362 2
363 0
364 9
365 17
366 7
367 22
368 4
369 6
370 2
371 29
372 2
373 0
374 0
375 0
376 0
377 4
378 3
379 19
380 0
381 11
382 3
383 3
384 14
385 27
386 11
387 14
388 3
389 18
390 4
391 18
392 15
393 10
394 3
395 13
396 13
397 16
398 42
399 0
400 38
401 11
402 5
403 4
404 22
405 0
406 9
407 4
408 5
409 0
410 0
411 4
412 2
413 8
414 2
415 6
416 22
417 1
418 17
419 10
420 11
421 12
422 3
423 0
424 1
425 16
426 6
427 15
428 11
429 0
430 3
431 7
432 13
433 18
434 0
435 3
436 2
437 0
438 11
439 20
440 11
441 3
442 1
443 6
444 6
445 0
446 13
447 5
448 16
449 6
450 4
451 10
452 5
453 21
454 10
455 12
456 14
457 7
458 6
459 14
460 16
461 8
462 8
463 10
464 18
465 8
466 6
467 2
468 7
469 2
470 27
471 18
472 21
473 11
474 0
475 4
476 15
477 43
478 15
479 1
480 3
481 16
482 1
483 26
484 1
485 0
486 4
487 7
488 10
489 0
490 9
491 18
492 1
493 6
494 6
495 5
496 9
497 5
498 20
499 10
500 1
501 6
502 5
503 3
504 2
505 1
506 5
507 12
508 15
509 9
510 2
511 6
512 2
513 9
514 2
515 4
516 3
517 5
518 6
519 12
520 11
521 1
522 10
523 20
524 1
525 3
526 1
527 10
528 5
529 6
530 15
531 7
532 3
533 21
534 0
535 18
536 6
537 3
538 7
539 27
540 24
541 13
542 1
543 17
544 11
545 6
546 14
547 37
548 10
549 21
550 12
551 5
552 13
553 12
554 22
555 9
556 11
557 8
558 32
559 55
560 32
561 79
562 72
563 7
564 3
565 1
566 6
567 0
568 3
569 7
570 8
571 6
572 25
573 83
574 29
575 13
576 3
577 3
578 3
579 30
580 25
581 7
582 6
583 0
584 15
585 3
586 5
587 0
588 0
589 2
590 14
591 28
592 35
593 0
594 7
595 22
596 36
597 20
598 9
599 8
600 1
601 5
602 8
603 6
604 3
605 14
606 0
607 16
608 20
609 2
610 7
611 9
612 0
613 0
614 3
615 22
616 12
617 1
618 0
619 9
620 0
621 3
622 19
623 9
624 20
625 0
626 1
627 11
628 20
629 4
630 52
631 23
632 5
633 3
634 13
635 6
636 0
637 8
638 6
639 0
640 0
641 25
642 10
643 10
644 0
645 3
646 2
647 7
648 2
649 1
650 9
651 5
652 3
653 0
654 9
655 5
656 0
657 5
658 15
659 10
660 1
661 7
662 24
663 5
664 35
665 6
666 0
667 16
668 15
669 17
670 12
671 7
672 9
673 6
674 8
675 5
676 5
677 4
678 3
679 3
680 2
681 5
682 18
683 7
684 5
685 0
686 22
687 7
688 5
689 4
690 7
691 0
692 4
693 4
694 3
695 1
696 16
697 12
698 8
699 0
700 0
701 17
702 13
703 10
704 16
705 3
706 11
707 8
708 5
709 1
710 12
711 29
712 0
713 2
714 1
715 19
716 19
717 7
718 4
719 5
720 25
721 0
722 7
723 33
724 5
725 15
726 8
727 18
728 0
729 3
730 11
731 0
732 2
733 7
734 20
735 3
736 0
737 4
738 0
739 1
740 3
741 0
742 6
743 2
744 10
745 0
746 1
747 5
748 6
749 2
750 10
751 12
752 3
753 0
754 8
755 10
756 6
757 3
758 29
759 12
760 1
761 17
762 3
763 47
764 5
765 4
766 18
767 4
768 12
769 14
770 0
771 2
772 0
773 4
774 1
775 23
776 0
777 12
778 0
779 14
780 5
781 0
782 8
783 7
784 23
785 3
786 2
787 8
788 18
789 4
790 2
791 4
792 1
793 7
794 1
795 1
796 22
797 12
798 10
799 7
800 10
801 2
802 22
803 10
804 5
805 4
806 0
807 0
808 0
809 4
810 3
811 17
812 4
813 3
814 3
815 27
816 1
817 15
818 24
819 19
820 15
821 0
822 18
823 0
824 5
825 17
826 17
827 0
828 10
829 0
830 40
831 4
832 9
833 1
834 8
835 2
836 8
837 13
838 11
839 0
840 0
841 2
842 0
843 5
844 7
845 3
846 1
847 24
848 23
849 14
850 2
851 3
852 0
853 2
854 6
855 1
856 23
857 1
858 6
859 0
860 0
861 11
862 0
863 23
864 5
865 6
866 5
867 8
868 2
869 3
870 10
871 6
872 10
873 14
874 16
875 8
876 18
877 0
878 11
879 11
880 8
881 0
882 5
883 1
884 5
885 2
886 0
887 11
888 3
889 1
890 1
891 3
892 4
893 31
894 4
895 4
896 25
897 2
898 7
899 9
900 14
901 4
902 5
903 0
904 1
905 4
906 0
907 1
908 23
909 3
910 0
911 6
912 7
913 3
914 9
915 21
916 10
917 15
918 0
919 2
920 0
921 4
922 9
923 6
924 14
925 6
926 3
927 13
928 10
929 3
930 36
931 4
932 0
933 3
934 5
935 5
936 3
937 4
938 25
939 0
940 7
941 10
942 30
943 3
944 0
945 7
946 10
947 26
948 2
949 11
950 1
951 4
952 15
953 0
954 5
955 1
956 9
957 9
958 31
959 6
960 24
961 3
962 1
963 6
964 5
965 15
966 16
967 18
968 29
969 3
970 2
971 7
972 5
973 2
974 11
975 4
976 34
977 17
978 2
979 3
980 5
981 6
982 10
983 3
984 0
985 10
986 6
987 0
988 13
989 13
990 3
991 15
992 4
993 0
994 34
995 20
996 7
997 24
998 3
999 4
1000 1
1001 10
1002 8
1003 1
1004 16
1005 7
1006 2
1007 6
1008 10
1009 11
1010 10
1011 1
1012 3
1013 5
1014 5
1015 21
1016 10
1017 5
1018 20
1019 4
1020 6
1021 26
1022 6
1023 1
1024 8
1025 2
1026 3
1027 0
1028 1
1029 10
1030 4
1031 4
1032 66
1033 3
1034 20
1035 4
1036 10
1037 8
1038 6
1039 7
1040 8
1041 2
1042 3
1043 5
1044 10
1045 4
1046 0
1047 0
1048 4
1049 0
1050 0
1051 4
1052 15
1053 4
1054 6
1055 1
1056 2
1057 0
1058 17
1059 7
1060 6
1061 2
1062 0
1063 12
1064 41
1065 0
1066 13
1067 1
1068 4
1069 3
1070 1
1071 19
1072 2
1073 11
1074 1
1075 4
1076 12
1077 2
1078 6
1079 1
1080 12
1081 12
1082 19
1083 6
1084 41
1085 0
1086 2
1087 12
1088 29
1089 29
1090 38
1091 9
1092 0
1093 11
1094 26
1095 2
1096 5
1097 18
1098 7
1099 9
1100 3
1101 1
1102 2
1103 9
1104 11
1105 13
1106 11
1107 4
1108 5
1109 0
1110 0
1111 5
1112 0
1113 6
1114 7
1115 36
1116 2
1117 2
1118 2
1119 0
1120 9
1121 5
1122 2
1123 14
1124 9
1125 1
1126 43
1127 15
1128 5
1129 1
1130 21
1131 37
1132 13
1133 10
1134 11
1135 16
1136 1
1137 8
1138 5
1139 8
1140 5
1141 7
1142 12
1143 2
1144 2
1145 2
1146 2
1147 5
1148 4
1149 10
1150 6
1151 9
1152 34
1153 3
1154 13
1155 16
1156 12
1157 1
1158 1
1159 10
1160 0
1161 5
1162 2
1163 15
1164 0
1165 2
1166 9
1167 8
1168 13
1169 0
1170 5
1171 1
1172 4
1173 6
1174 3
1175 1
1176 0
1177 25
1178 28
1179 17
1180 4
1181 5
1182 2
1183 6
1184 7
1185 2
1186 10
1187 36
1188 1
1189 9
1190 23
1191 3
1192 32
1193 7
1194 2
1195 0
1196 4
1197 6
1198 2
1199 6
1200 13
1201 6
1202 0
1203 6
1204 11
1205 8
1206 2
1207 19
1208 38
1209 4
1210 21
1211 3
1212 4
1213 0
1214 5
1215 2
1216 18
1217 1
1218 1
1219 17
1220 0
1221 2
1222 18
1223 10
1224 24
1225 0
1226 0
1227 7
1228 1
1229 31
1230 16
1231 11
1232 0
1233 10
1234 12
1235 0
1236 25
1237 3
1238 35
1239 31
1240 15
1241 7
1242 25
1243 1
1244 5
1245 0
1246 26
1247 24
1248 1
1249 20
1250 3
1251 26
1252 2
1253 2
1254 0
1255 6
1256 7
1257 2
1258 5
1259 2
1260 54
1261 11
1262 2
1263 11
1264 0
1265 16
1266 21
1267 13
1268 6
1269 0
1270 3
1271 0
1272 7
1273 3
1274 4
1275 18
1276 23
1277 0
1278 69
1279 2
1280 4
1281 5
1282 2
1283 1
1284 13
1285 6
1286 1
1287 1
1288 7
1289 7
1290 3
1291 9
1292 11
1293 12
1294 1
1295 80
1296 0
1297 28
1298 19
1299 8
1300 8
1301 0
1302 4
1303 38
1304 2
1305 0
1306 2
1307 16
1308 18
1309 6
1310 8
1311 13
1312 20
1313 2
1314 13
1315 17
1316 5
1317 13
1318 22
1319 30
1320 7
1321 17
1322 1
1323 8
1324 2
1325 10
1326 14
1327 2
1328 14
1329 8
1330 16
1331 0
1332 0
1333 10
1334 15
1335 17
1336 1
1337 1
1338 29
1339 31
1340 3
1341 4
1342 5
1343 0
1344 4
1345 8
1346 9
1347 21
1348 0
1349 19
1350 26
1351 22
1352 12
1353 13
1354 2
1355 15
1356 7
1357 27
1358 3
1359 23
1360 25
1361 3
1362 0
1363 17
1364 22
1365 0
1366 12
1367 5
1368 17
1369 12
1370 2
1371 7
1372 24
1373 0
1374 4
1375 16
1376 10
1377 7
1378 0
1379 6
1380 2
1381 11
1382 17
1383 14
1384 19
1385 0
1386 23
1387 6
1388 18
1389 0
1390 6
1391 3
1392 0
1393 7
1394 34
1395 8
1396 2
1397 2
1398 17
1399 4
1400 7
1401 9
1402 20
1403 20
1404 7
1405 20
1406 7
1407 10
1408 0
1409 20
1410 41
1411 7
1412 6
1413 0
1414 6
1415 12
1416 0
1417 0
1418 2
1419 24
1420 11
1421 2
1422 7
1423 6
1424 1
1425 4
1426 8
1427 5
1428 5
1429 6
1430 4
1431 1
1432 21
1433 1
1434 1
1435 18
1436 6
1437 2
1438 0
1439 10
1440 3
1441 0
1442 0
1443 20
1444 0
1445 4
1446 2
1447 8
1448 4
1449 21
1450 6
1451 4
1452 3
1453 12
1454 8
1455 7
1456 0
1457 0
1458 12
1459 31
1460 6
1461 3
1462 4
1463 1
1464 2
1465 12
1466 27
1467 25
1468 21
1469 27
1470 4
1471 3
1472 3
1473 14
1474 25
1475 7
1476 7
1477 11
1478 1
1479 24
1480 3
1481 11
1482 8
1483 7
1484 15
1485 13
1486 9
1487 49
1488 5
1489 8
1490 18
1491 5
1492 2
1493 9
1494 12
1495 23
1496 7
1497 0
1498 12
1499 2
1500 3
1501 8
1502 2
1503 1
1504 7
1505 12
1506 6
1507 4
1508 4
1509 6
1510 0
1511 26
1512 2
1513 42
1514 8
1515 15
1516 1
1517 0
1518 1
1519 5
1520 18
1521 6
1522 11
1523 8
1524 0
1525 7
1526 4
1527 27
1528 6
1529 31
1530 10
1531 0
1532 2
1533 1
1534 7
1535 63
1536 8
1537 9
1538 7
1539 1
1540 0
1541 0
1542 10
1543 3
1544 0
1545 7
1546 2
1547 0
1548 0
1549 5
1550 2
1551 4
1552 2
1553 0
1554 27
1555 24
1556 0
1557 6
1558 2
1559 2
1560 1
1561 11
1562 24
1563 4
1564 9
1565 0
1566 6
1567 0
1568 3
1569 1
1570 4
1571 4
1572 30
1573 0
1574 7
1575 8
1576 2
1577 7
1578 8
1579 12
1580 4
1581 1
1582 1
1583 7
1584 9
1585 1
1586 3
1587 16
1588 2
1589 10
1590 4
1591 1
1592 26
1593 14
1594 8
1595 4
1596 10
1597 2
