1 5
2 1
3 10
4 4
5 25
6 13
7 0
8 0
9 3
10 2
11 0
12 13
13 1
14 2
15 4
16 7
17 4
18 4
19 8
20 0
21 1
22 11
23 4
24 19
25 50
26 8
27 8
28 4
29 6
30 1
31 15
32 14
33 3
34 20
35 32
36 18
37 70
38 18
39 20
40 21
41 6
42 1
43 11
44 1
45 10
46 0
47 0
48 6
49 14
50 11
51 41
52 5
53 0
54 1
55 0
56 28
57 1
58 38
59 16
60 24
61 30
62 23
63 13
64 0
65 15
66 27
67 1
68 1
69 17
70 12
71 1
72 21
73 16
74 10
75 13
76 28
77 4
78 15
79 15
80 9
81 20
82 10
83 3
84 46
85 20
86 8
87 11
88 0
89 5
90 2
91 9
92 9
93 14
94 5
95 1
96 6
97 1
98 0
99 23
100 6
101 7
102 2
103 9
104 1
105 5
106 8
107 0
108 22
109 3
110 0
111 2
112 13
113 2
114 14
115 16
116 12
117 1
118 21
119 8
120 12
121 4
122 2
123 8
124 16
125 3
126 11
127 0
128 14
129 5
130 1
131 6
132 44
133 20
134 25
135 8
136 7
137 0
138 10
139 13
140 9
141 12
142 2
143 4
144 6
145 13
146 7
147 35
148 3
149 9
150 0
151 11
152 3
153 5
154 7
155 0
156 1
157 0
158 11
159 4
160 6
161 1
162 26
163 6
164 6
165 14
166 18
167 15
168 13
169 20
170 6
171 2
172 1
173 0
174 13
175 35
176 51
177 10
178 8
179 8
180 33
181 4
182 6
183 11
184 0
185 8
186 0
187 1
188 6
189 3
190 0
191 1
192 6
193 0
194 29
195 4
196 9
197 0
198 15
199 5
200 3
201 0
202 4
203 2
204 12
205 0
206 11
207 2
208 9
209 33
210 8
211 1
212 2
213 3
214 7
215 5
216 3
217 35
218 27
219 27
220 20
221 0
222 11
223 3
224 18
225 6
226 0
227 9
228 6
229 4
230 4
231 13
232 14
233 21
234 1
235 15
236 17
237 18
238 6
239 17
240 0
241 4
242 2
243 18
244 0
245 8
246 7
247 6
248 13
249 10
250 6
251 4
252 20
253 14
254 8
255 6
256 45
257 17
258 6
259 9
260 19
261 2
262 0
263 7
264 5
265 17
266 1
267 18
268 3
269 0
270 0
271 34
272 4
273 8
274 4
275 24
276 0
277 3
278 6
279 4
280 2
281 25
282 4
283 12
284 14
285 5
286 10
287 14
288 0
289 2
290 6
291 12
292 0
293 13
294 6
295 1
296 11
297 8
298 18
299 4
300 7
301 0
302 0
303 5
304 3
305 1
306 1
307 21
308 22
309 40
310 0
311 2
312 1
313 12
314 27
315 23
316 14
317 11
318 17
319 8
320 10
321 7
322 3
323 41
324 9
325 2
326 7
327 17
328 17
329 0
330 14
331 1
332 7
333 19
334 7
335 3
336 4
337 9
338 6
339 17
340 16
341 29
342 3
343 22
344 43
345 17
346 67
347 10
348 0
349 4
350 4
351 32
352 8
353 18
354 4
355 38
356 10
357 1
358 3
359 22
360 18
361 7
362 3
363 13
364 2
365 3
366 5
367 22
368 7
369 6
370 1
371 23
372 0
373 1
374 2
375 3
376 0
377 14
378 2
379 13
380 5
381 19
382 4
383 1
384 11
385 19
386 30
387 12
388 1
389 8
390 0
391 23
392 27
393 26
394 2
395 17
396 0
397 13
398 63
399 0
400 17
401 11
402 10
403 10
404 39
405 38
406 10
407 1
408 7
409 2
410 21
411 17
412 0
413 10
414 31
415 29
416 6
417 0
418 10
419 10
420 42
421 24
422 22
423 0
424 2
425 12
426 0
427 34
428 3
429 10
430 5
431 10
432 2
433 4
434 0
435 1
436 17
437 6
438 10
439 9
440 4
441 5
442 10
443 12
444 4
445 0
446 14
447 1
448 15
449 10
450 6
451 10
452 6
453 13
454 14
455 13
456 8
457 60
458 0
459 16
460 8
461 0
462 19
463 33
464 16
465 4
466 20
467 1
468 8
469 2
470 40
471 19
472 40
473 22
474 1
475 10
476 32
477 7
478 8
479 0
480 1
481 2
482 18
483 0
484 1
485 3
486 15
487 5
488 0
489 11
490 1
491 8
492 2
493 5
494 3
495 11
496 3
497 1
498 30
499 19
500 2
501 5
502 11
503 10
504 0
505 8
506 8
507 11
508 10
509 5
510 2
511 12
512 1
513 14
514 0
515 31
516 8
517 7
518 11
519 9
520 0
521 23
522 3
523 12
524 0
525 0
526 2
527 1
528 4
529 0
530 28
531 0
532 2
533 22
534 0
535 0
536 0
537 5
538 4
539 5
540 6
541 11
542 16
543 3
544 3
545 5
546 4
547 2
548 2
549 16
550 15
551 0
552 3
553 5
554 5
555 5
556 38
557 13
558 12
559 17
560 4
561 13
562 10
563 5
564 7
565 1
566 5
567 5
568 21
569 6
570 14
571 29
572 11
573 28
574 5
575 3
576 5
577 0
578 14
579 4
580 4
581 4
582 9
583 17
584 11
585 11
586 2
587 2
588 30
589 2
590 0
591 7
592 30
593 2
594 1
595 16
596 22
597 8
598 13
599 15
600 17
601 16
602 0
603 5
604 10
605 22
606 6
607 25
608 3
609 6
610 2
611 27
612 2
613 15
614 5
615 8
616 7
617 4
618 7
619 0
620 0
621 3
622 5
623 11
624 8
625 0
626 7
627 17
628 16
629 30
630 16
631 8
632 0
633 10
634 14
635 13
636 1
637 19
638 8
639 1
640 1
641 12
642 16
643 50
644 3
645 5
646 9
647 7
648 5
649 3
650 5
651 18
652 25
653 0
654 15
655 14
656 0
657 2
658 10
659 3
660 10
661 9
662 28
663 7
664 2
665 10
666 37
667 11
668 9
669 12
670 2
671 16
672 72
673 11
674 3
675 6
676 4
677 23
678 9
679 0
680 7
681 5
682 6
683 12
684 33
685 0
686 37
687 7
688 10
689 7
690 3
691 0
692 7
693 2
694 4
695 8
696 23
697 10
698 5
699 2
700 0
701 11
702 1
703 37
704 13
705 24
706 18
707 0
708 2
709 1
710 3
711 34
712 2
713 2
714 0
715 14
716 13
717 6
718 4
719 6
720 1
721 0
722 2
723 7
724 0
725 11
726 7
727 2
728 1
729 7
730 1
731 3
732 20
733 21
734 23
735 2
736 0
737 2
738 8
739 14
740 0
741 2
742 10
743 11
744 20
745 5
746 1
747 1
748 21
749 9
750 9
751 29
752 9
753 5
754 20
755 7
756 9
757 1
758 12
759 3
760 5
761 15
762 7
763 39
764 21
765 11
766 8
767 1
768 45
769 0
770 0
771 2
772 2
773 4
774 2
775 39
776 3
777 12
778 1
779 6
780 5
781 0
782 2
783 32
784 5
785 1
786 15
787 1
788 31
789 1
790 6
791 7
792 6
793 25
794 0
795 19
796 40
797 8
798 11
799 2
800 14
801 0
802 7
803 10
804 23
805 8
806 3
807 6
808 3
809 14
810 8
811 9
812 14
813 0
814 8
815 66
816 4
817 16
818 89
819 17
820 32
821 3
822 39
823 13
824 6
825 20
826 13
827 7
828 4
829 4
830 55
831 6
832 19
833 2
834 1
835 14
836 5
837 5
838 14
839 7
840 0
841 6
842 5
843 10
844 23
845 1
846 68
847 18
848 10
849 14
850 27
851 18
852 0
853 0
854 6
855 21
856 10
857 0
858 2
859 7
860 0
861 4
862 2
863 7
864 7
865 12
866 0
867 22
868 6
869 10
870 7
871 9
872 8
873 6
874 11
875 3
876 0
877 0
878 28
879 20
880 4
881 12
882 0
883 3
884 14
885 4
886 4
887 11
888 0
889 0
890 13
891 2
892 0
893 8
894 6
895 13
896 3
897 1
898 13
899 8
900 13
901 12
902 2
903 2
904 1
905 1
906 1
907 0
908 38
909 3
910 0
911 3
912 5
913 0
914 3
915 1
916 6
917 3
918 0
919 5
920 0
921 3
922 5
923 7
924 11
925 14
926 6
927 3
928 9
929 9
930 2
931 2
932 0
933 18
934 6
935 17
936 3
937 0
938 1
939 5
940 5
941 5
942 5
943 1
944 2
945 0
946 0
947 17
948 1
949 8
950 1
951 0
952 5
953 0
954 3
955 0
956 60
957 22
958 2
959 9
960 1
961 30
962 3
963 0
964 1
965 16
966 5
967 1
968 7
969 1
970 17
971 1
972 5
973 8
974 31
975 12
976 10
977 14
978 15
979 0
980 6
981 1
982 2
983 6
984 10
985 44
986 11
987 1
988 51
989 15
990 22
991 15
992 42
993 22
994 9
995 6
996 21
997 20
998 24
999 4
1000 1
1001 6
1002 57
1003 2
1004 21
1005 0
1006 31
1007 2
1008 16
1009 78
1010 2
1011 1
1012 28
1013 0
1014 54
1015 22
1016 34
1017 16
1018 0
1019 8
1020 2
1021 22
1022 1
1023 1
1024 8
1025 1
1026 1
1027 2
1028 2
1029 5
1030 0
1031 0
1032 30
1033 12
1034 17
1035 3
1036 18
1037 5
1038 5
1039 7
1040 12
1041 8
1042 34
1043 2
1044 5
1045 49
1046 7
1047 0
1048 26
1049 5
1050 0
1051 55
1052 14
1053 17
1054 16
1055 6
1056 1
1057 0
1058 22
1059 4
1060 9
1061 25
1062 2
1063 0
1064 12
1065 2
1066 5
1067 0
1068 5
1069 22
1070 0
1071 9
1072 2
1073 7
1074 9
1075 1
1076 16
1077 1
1078 8
1079 29
1080 4
1081 5
1082 48
1083 10
1084 22
1085 0
1086 0
1087 16
1088 3
1089 3
1090 25
1091 31
1092 0
1093 9
1094 15
1095 14
1096 13
1097 2
1098 16
1099 34
1100 2
1101 5
1102 2
1103 69
1104 40
1105 17
1106 10
1107 16
1108 18
1109 11
1110 1
1111 14
1112 0
1113 4
1114 5
1115 12
1116 2
1117 0
1118 4
1119 0
1120 5
1121 0
1122 19
1123 0
1124 1
1125 12
1126 12
1127 1
1128 2
1129 1
1130 7
1131 29
1132 5
1133 4
1134 1
1135 7
1136 0
1137 14
1138 12
1139 7
1140 7
1141 1
1142 7
1143 1
1144 1
1145 0
1146 7
1147 8
1148 3
1149 3
1150 3
1151 26
1152 33
1153 0
1154 7
1155 1
1156 11
1157 0
1158 3
1159 7
1160 2
1161 16
1162 0
1163 5
1164 0
1165 15
1166 5
1167 21
1168 9
1169 1
1170 2
1171 0
1172 0
1173 1
1174 20
1175 2
1176 7
1177 8
1178 5
1179 1
1180 11
1181 1
1182 2
1183 11
1184 63
1185 3
1186 4
1187 7
1188 6
1189 6
1190 2
1191 13
1192 36
1193 30
1194 2
1195 0
1196 12
1197 6
1198 3
1199 10
1200 4
1201 19
1202 2
1203 6
1204 11
1205 0
1206 3
1207 24
1208 10
1209 0
1210 0
1211 11
1212 30
1213 1
1214 3
1215 3
1216 14
1217 32
1218 3
1219 80
1220 0
1221 9
1222 22
1223 10
1224 15
1225 13
1226 5
1227 6
1228 3
1229 10
1230 11
1231 36
1232 8
1233 48
1234 6
1235 29
1236 8
1237 2
1238 26
1239 40
1240 2
1241 2
1242 6
1243 6
1244 2
1245 0
1246 2
1247 7
1248 0
1249 12
1250 15
1251 2
1252 0
1253 10
1254 1
1255 2
1256 1
1257 3
1258 4
1259 1
1260 6
1261 9
1262 2
1263 4
1264 3
1265 8
1266 31
1267 20
1268 4
1269 0
1270 8
1271 12
1272 8
1273 2
1274 15
1275 16
1276 8
1277 13
1278 36
1279 0
1280 24
1281 18
1282 10
1283 2
1284 3
1285 7
1286 21
1287 0
1288 15
1289 7
1290 1
1291 14
1292 13
1293 18
1294 37
1295 7
1296 5
1297 18
1298 7
1299 2
1300 91
1301 6
1302 24
1303 23
1304 2
1305 7
1306 4
1307 18
1308 5
1309 10
1310 5
1311 3
1312 33
1313 2
1314 16
1315 2
1316 3
1317 10
1318 53
1319 12
1320 15
1321 7
1322 5
1323 8
1324 6
1325 9
1326 16
1327 0
1328 16
1329 0
1330 6
1331 4
1332 0
1333 12
1334 7
1335 61
1336 6
1337 4
1338 28
1339 14
1340 8
1341 0
1342 5
1343 0
1344 4
1345 4
1346 2
1347 19
1348 0
1349 10
1350 41
1351 16
1352 18
1353 11
1354 0
1355 7
1356 3
1357 20
1358 1
1359 15
1360 25
1361 1
1362 1
1363 13
1364 24
1365 8
1366 10
1367 4
1368 15
1369 6
1370 11
1371 8
1372 6
1373 3
1374 5
1375 6
1376 13
1377 1
1378 7
1379 45
1380 14
1381 40
1382 10
1383 7
1384 16
1385 6
1386 8
1387 13
1388 23
1389 2
1390 11
1391 10
1392 0
1393 13
1394 14
1395 14
1396 7
1397 9
1398 4
1399 0
1400 13
1401 8
1402 26
1403 0
1404 16
1405 10
1406 0
1407 16
1408 0
1409 27
1410 2
1411 2
1412 32
1413 13
1414 7
1415 6
1416 0
1417 3
1418 0
1419 0
1420 2
1421 3
1422 16
1423 24
1424 0
1425 10
1426 5
1427 10
1428 3
1429 0
1430 3
1431 5
1432 1
1433 0
1434 0
1435 11
1436 12
1437 11
1438 13
1439 9
1440 44
1441 1
1442 0
1443 5
1444 1
1445 3
1446 1
1447 27
1448 7
1449 13
1450 24
1451 0
1452 12
1453 7
1454 11
1455 3
1456 0
1457 0
1458 4
1459 7
1460 23
1461 12
1462 6
1463 2
1464 14
1465 21
1466 12
1467 21
1468 4
1469 26
1470 7
1471 20
1472 31
1473 3
1474 9
1475 13
1476 13
1477 6
1478 12
1479 18
1480 1
1481 10
1482 16
1483 10
1484 17
1485 58
1486 3
1487 11
1488 15
1489 0
1490 41
1491 4
1492 0
1493 4
1494 0
1495 8
1496 2
1497 0
1498 0
1499 9
1500 14
1501 1
1502 2
1503 0
1504 14
1505 0
1506 18
1507 26
1508 15
1509 1
1510 6
1511 4
1512 4
1513 1
1514 6
1515 8
1516 2
1517 2
1518 4
1519 1
1520 1
1521 5
1522 7
1523 28
1524 1
1525 55
1526 11
1527 4
1528 51
1529 2
1530 1
1531 0
1532 0
1533 4
1534 0
1535 27
1536 9
1537 4
1538 0
1539 5
1540 2
1541 0
1542 0
1543 13
1544 0
1545 0
1546 5
1547 3
1548 1
1549 5
1550 9
1551 4
1552 0
1553 1
1554 7
1555 40
1556 3
1557 3
1558 0
1559 1
1560 1
1561 1
1562 17
1563 14
1564 3
1565 42
1566 4
1567 0
1568 4
1569 0
1570 0
1571 5
1572 11
1573 0
1574 31
1575 2
1576 9
1577 11
1578 12
1579 13
1580 24
1581 1
1582 1
1583 9
1584 15
1585 1
1586 0
1587 25
1588 4
1589 0
1590 3
1591 1
1592 32
1593 7
1594 9
1595 9
1596 44
1597 3
