1 0
2 0
3 2
4 10
5 42
6 13
7 0
8 0
9 20
10 0
11 0
12 0
13 0
14 12
15 2
16 6
17 7
18 29
19 10
20 2
21 1
22 1
23 5
24 4
25 11
26 24
27 8
28 2
29 1
30 9
31 2
32 4
33 0
34 6
35 5
36 3
37 11
38 5
39 9
40 0
41 2
42 1
43 1
44 1
45 3
46 0
47 4
48 4
49 4
50 9
51 12
52 3
53 0
54 2
55 0
56 2
57 0
58 1
59 10
60 9
61 5
62 4
63 1
64 1
65 2
66 4
67 6
68 1
69 1
70 1
71 0
72 5
73 9
74 6
75 8
76 4
77 2
78 7
79 13
80 8
81 40
82 19
83 3
84 6
85 17
86 15
87 17
88 0
89 1
90 14
91 10
92 13
93 60
94 20
95 14
96 24
97 13
98 3
99 22
100 1
101 18
102 3
103 31
104 4
105 0
106 3
107 5
108 2
109 6
110 9
111 2
112 15
113 27
114 2
115 20
116 7
117 11
118 3
119 35
120 30
121 20
122 6
123 12
124 35
125 19
126 37
127 6
128 52
129 11
130 2
131 6
132 3
133 5
134 17
135 6
136 1
137 2
138 9
139 2
140 3
141 8
142 0
143 0
144 4
145 2
146 4
147 18
148 3
149 1
150 0
151 3
152 0
153 0
154 10
155 19
156 0
157 12
158 5
159 0
160 1
161 2
162 3
163 30
164 17
165 0
166 5
167 0
168 0
169 1
170 0
171 0
172 1
173 0
174 2
175 7
176 1
177 4
178 11
179 2
180 8
181 2
182 1
183 5
184 9
185 4
186 6
187 0
188 18
189 0
190 3
191 0
192 9
193 6
194 2
195 24
196 0
197 0
198 8
199 0
200 0
201 9
202 2
203 2
204 4
205 0
206 2
207 3
208 1
209 17
210 11
211 0
212 2
213 9
214 2
215 0
216 0
217 4
218 7
219 2
220 6
221 0
222 8
223 4
224 1
225 4
226 0
227 12
228 19
229 0
230 2
231 8
232 0
233 13
234 1
235 12
236 2
237 7
238 1
239 4
240 2
241 26
242 0
243 0
244 0
245 0
246 5
247 15
248 8
249 0
250 1
251 2
252 1
253 2
254 3
255 0
256 2
257 17
258 10
259 7
260 4
261 10
262 1
263 11
264 0
265 11
266 1
267 15
268 2
269 1
270 0
271 2
272 16
273 2
274 0
275 8
276 1
277 0
278 0
279 13
280 3
281 4
282 3
283 17
284 2
285 0
286 11
287 2
288 0
289 0
290 13
291 2
292 4
293 9
294 0
295 1
296 0
297 2
298 6
299 2
300 0
301 10
302 0
303 2
304 0
305 16
306 0
307 15
308 1
309 5
310 0
311 0
312 1
313 6
314 11
315 46
316 0
317 1
318 7
319 5
320 22
321 7
322 8
323 12
324 20
325 0
326 4
327 0
328 20
329 2
330 1
331 0
332 29
333 4
334 5
335 1
336 5
337 3
338 2
339 6
340 13
341 1
342 15
343 17
344 23
345 1
346 15
347 17
348 0
349 0
350 0
351 19
352 7
353 3
354 0
355 27
356 10
357 0
358 6
359 7
360 0
361 2
362 0
363 1
364 2
365 0
366 1
367 9
368 2
369 4
370 4
371 7
372 0
373 0
374 3
375 5
376 0
377 3
378 0
379 11
380 0
381 5
382 0
383 4
384 7
385 17
386 1
387 13
388 1
389 5
390 11
391 26
392 9
393 0
394 1
395 7
396 7
397 12
398 2
399 0
400 3
401 5
402 43
403 3
404 37
405 10
406 24
407 2
408 4
409 0
410 1
411 9
412 5
413 2
414 2
415 10
416 12
417 0
418 25
419 11
420 2
421 9
422 5
423 0
424 27
425 1
426 10
427 2
428 3
429 0
430 1
431 5
432 2
433 9
434 5
435 0
436 1
437 1
438 0
439 19
440 13
441 1
442 6
443 13
444 3
445 0
446 3
447 3
448 27
449 22
450 4
451 0
452 0
453 0
454 19
455 9
456 1
457 10
458 5
459 5
460 2
461 2
462 19
463 5
464 11
465 3
466 7
467 5
468 2
469 15
470 6
471 6
472 0
473 11
474 5
475 7
476 14
477 6
478 2
479 10
480 6
481 2
482 3
483 0
484 0
485 2
486 0
487 2
488 0
489 0
490 1
491 21
492 2
493 8
494 2
495 4
496 10
497 14
498 8
499 2
500 2
501 9
502 0
503 7
504 4
505 1
506 4
507 25
508 2
509 0
510 11
511 3
512 5
513 7
514 23
515 4
516 16
517 6
518 2
519 1
520 26
521 6
522 12
523 3
524 3
525 2
526 2
527 0
528 2
529 2
530 25
531 3
532 0
533 9
534 3
535 7
536 12
537 4
538 2
539 23
540 41
541 9
542 2
543 33
544 40
545 2
546 6
547 9
548 3
549 21
550 4
551 6
552 4
553 3
554 32
555 4
556 23
557 5
558 29
559 26
560 8
561 28
562 15
563 14
564 1
565 4
566 1
567 8
568 3
569 2
570 2
571 12
572 3
573 75
574 19
575 14
576 1
577 2
578 17
579 16
580 4
581 17
582 5
583 1
584 6
585 6
586 1
587 3
588 0
589 3
590 7
591 2
592 5
593 0
594 2
595 6
596 3
597 10
598 5
599 0
600 5
601 1
602 8
603 0
604 0
605 15
606 5
607 4
608 4
609 0
610 0
611 11
612 2
613 0
614 5
615 24
616 5
617 1
618 4
619 18
620 0
621 2
622 0
623 1
624 3
625 0
626 4
627 14
628 3
629 3
630 3
631 3
632 0
633 4
634 3
635 6
636 0
637 7
638 7
639 3
640 0
641 0
642 0
643 2
644 0
645 6
646 0
647 2
648 3
649 0
650 2
651 3
652 5
653 3
654 1
655 2
656 8
657 10
658 5
659 1
660 11
661 0
662 13
663 4
664 1
665 0
666 0
667 15
668 7
669 1
670 1
671 7
672 6
673 2
674 2
675 6
676 1
677 1
678 9
679 0
680 0
681 3
682 5
683 2
684 15
685 2
686 5
687 3
688 12
689 17
690 7
691 1
692 4
693 5
694 10
695 1
696 9
697 8
698 24
699 28
700 12
701 3
702 1
703 9
704 6
705 28
706 4
707 0
708 1
709 1
710 0
711 9
712 0
713 4
714 0
715 16
716 2
717 3
718 0
719 14
720 11
721 15
722 8
723 4
724 0
725 8
726 2
727 0
728 0
729 17
730 5
731 0
732 0
733 2
734 13
735 9
736 0
737 9
738 2
739 31
740 0
741 2
742 5
743 2
744 5
745 5
746 2
747 23
748 1
749 0
750 15
751 12
752 16
753 0
754 10
755 23
756 4
757 2
758 10
759 3
760 1
761 2
762 0
763 12
764 6
765 2
766 15
767 2
768 23
769 5
770 2
771 0
772 0
773 6
774 3
775 11
776 0
777 5
778 6
779 1
780 1
781 1
782 1
783 10
784 4
785 8
786 8
787 1
788 10
789 4
790 2
791 2
792 2
793 4
794 1
795 2
796 5
797 2
798 15
799 8
800 2
801 26
802 17
803 4
804 6
805 0
806 3
807 0
808 7
809 8
810 3
811 9
812 6
813 6
814 5
815 10
816 0
817 0
818 27
819 4
820 2
821 0
822 88
823 0
824 7
825 12
826 6
827 7
828 15
829 6
830 11
831 3
832 2
833 0
834 0
835 8
836 12
837 1
838 11
839 3
840 1
841 4
842 3
843 62
844 6
845 5
846 5
847 3
848 7
849 7
850 2
851 11
852 0
853 11
854 9
855 3
856 7
857 3
858 0
859 0
860 8
861 21
862 0
863 2
864 4
865 3
866 2
867 6
868 5
869 0
870 0
871 7
872 32
873 9
874 5
875 1
876 3
877 2
878 4
879 1
880 1
881 1
882 17
883 2
884 1
885 6
886 4
887 1
888 5
889 1
890 3
891 17
892 6
893 1
894 4
895 9
896 0
897 9
898 28
899 7
900 8
901 10
902 0
903 1
904 5
905 3
906 5
907 7
908 11
909 0
910 6
911 10
912 1
913 7
914 5
915 15
916 2
917 8
918 4
919 4
920 5
921 10
922 2
923 8
924 9
925 4
926 6
927 2
928 5
929 6
930 7
931 6
932 1
933 8
934 32
935 0
936 6
937 36
938 19
939 2
940 14
941 7
942 4
943 8
944 1
945 9
946 5
947 4
948 2
949 12
950 4
951 6
952 9
953 4
954 14
955 9
956 37
957 3
958 14
959 32
960 12
961 1
962 2
963 5
964 19
965 12
966 11
967 6
968 0
969 0
970 7
971 8
972 3
973 1
974 5
975 0
976 9
977 19
978 0
979 1
980 2
981 1
982 2
983 2
984 3
985 1
986 4
987 3
988 11
989 3
990 17
991 20
992 14
993 0
994 0
995 9
996 16
997 1
998 5
999 3
1000 2
1001 3
1002 9
1003 6
1004 6
1005 5
1006 34
1007 2
1008 14
1009 9
1010 0
1011 0
1012 1
1013 0
1014 2
1015 11
1016 15
1017 1
1018 0
1019 6
1020 3
1021 1
1022 3
1023 1
1024 0
1025 8
1026 2
1027 2
1028 5
1029 5
1030 12
1031 0
1032 23
1033 2
1034 10
1035 0
1036 1
1037 8
1038 0
1039 7
1040 4
1041 7
1042 22
1043 1
1044 6
1045 4
1046 3
1047 6
1048 7
1049 3
1050 2
1051 14
1052 8
1053 0
1054 3
1055 3
1056 4
1057 0
1058 8
1059 1
1060 0
1061 3
1062 0
1063 10
1064 4
1065 1
1066 4
1067 0
1068 2
1069 5
1070 0
1071 1
1072 0
1073 1
1074 2
1075 0
1076 2
1077 8
1078 0
1079 0
1080 30
1081 13
1082 12
1083 8
1084 5
1085 1
1086 2
1087 3
1088 0
1089 1
1090 5
1091 6
1092 0
1093 1
1094 5
1095 1
1096 35
1097 1
1098 2
1099 3
1100 0
1101 0
1102 5
1103 8
1104 43
1105 2
1106 26
1107 5
1108 12
1109 0
1110 4
1111 0
1112 8
1113 5
1114 5
1115 5
1116 1
1117 18
1118 0
1119 0
1120 4
1121 0
1122 1
1123 0
1124 0
1125 1
1126 6
1127 0
1128 13
1129 2
1130 6
1131 48
1132 2
1133 8
1134 5
1135 9
1136 0
1137 1
1138 2
1139 0
1140 0
1141 1
1142 10
1143 0
1144 0
1145 0
1146 7
1147 4
1148 0
1149 2
1150 0
1151 8
1152 9
1153 1
1154 38
1155 3
1156 5
1157 2
1158 7
1159 7
1160 0
1161 3
1162 3
1163 1
1164 2
1165 9
1166 16
1167 5
1168 3
1169 11
1170 5
1171 0
1172 3
1173 0
1174 2
1175 1
1176 1
1177 37
1178 12
1179 9
1180 5
1181 5
1182 16
1183 2
1184 12
1185 1
1186 3
1187 15
1188 1
1189 7
1190 2
1191 4
1192 10
1193 8
1194 5
1195 1
1196 7
1197 3
1198 0
1199 3
1200 23
1201 2
1202 0
1203 0
1204 6
1205 11
1206 11
1207 1
1208 15
1209 0
1210 3
1211 12
1212 6
1213 3
1214 5
1215 1
1216 28
1217 45
1218 4
1219 1
1220 0
1221 8
1222 4
1223 2
1224 22
1225 3
1226 1
1227 2
1228 5
1229 3
1230 1
1231 8
1232 0
1233 3
1234 0
1235 0
1236 1
1237 10
1238 6
1239 8
1240 1
1241 10
1242 16
1243 4
1244 17
1245 4
1246 0
1247 2
1248 3
1249 3
1250 8
1251 15
1252 0
1253 3
1254 1
1255 4
1256 7
1257 5
1258 2
1259 0
1260 3
1261 3
1262 7
1263 1
1264 5
1265 16
1266 0
1267 7
1268 5
1269 1
1270 1
1271 1
1272 12
1273 11
1274 3
1275 3
1276 1
1277 4
1278 26
1279 0
1280 3
1281 29
1282 0
1283 2
1284 5
1285 4
1286 9
1287 5
1288 9
1289 6
1290 2
1291 3
1292 3
1293 12
1294 9
1295 13
1296 5
1297 15
1298 5
1299 2
1300 4
1301 2
1302 2
1303 12
1304 2
1305 2
1306 0
1307 5
1308 4
1309 4
1310 3
1311 7
1312 3
1313 5
1314 2
1315 17
1316 7
1317 0
1318 16
1319 17
1320 16
1321 1
1322 0
1323 6
1324 1
1325 4
1326 6
1327 2
1328 1
1329 5
1330 3
1331 2
1332 0
1333 3
1334 6
1335 3
1336 0
1337 0
1338 12
1339 4
1340 12
1341 3
1342 0
1343 3
1344 11
1345 1
1346 0
1347 0
1348 3
1349 11
1350 10
1351 0
1352 12
1353 2
1354 0
1355 16
1356 1
1357 1
1358 1
1359 13
1360 1
1361 1
1362 1
1363 1
1364 4
1365 1
1366 15
1367 0
1368 11
1369 4
1370 2
1371 2
1372 18
1373 10
1374 0
1375 5
1376 13
1377 6
1378 3
1379 27
1380 6
1381 11
1382 4
1383 5
1384 2
1385 2
1386 11
1387 5
1388 5
1389 1
1390 8
1391 3
1392 0
1393 6
1394 15
1395 4
1396 5
1397 8
1398 1
1399 9
1400 4
1401 10
1402 4
1403 5
1404 5
1405 4
1406 1
1407 9
1408 1
1409 12
1410 12
1411 4
1412 1
1413 3
1414 5
1415 9
1416 2
1417 0
1418 0
1419 0
1420 6
1421 7
1422 4
1423 1
1424 2
1425 21
1426 0
1427 1
1428 11
1429 5
1430 6
1431 1
1432 7
1433 0
1434 2
1435 22
1436 10
1437 0
1438 0
1439 1
1440 3
1441 1
1442 5
1443 4
1444 1
1445 2
1446 1
1447 7
1448 4
1449 4
1450 4
1451 2
1452 0
1453 16
1454 4
1455 12
1456 2
1457 4
1458 1
1459 2
1460 3
1461 1
1462 0
1463 0
1464 4
1465 3
1466 4
1467 10
1468 4
1469 1
1470 9
1471 3
1472 15
1473 1
1474 9
1475 0
1476 24
1477 3
1478 2
1479 8
1480 12
1481 7
1482 1
1483 4
1484 5
1485 14
1486 15
1487 28
1488 3
1489 2
1490 3
1491 5
1492 12
1493 0
1494 4
1495 25
1496 8
1497 9
1498 2
1499 0
1500 6
1501 2
1502 1
1503 1
1504 6
1505 11
1506 6
1507 5
1508 9
1509 0
1510 2
1511 19
1512 3
1513 1
1514 5
1515 0
1516 10
1517 6
1518 19
1519 0
1520 2
1521 2
1522 15
1523 30
1524 1
1525 9
1526 11
1527 5
1528 14
1529 7
1530 3
1531 5
1532 7
1533 1
1534 1
1535 20
1536 2
1537 9
1538 0
1539 9
1540 31
1541 0
1542 0
1543 5
1544 0
1545 1
1546 0
1547 6
1548 9
1549 21
1550 0
1551 1
1552 22
1553 0
1554 22
1555 11
1556 0
1557 15
1558 13
1559 0
1560 3
1561 8
1562 25
1563 5
1564 8
1565 6
1566 20
1567 0
1568 0
1569 4
1570 1
1571 0
1572 14
1573 5
1574 5
1575 2
1576 4
1577 4
1578 8
1579 10
1580 1
1581 19
1582 4
1583 30
1584 28
1585 0
1586 0
1587 2
1588 0
1589 12
1590 8
1591 2
1592 22
1593 45
1594 39
1595 16
1596 20
1597 0
