1 3
2 0
3 5
4 10
5 25
6 25
7 0
8 2
9 4
10 0
11 0
12 5
13 4
14 2
15 4
16 7
17 13
18 15
19 3
20 0
21 6
22 4
23 3
24 11
25 39
26 16
27 11
28 6
29 15
30 1
31 63
32 25
33 4
34 5
35 15
36 18
37 29
38 6
39 8
40 9
41 0
42 4
43 5
44 5
45 11
46 0
47 0
48 20
49 5
50 25
51 18
52 0
53 9
54 10
55 2
56 27
57 4
58 5
59 35
60 20
61 39
62 10
63 8
64 1
65 2
66 9
67 1
68 3
69 14
70 2
71 1
72 19
73 21
74 26
75 6
76 25
77 30
78 18
79 10
80 4
81 9
82 8
83 7
84 11
85 6
86 4
87 9
88 0
89 19
90 8
91 3
92 2
93 0
94 15
95 2
96 12
97 2
98 5
99 5
100 3
101 0
102 3
103 29
104 1
105 1
106 2
107 3
108 2
109 4
110 1
111 0
112 54
113 3
114 7
115 4
116 8
117 3
118 3
119 5
120 11
121 5
122 2
123 8
124 12
125 3
126 6
127 0
128 8
129 5
130 3
131 11
132 6
133 6
134 9
135 2
136 5
137 4
138 27
139 17
140 5
141 17
142 4
143 0
144 7
145 5
146 5
147 54
148 20
149 4
150 4
151 13
152 1
153 2
154 3
155 16
156 0
157 0
158 18
159 10
160 0
161 14
162 15
163 18
164 2
165 10
166 19
167 3
168 8
169 15
170 3
171 1
172 1
173 1
174 4
175 13
176 2
177 8
178 2
179 14
180 28
181 4
182 2
183 16
184 0
185 15
186 2
187 1
188 53
189 1
190 1
191 5
192 0
193 13
194 4
195 2
196 4
197 1
198 13
199 0
200 9
201 0
202 13
203 0
204 0
205 0
206 17
207 5
208 17
209 3
210 1
211 8
212 1
213 0
214 15
215 2
216 5
217 17
218 11
219 14
220 9
221 0
222 9
223 1
224 4
225 14
226 1
227 0
228 5
229 4
230 3
231 12
232 5
233 11
234 0
235 5
236 4
237 20
238 8
239 20
240 2
241 8
242 0
243 10
244 5
245 0
246 18
247 26
248 15
249 1
250 17
251 8
252 0
253 0
254 16
255 6
256 9
257 19
258 13
259 8
260 24
261 0
262 6
263 148
264 0
265 6
266 0
267 22
268 0
269 0
270 0
271 6
272 13
273 0
274 0
275 5
276 3
277 2
278 1
279 0
280 1
281 3
282 4
283 12
284 6
285 9
286 0
287 15
288 0
289 0
290 1
291 7
292 4
293 45
294 14
295 9
296 33
297 4
298 4
299 0
300 3
301 0
302 13
303 23
304 2
305 3
306 0
307 36
308 56
309 7
310 1
311 12
312 6
313 20
314 37
315 13
316 44
317 0
318 10
319 1
320 35
321 6
322 1
323 16
324 16
325 0
326 1
327 0
328 37
329 1
330 0
331 1
332 4
333 17
334 9
335 21
336 1
337 4
338 16
339 5
340 1
341 10
342 16
343 12
344 23
345 6
346 11
347 10
348 0
349 1
350 9
351 22
352 12
353 23
354 2
355 8
356 4
357 8
358 18
359 12
360 10
361 3
362 8
363 0
364 0
365 3
366 7
367 6
368 0
369 1
370 2
371 9
372 0
373 5
374 4
375 5
376 5
377 15
378 15
379 21
380 7
381 25
382 3
383 12
384 2
385 6
386 23
387 34
388 1
389 7
390 0
391 40
392 11
393 13
394 0
395 15
396 0
397 32
398 14
399 0
400 22
401 26
402 4
403 5
404 7
405 8
406 9
407 3
408 2
409 3
410 0
411 6
412 0
413 9
414 7
415 24
416 14
417 9
418 4
419 1
420 9
421 15
422 8
423 0
424 3
425 12
426 8
427 9
428 5
429 0
430 21
431 1
432 17
433 10
434 1
435 2
436 6
437 0
438 1
439 17
440 24
441 2
442 4
443 20
444 2
445 0
446 15
447 19
448 3
449 2
450 3
451 6
452 5
453 6
454 7
455 18
456 19
457 5
458 4
459 13
460 5
461 14
462 10
463 11
464 37
465 0
466 4
467 1
468 19
469 0
470 32
471 25
472 8
473 25
474 0
475 6
476 26
477 11
478 5
479 4
480 4
481 13
482 5
483 0
484 4
485 1
486 0
487 14
488 1
489 0
490 3
491 5
492 1
493 1
494 13
495 13
496 5
497 2
498 7
499 5
500 3
501 2
502 6
503 15
504 5
505 3
506 2
507 7
508 4
509 13
510 0
511 4
512 1
513 22
514 2
515 15
516 2
517 0
518 0
519 0
520 2
521 0
522 3
523 0
524 11
525 0
526 6
527 0
528 5
529 11
530 7
531 3
532 2
533 7
534 5
535 17
536 1
537 8
538 19
539 10
540 6
541 5
542 4
543 13
544 20
545 34
546 3
547 5
548 3
549 14
550 20
551 1
552 5
553 19
554 9
555 0
556 14
557 5
558 23
559 40
560 6
561 8
562 9
563 3
564 2
565 24
566 0
567 5
568 2
569 23
570 2
571 16
572 22
573 27
574 12
575 4
576 2
577 1
578 3
579 5
580 1
581 8
582 5
583 13
584 43
585 4
586 0
587 0
588 2
589 3
590 9
591 16
592 6
593 6
594 4
595 36
596 27
597 14
598 1
599 8
600 7
601 0
602 0
603 10
604 4
605 12
606 1
607 12
608 26
609 6
610 16
611 20
612 0
613 1
614 5
615 45
616 32
617 13
618 3
619 7
620 0
621 11
622 1
623 7
624 13
625 12
626 13
627 5
628 6
629 25
630 4
631 6
632 10
633 9
634 10
635 18
636 9
637 9
638 16
639 7
640 0
641 8
642 11
643 29
644 0
645 17
646 3
647 13
648 10
649 6
650 2
651 14
652 2
653 5
654 26
655 9
656 6
657 4
658 7
659 19
660 31
661 8
662 6
663 3
664 1
665 8
666 18
667 17
668 6
669 25
670 2
671 5
672 8
673 6
674 4
675 2
676 19
677 9
678 15
679 6
680 25
681 1
682 10
683 7
684 22
685 0
686 14
687 10
688 4
689 12
690 0
691 0
692 11
693 0
694 11
695 12
696 42
697 25
698 5
699 9
700 2
701 3
702 8
703 4
704 48
705 3
706 11
707 4
708 0
709 6
710 4
711 103
712 0
713 8
714 0
715 6
716 14
717 7
718 0
719 5
720 14
721 3
722 3
723 16
724 1
725 4
726 2
727 0
728 0
729 5
730 15
731 0
732 2
733 11
734 27
735 0
736 6
737 7
738 5
739 9
740 5
741 1
742 5
743 0
744 4
745 0
746 0
747 4
748 7
749 3
750 5
751 8
752 5
753 2
754 15
755 14
756 9
757 3
758 11
759 3
760 0
761 11
762 2
763 28
764 3
765 7
766 3
767 0
768 7
769 2
770 0
771 3
772 0
773 0
774 0
775 17
776 3
777 10
778 31
779 20
780 2
781 0
782 0
783 7
784 14
785 0
786 9
787 9
788 11
789 2
790 1
791 2
792 0
793 16
794 0
795 5
796 19
797 8
798 13
799 2
800 0
801 1
802 16
803 4
804 17
805 0
806 10
807 5
808 0
809 20
810 5
811 22
812 8
813 0
814 11
815 40
816 1
817 11
818 16
819 10
820 14
821 2
822 11
823 0
824 8
825 10
826 1
827 7
828 0
829 18
830 7
831 10
832 39
833 14
834 3
835 16
836 16
837 5
838 31
839 1
840 0
841 0
842 2
843 10
844 11
845 3
846 7
847 33
848 3
849 5
850 7
851 11
852 0
853 1
854 0
855 12
856 6
857 6
858 14
859 1
860 1
861 7
862 3
863 9
864 1
865 4
866 0
867 8
868 0
869 5
870 21
871 12
872 1
873 0
874 42
875 5
876 17
877 0
878 10
879 4
880 4
881 10
882 0
883 0
884 2
885 8
886 2
887 23
888 2
889 9
890 3
891 0
892 0
893 6
894 4
895 15
896 3
897 0
898 19
899 6
900 3
901 13
902 0
903 7
904 0
905 1
906 0
907 1
908 20
909 2
910 5
911 1
912 19
913 3
914 3
915 1
916 21
917 15
918 1
919 6
920 2
921 1
922 5
923 9
924 29
925 20
926 1
927 8
928 5
929 8
930 9
931 20
932 4
933 3
934 2
935 5
936 15
937 0
938 15
939 9
940 0
941 6
942 22
943 9
944 7
945 10
946 9
947 12
948 2
949 2
950 4
951 0
952 5
953 1
954 2
955 2
956 27
957 12
958 21
959 22
960 26
961 1
962 4
963 14
964 5
965 6
966 14
967 1
968 33
969 5
970 24
971 2
972 4
973 3
974 30
975 4
976 7
977 30
978 20
979 3
980 2
981 9
982 3
983 18
984 30
985 27
986 19
987 22
988 60
989 0
990 30
991 16
992 16
993 10
994 25
995 27
996 13
997 30
998 11
999 1
1000 0
1001 5
1002 44
1003 1
1004 24
1005 9
1006 30
1007 1
1008 11
1009 102
1010 3
1011 0
1012 29
1013 11
1014 23
1015 15
1016 15
1017 19
1018 0
1019 19
1020 1
1021 18
1022 0
1023 0
1024 2
1025 0
1026 7
1027 10
1028 2
1029 35
1030 2
1031 1
1032 17
1033 2
1034 15
1035 31
1036 4
1037 6
1038 0
1039 7
1040 0
1041 0
1042 1
1043 0
1044 10
1045 8
1046 3
1047 1
1048 9
1049 0
1050 0
1051 2
1052 23
1053 6
1054 13
1055 0
1056 9
1057 0
1058 11
1059 9
1060 4
1061 3
1062 0
1063 0
1064 10
1065 1
1066 9
1067 4
1068 5
1069 15
1070 0
1071 10
1072 0
1073 3
1074 9
1075 12
1076 5
1077 21
1078 7
1079 0
1080 9
1081 1
1082 63
1083 23
1084 14
1085 0
1086 0
1087 18
1088 14
1089 0
1090 13
1091 8
1092 17
1093 1
1094 9
1095 2
1096 5
1097 24
1098 1
1099 21
1100 0
1101 10
1102 2
1103 22
1104 6
1105 10
1106 33
1107 12
1108 33
1109 5
1110 0
1111 2
1112 0
1113 6
1114 4
1115 2
1116 0
1117 16
1118 1
1119 0
1120 0
1121 4
1122 3
1123 0
1124 3
1125 20
1126 25
1127 4
1128 2
1129 0
1130 44
1131 11
1132 5
1133 6
1134 11
1135 4
1136 1
1137 0
1138 5
1139 3
1140 6
1141 2
1142 7
1143 1
1144 4
1145 0
1146 7
1147 5
1148 11
1149 3
1150 14
1151 10
1152 17
1153 1
1154 9
1155 3
1156 15
1157 1
1158 2
1159 13
1160 0
1161 15
1162 0
1163 0
1164 0
1165 5
1166 23
1167 3
1168 4
1169 1
1170 4
1171 2
1172 2
1173 3
1174 11
1175 7
1176 0
1177 40
1178 25
1179 11
1180 2
1181 1
1182 7
1183 5
1184 12
1185 4
1186 9
1187 4
1188 3
1189 6
1190 25
1191 4
1192 9
1193 32
1194 0
1195 6
1196 9
1197 7
1198 0
1199 20
1200 5
1201 41
1202 8
1203 0
1204 8
1205 0
1206 3
1207 2
1208 16
1209 0
1210 1
1211 67
1212 0
1213 0
1214 9
1215 21
1216 24
1217 6
1218 4
1219 13
1220 0
1221 1
1222 37
1223 15
1224 13
1225 8
1226 5
1227 6
1228 4
1229 11
1230 6
1231 32
1232 13
1233 23
1234 5
1235 1
1236 11
1237 7
1238 30
1239 37
1240 5
1241 4
1242 1
1243 5
1244 3
1245 0
1246 0
1247 25
1248 2
1249 5
1250 3
1251 8
1252 1
1253 17
1254 2
1255 6
1256 4
1257 5
1258 3
1259 5
1260 17
1261 30
1262 7
1263 28
1264 7
1265 33
1266 9
1267 9
1268 2
1269 0
1270 0
1271 4
1272 8
1273 5
1274 0
1275 8
1276 12
1277 16
1278 17
1279 0
1280 0
1281 9
1282 0
1283 4
1284 0
1285 0
1286 8
1287 0
1288 5
1289 26
1290 5
1291 0
1292 36
1293 11
1294 11
1295 9
1296 2
1297 20
1298 3
1299 4
1300 65
1301 2
1302 4
1303 24
1304 0
1305 1
1306 4
1307 13
1308 2
1309 5
1310 1
1311 39
1312 2
1313 7
1314 4
1315 19
1316 3
1317 0
1318 33
1319 5
1320 20
1321 6
1322 1
1323 6
1324 1
1325 4
1326 35
1327 3
1328 17
1329 0
1330 14
1331 0
1332 5
1333 17
1334 3
1335 6
1336 3
1337 2
1338 3
1339 24
1340 2
1341 0
1342 17
1343 0
1344 20
1345 2
1346 6
1347 8
1348 5
1349 14
1350 17
1351 7
1352 14
1353 14
1354 0
1355 19
1356 4
1357 4
1358 0
1359 12
1360 5
1361 1
1362 4
1363 4
1364 5
1365 1
1366 6
1367 1
1368 7
1369 2
1370 24
1371 20
1372 6
1373 6
1374 3
1375 2
1376 15
1377 2
1378 2
1379 12
1380 8
1381 12
1382 3
1383 24
1384 17
1385 13
1386 9
1387 9
1388 3
1389 0
1390 10
1391 0
1392 0
1393 2
1394 30
1395 17
1396 36
1397 9
1398 0
1399 3
1400 2
1401 0
1402 4
1403 9
1404 28
1405 13
1406 1
1407 28
1408 2
1409 30
1410 10
1411 0
1412 7
1413 8
1414 0
1415 7
1416 1
1417 2
1418 8
1419 0
1420 0
1421 0
1422 11
1423 8
1424 0
1425 14
1426 0
1427 1
1428 3
1429 5
1430 2
1431 2
1432 5
1433 0
1434 0
1435 35
1436 2
1437 5
1438 1
1439 3
1440 4
1441 0
1442 0
1443 11
1444 0
1445 14
1446 2
1447 5
1448 19
1449 17
1450 9
1451 3
1452 10
1453 17
1454 10
1455 10
1456 2
1457 0
1458 4
1459 8
1460 10
1461 0
1462 5
1463 3
1464 12
1465 11
1466 20
1467 25
1468 26
1469 8
1470 5
1471 32
1472 10
1473 4
1474 4
1475 8
1476 12
1477 18
1478 0
1479 9
1480 6
1481 5
1482 11
1483 3
1484 6
1485 4
1486 5
1487 37
1488 0
1489 3
1490 20
1491 20
1492 7
1493 0
1494 7
1495 59
1496 15
1497 2
1498 1
1499 0
1500 21
1501 17
1502 0
1503 1
1504 17
1505 6
1506 9
1507 20
1508 24
1509 1
1510 4
1511 13
1512 4
1513 0
1514 10
1515 0
1516 1
1517 2
1518 6
1519 0
1520 1
1521 17
1522 32
1523 26
1524 0
1525 7
1526 2
1527 8
1528 8
1529 3
1530 1
1531 3
1532 1
1533 11
1534 0
1535 20
1536 15
1537 33
1538 0
1539 1
1540 2
1541 4
1542 1
1543 2
1544 2
1545 1
1546 0
1547 6
1548 1
1549 2
1550 0
1551 2
1552 3
1553 3
1554 45
1555 10
1556 0
1557 6
1558 3
1559 1
1560 4
1561 12
1562 38
1563 7
1564 5
1565 4
1566 0
1567 0
1568 3
1569 3
1570 0
1571 9
1572 19
1573 0
1574 9
1575 10
1576 0
1577 1
1578 17
1579 17
1580 2
1581 4
1582 8
1583 0
1584 11
1585 0
1586 1
1587 4
1588 2
1589 2
1590 1
1591 0
1592 24
1593 10
1594 5
1595 1
1596 19
1597 1
