1 3
2 0
3 11
4 11
5 11
6 18
7 2
8 0
9 12
10 0
11 0
12 9
13 9
14 4
15 6
16 10
17 8
18 10
19 0
20 1
21 2
22 1
23 1
24 10
25 14
26 10
27 4
28 6
29 0
30 3
31 19
32 10
33 0
34 22
35 7
36 6
37 28
38 2
39 14
40 10
41 0
42 5
43 13
44 1
45 0
46 2
47 0
48 8
49 3
50 2
51 15
52 6
53 1
54 3
55 5
56 17
57 0
58 19
59 3
60 10
61 5
62 10
63 11
64 0
65 5
66 0
67 0
68 0
69 4
70 3
71 0
72 3
73 9
74 5
75 21
76 12
77 5
78 2
79 8
80 12
81 8
82 1
83 9
84 19
85 3
86 15
87 0
88 0
89 7
90 14
91 3
92 2
93 9
94 9
95 2
96 5
97 2
98 0
99 9
100 8
101 5
102 7
103 8
104 1
105 0
106 16
107 3
108 11
109 19
110 0
111 0
112 6
113 3
114 7
115 7
116 8
117 6
118 11
119 3
120 14
121 3
122 12
123 0
124 16
125 2
126 20
127 18
128 24
129 23
130 0
131 1
132 2
133 3
134 3
135 1
136 2
137 8
138 5
139 2
140 3
141 3
142 1
143 4
144 5
145 16
146 1
147 6
148 7
149 0
150 1
151 7
152 1
153 1
154 4
155 0
156 3
157 0
158 1
159 2
160 0
161 1
162 4
163 9
164 0
165 4
166 17
167 4
168 2
169 3
170 1
171 0
172 1
173 0
174 0
175 15
176 16
177 5
178 1
179 6
180 3
181 2
182 6
183 16
184 1
185 6
186 0
187 1
188 25
189 0
190 0
191 9
192 0
193 24
194 3
195 4
196 0
197 1
198 1
199 2
200 12
201 1
202 0
203 0
204 10
205 2
206 10
207 4
208 16
209 10
210 4
211 0
212 0
213 0
214 1
215 0
216 2
217 2
218 21
219 5
220 4
221 5
222 7
223 0
224 5
225 12
226 0
227 1
228 6
229 7
230 1
231 4
232 27
233 3
234 2
235 0
236 8
237 27
238 7
239 5
240 9
241 1
242 9
243 2
244 0
245 0
246 19
247 8
248 15
249 1
250 3
251 7
252 0
253 7
254 12
255 0
256 8
257 5
258 2
259 0
260 5
261 0
262 4
263 1
264 0
265 7
266 0
267 6
268 0
269 0
270 0
271 9
272 2
273 1
274 0
275 2
276 0
277 1
278 0
279 1
280 0
281 10
282 0
283 10
284 1
285 0
286 3
287 6
288 11
289 4
290 2
291 14
292 2
293 18
294 3
295 2
296 3
297 5
298 8
299 5
300 0
301 0
302 1
303 15
304 4
305 3
306 0
307 12
308 8
309 16
310 4
311 9
312 5
313 12
314 28
315 7
316 4
317 0
318 5
319 1
320 3
321 10
322 5
323 6
324 16
325 4
326 2
327 1
328 5
329 0
330 0
331 1
332 4
333 6
334 10
335 5
336 5
337 6
338 1
339 8
340 0
341 2
342 5
343 15
344 30
345 12
346 12
347 7
348 1
349 7
350 3
351 9
352 5
353 5
354 6
355 26
356 2
357 29
358 9
359 31
360 3
361 25
362 0
363 4
364 3
365 3
366 1
367 8
368 1
369 1
370 5
371 7
372 2
373 1
374 0
375 2
376 3
377 22
378 21
379 15
380 6
381 11
382 1
383 9
384 6
385 1
386 1
387 14
388 5
389 17
390 7
391 19
392 20
393 0
394 2
395 20
396 3
397 8
398 16
399 0
400 37
401 2
402 3
403 15
404 6
405 0
406 9
407 1
408 0
409 1
410 1
411 14
412 4
413 0
414 3
415 4
416 14
417 0
418 14
419 4
420 10
421 26
422 7
423 0
424 7
425 1
426 4
427 6
428 2
429 0
430 6
431 0
432 46
433 12
434 1
435 3
436 2
437 3
438 3
439 4
440 29
441 0
442 2
443 18
444 2
445 0
446 2
447 12
448 6
449 8
450 2
451 11
452 0
453 27
454 3
455 4
456 1
457 2
458 3
459 13
460 5
461 0
462 0
463 10
464 6
465 0
466 3
467 1
468 8
469 0
470 21
471 11
472 19
473 25
474 2
475 1
476 16
477 1
478 6
479 7
480 6
481 6
482 7
483 0
484 0
485 2
486 5
487 1
488 10
489 1
490 3
491 13
492 17
493 1
494 4
495 8
496 10
497 3
498 5
499 4
500 4
501 2
502 2
503 11
504 0
505 15
506 24
507 9
508 5
509 3
510 0
511 0
512 0
513 8
514 5
515 6
516 0
517 7
518 5
519 0
520 4
521 1
522 6
523 3
524 25
525 3
526 0
527 21
528 6
529 1
530 22
531 0
532 4
533 7
534 2
535 9
536 0
537 12
538 4
539 7
540 29
541 4
542 10
543 9
544 25
545 1
546 1
547 28
548 5
549 2
550 44
551 0
552 6
553 19
554 11
555 1
556 8
557 2
558 17
559 10
560 3
561 10
562 12
563 23
564 11
565 16
566 16
567 6
568 3
569 15
570 5
571 31
572 6
573 53
574 20
575 0
576 1
577 20
578 3
579 12
580 2
581 2
582 1
583 11
584 5
585 3
586 10
587 0
588 4
589 0
590 1
591 13
592 6
593 1
594 2
595 26
596 20
597 18
598 2
599 1
600 24
601 0
602 4
603 1
604 1
605 23
606 13
607 2
608 2
609 0
610 20
611 21
612 0
613 2
614 14
615 23
616 1
617 8
618 4
619 6
620 0
621 11
622 9
623 6
624 12
625 1
626 6
627 4
628 30
629 1
630 10
631 4
632 6
633 7
634 16
635 28
636 0
637 14
638 7
639 1
640 0
641 49
642 8
643 6
644 0
645 12
646 1
647 7
648 2
649 2
650 9
651 12
652 0
653 0
654 3
655 2
656 5
657 0
658 3
659 3
660 8
661 0
662 9
663 0
664 2
665 8
666 0
667 7
668 32
669 11
670 2
671 4
672 1
673 10
674 16
675 3
676 12
677 3
678 19
679 1
680 7
681 3
682 2
683 2
684 36
685 0
686 15
687 26
688 1
689 9
690 1
691 0
692 6
693 5
694 12
695 4
696 6
697 9
698 1
699 2
700 0
701 2
702 10
703 1
704 10
705 17
706 4
707 6
708 2
709 4
710 2
711 8
712 0
713 6
714 1
715 37
716 9
717 0
718 0
719 3
720 0
721 0
722 3
723 13
724 0
725 0
726 15
727 0
728 1
729 4
730 5
731 10
732 1
733 19
734 6
735 3
736 0
737 3
738 0
739 3
740 17
741 0
742 11
743 3
744 17
745 0
746 0
747 5
748 3
749 18
750 4
751 1
752 8
753 6
754 18
755 0
756 5
757 6
758 16
759 6
760 4
761 35
762 0
763 43
764 4
765 5
766 5
767 0
768 21
769 1
770 0
771 0
772 0
773 4
774 10
775 13
776 4
777 1
778 5
779 16
780 18
781 2
782 0
783 4
784 2
785 2
786 1
787 3
788 4
789 8
790 3
791 28
792 0
793 10
794 4
795 1
796 11
797 11
798 3
799 2
800 4
801 1
802 20
803 1
804 1
805 1
806 0
807 8
808 0
809 8
810 2
811 9
812 7
813 8
814 5
815 9
816 0
817 8
818 26
819 1
820 2
821 0
822 8
823 2
824 0
825 5
826 36
827 0
828 0
829 7
830 4
831 3
832 8
833 7
834 0
835 2
836 10
837 4
838 0
839 1
840 0
841 1
842 2
843 3
844 8
845 4
846 20
847 6
848 6
849 12
850 2
851 0
852 0
853 0
854 1
855 9
856 17
857 3
858 1
859 0
860 4
861 13
862 6
863 1
864 3
865 12
866 0
867 13
868 0
869 2
870 12
871 13
872 4
873 3
874 9
875 12
876 0
877 0
878 23
879 19
880 0
881 1
882 0
883 11
884 1
885 6
886 4
887 2
888 9
889 1
890 1
891 8
892 1
893 9
894 12
895 2
896 25
897 3
898 17
899 5
900 8
901 5
902 13
903 5
904 4
905 4
906 0
907 6
908 14
909 10
910 0
911 0
912 13
913 7
914 4
915 8
916 3
917 23
918 3
919 30
920 13
921 9
922 7
923 6
924 31
925 5
926 6
927 16
928 7
929 13
930 8
931 17
932 3
933 5
934 15
935 2
936 7
937 3
938 18
939 14
940 1
941 0
942 3
943 9
944 1
945 10
946 0
947 9
948 7
949 3
950 6
951 2
952 2
953 8
954 0
955 7
956 51
957 23
958 22
959 32
960 9
961 2
962 3
963 2
964 3
965 5
966 5
967 24
968 0
969 2
970 6
971 2
972 0
973 1
974 17
975 2
976 24
977 4
978 0
979 1
980 1
981 5
982 8
983 1
984 1
985 10
986 1
987 10
988 19
989 1
990 51
991 13
992 13
993 2
994 18
995 4
996 8
997 19
998 9
999 0
1000 6
1001 5
1002 5
1003 16
1004 6
1005 2
1006 7
1007 1
1008 19
1009 15
1010 1
1011 4
1012 34
1013 2
1014 22
1015 8
1016 3
1017 2
1018 5
1019 9
1020 4
1021 9
1022 2
1023 0
1024 3
1025 0
1026 1
1027 1
1028 2
1029 1
1030 3
1031 2
1032 19
1033 0
1034 7
1035 0
1036 2
1037 14
1038 10
1039 7
1040 3
1041 2
1042 2
1043 5
1044 0
1045 9
1046 4
1047 7
1048 2
1049 0
1050 1
1051 22
1052 9
1053 12
1054 19
1055 1
1056 15
1057 2
1058 3
1059 19
1060 0
1061 3
1062 2
1063 2
1064 25
1065 1
1066 5
1067 0
1068 2
1069 5
1070 2
1071 19
1072 1
1073 3
1074 7
1075 4
1076 27
1077 4
1078 0
1079 4
1080 5
1081 4
1082 5
1083 45
1084 1
1085 0
1086 2
1087 16
1088 4
1089 0
1090 16
1091 18
1092 2
1093 7
1094 10
1095 0
1096 25
1097 20
1098 22
1099 4
1100 2
1101 7
1102 11
1103 7
1104 37
1105 14
1106 10
1107 10
1108 7
1109 5
1110 0
1111 7
1112 0
1113 0
1114 1
1115 5
1116 6
1117 7
1118 7
1119 0
1120 12
1121 3
1122 0
1123 1
1124 0
1125 7
1126 17
1127 4
1128 5
1129 0
1130 34
1131 19
1132 9
1133 13
1134 3
1135 5
1136 6
1137 7
1138 1
1139 2
1140 0
1141 3
1142 5
1143 0
1144 4
1145 2
1146 4
1147 3
1148 2
1149 4
1150 6
1151 2
1152 21
1153 0
1154 17
1155 6
1156 14
1157 11
1158 7
1159 30
1160 4
1161 7
1162 0
1163 7
1164 1
1165 1
1166 11
1167 7
1168 5
1169 0
1170 3
1171 0
1172 1
1173 1
1174 0
1175 9
1176 0
1177 6
1178 5
1179 2
1180 2
1181 14
1182 5
1183 7
1184 13
1185 2
1186 1
1187 9
1188 0
1189 5
1190 23
1191 14
1192 9
1193 2
1194 1
1195 0
1196 4
1197 3
1198 1
1199 4
1200 2
1201 11
1202 11
1203 0
1204 22
1205 6
1206 0
1207 1
1208 3
1209 1
1210 3
1211 6
1212 0
1213 0
1214 1
1215 8
1216 10
1217 1
1218 2
1219 19
1220 0
1221 4
1222 8
1223 2
1224 6
1225 1
1226 0
1227 8
1228 2
1229 4
1230 5
1231 25
1232 0
1233 28
1234 0
1235 0
1236 0
1237 10
1238 30
1239 20
1240 1
1241 0
1242 0
1243 3
1244 5
1245 0
1246 3
1247 5
1248 7
1249 11
1250 9
1251 4
1252 4
1253 8
1254 3
1255 34
1256 2
1257 6
1258 4
1259 12
1260 3
1261 20
1262 9
1263 0
1264 3
1265 5
1266 3
1267 16
1268 1
1269 0
1270 0
1271 8
1272 3
1273 4
1274 3
1275 7
1276 0
1277 3
1278 6
1279 0
1280 0
1281 7
1282 5
1283 3
1284 3
1285 0
1286 7
1287 1
1288 3
1289 1
1290 0
1291 3
1292 14
1293 2
1294 1
1295 27
1296 2
1297 7
1298 3
1299 0
1300 17
1301 21
1302 2
1303 51
1304 0
1305 3
1306 3
1307 3
1308 0
1309 1
1310 5
1311 9
1312 14
1313 0
1314 19
1315 3
1316 1
1317 2
1318 6
1319 1
1320 15
1321 6
1322 2
1323 22
1324 0
1325 3
1326 19
1327 0
1328 8
1329 3
1330 19
1331 0
1332 1
1333 2
1334 3
1335 6
1336 2
1337 2
1338 3
1339 9
1340 0
1341 2
1342 1
1343 0
1344 7
1345 1
1346 2
1347 2
1348 0
1349 18
1350 4
1351 7
1352 13
1353 3
1354 0
1355 7
1356 1
1357 11
1358 1
1359 16
1360 2
1361 0
1362 0
1363 17
1364 2
1365 0
1366 4
1367 8
1368 17
1369 4
1370 3
1371 4
1372 0
1373 16
1374 7
1375 6
1376 2
1377 0
1378 0
1379 2
1380 1
1381 7
1382 14
1383 6
1384 9
1385 1
1386 4
1387 0
1388 7
1389 0
1390 3
1391 1
1392 0
1393 1
1394 2
1395 5
1396 4
1397 3
1398 0
1399 1
1400 4
1401 0
1402 1
1403 4
1404 8
1405 2
1406 1
1407 10
1408 0
1409 15
1410 4
1411 0
1412 11
1413 1
1414 1
1415 2
1416 4
1417 0
1418 8
1419 4
1420 1
1421 0
1422 17
1423 7
1424 0
1425 17
1426 0
1427 1
1428 3
1429 3
1430 12
1431 10
1432 0
1433 0
1434 0
1435 2
1436 8
1437 0
1438 4
1439 0
1440 1
1441 0
1442 7
1443 4
1444 0
1445 12
1446 6
1447 3
1448 11
1449 14
1450 18
1451 0
1452 3
1453 9
1454 1
1455 0
1456 2
1457 0
1458 0
1459 1
1460 6
1461 0
1462 0
1463 0
1464 1
1465 12
1466 5
1467 19
1468 9
1469 5
1470 17
1471 0
1472 4
1473 1
1474 17
1475 0
1476 14
1477 0
1478 1
1479 33
1480 3
1481 3
1482 2
1483 13
1484 7
1485 0
1486 3
1487 10
1488 14
1489 1
1490 14
1491 5
1492 18
1493 11
1494 2
1495 15
1496 18
1497 9
1498 13
1499 0
1500 7
1501 2
1502 6
1503 3
1504 1
1505 11
1506 6
1507 9
1508 72
1509 3
1510 1
1511 9
1512 14
1513 1
1514 1
1515 3
1516 1
1517 3
1518 6
1519 0
1520 9
1521 5
1522 17
1523 10
1524 2
1525 9
1526 2
1527 6
1528 2
1529 3
1530 1
1531 4
1532 0
1533 2
1534 3
1535 13
1536 5
1537 17
1538 2
1539 9
1540 0
1541 0
1542 2
1543 5
1544 1
1545 1
1546 1
1547 2
1548 2
1549 0
1550 5
1551 22
1552 9
1553 7
1554 18
1555 3
1556 0
1557 3
1558 0
1559 2
1560 4
1561 1
1562 34
1563 4
1564 6
1565 2
1566 14
1567 0
1568 3
1569 1
1570 0
1571 5
1572 37
1573 0
1574 1
1575 8
1576 0
1577 2
1578 2
1579 13
1580 8
1581 3
1582 6
1583 4
1584 8
1585 4
1586 4
1587 12
1588 3
1589 1
1590 13
1591 0
1592 21
1593 3
1594 6
1595 6
1596 8
1597 3
