1 0
2 0
3 12
4 8
5 10
6 14
7 0
8 0
9 11
10 0
11 0
12 7
13 3
14 4
15 5
16 6
17 7
18 13
19 18
20 5
21 17
22 4
23 1
24 45
25 17
26 18
27 4
28 0
29 5
30 0
31 9
32 1
33 13
34 7
35 17
36 11
37 32
38 4
39 4
40 12
41 3
42 7
43 4
44 15
45 1
46 4
47 0
48 6
49 0
50 5
51 6
52 3
53 2
54 2
55 0
56 10
57 0
58 15
59 5
60 18
61 3
62 1
63 1
64 0
65 12
66 4
67 1
68 0
69 2
70 2
71 1
72 5
73 1
74 3
75 8
76 5
77 16
78 4
79 19
80 13
81 18
82 1
83 12
84 5
85 11
86 7
87 0
88 0
89 3
90 40
91 7
92 4
93 45
94 3
95 0
96 17
97 4
98 5
99 6
100 8
101 5
102 2
103 31
104 0
105 0
106 6
107 0
108 6
109 2
110 0
111 1
112 10
113 1
114 4
115 9
116 5
117 8
118 1
119 4
120 5
121 15
122 0
123 6
124 6
125 2
126 7
127 11
128 6
129 10
130 5
131 2
132 4
133 3
134 5
135 3
136 7
137 2
138 1
139 2
140 9
141 1
142 0
143 3
144 14
145 20
146 1
147 11
148 1
149 20
150 2
151 15
152 0
153 0
154 4
155 0
156 0
157 0
158 6
159 13
160 3
161 2
162 3
163 5
164 0
165 17
166 17
167 0
168 13
169 9
170 0
171 2
172 3
173 2
174 1
175 7
176 2
177 4
178 9
179 8
180 10
181 6
182 1
183 19
184 1
185 7
186 0
187 5
188 28
189 5
190 1
191 6
192 3
193 0
194 3
195 2
196 0
197 0
198 3
199 0
200 2
201 0
202 6
203 0
204 12
205 0
206 6
207 7
208 2
209 7
210 3
211 22
212 4
213 0
214 4
215 2
216 1
217 3
218 6
219 1
220 2
221 1
222 4
223 1
224 1
225 3
226 1
227 1
228 11
229 2
230 12
231 8
232 10
233 4
234 0
235 1
236 14
237 7
238 4
239 17
240 16
241 10
242 0
243 1
244 8
245 0
246 2
247 4
248 5
249 1
250 5
251 9
252 0
253 1
254 4
255 0
256 9
257 3
258 11
259 5
260 3
261 18
262 0
263 5
264 0
265 6
266 1
267 3
268 3
269 3
270 0
271 7
272 4
273 5
274 0
275 1
276 0
277 0
278 2
279 3
280 3
281 1
282 10
283 2
284 5
285 0
286 17
287 1
288 1
289 0
290 6
291 0
292 10
293 6
294 3
295 9
296 1
297 27
298 0
299 22
300 6
301 2
302 22
303 16
304 3
305 1
306 4
307 13
308 14
309 3
310 0
311 13
312 17
313 13
314 16
315 7
316 9
317 2
318 6
319 3
320 4
321 26
322 2
323 4
324 9
325 1
326 1
327 1
328 2
329 0
330 3
331 2
332 6
333 5
334 5
335 7
336 7
337 6
338 2
339 4
340 1
341 9
342 11
343 9
344 13
345 2
346 16
347 7
348 3
349 5
350 7
351 13
352 13
353 3
354 3
355 12
356 22
357 4
358 11
359 10
360 0
361 1
362 13
363 0
364 0
365 1
366 6
367 15
368 3
369 6
370 2
371 7
372 3
373 4
374 1
375 0
376 24
377 5
378 7
379 7
380 2
381 5
382 0
383 11
384 3
385 12
386 9
387 7
388 15
389 14
390 13
391 8
392 2
393 4
394 4
395 20
396 4
397 8
398 12
399 6
400 27
401 3
402 18
403 0
404 3
405 1
406 4
407 3
408 3
409 0
410 2
411 4
412 0
413 5
414 10
415 7
416 19
417 2
418 9
419 8
420 4
421 7
422 33
423 6
424 1
425 1
426 2
427 4
428 26
429 8
430 7
431 2
432 19
433 9
434 2
435 1
436 9
437 0
438 2
439 15
440 10
441 4
442 6
443 6
444 0
445 0
446 12
447 0
448 23
449 12
450 2
451 1
452 6
453 6
454 18
455 14
456 2
457 11
458 3
459 4
460 6
461 25
462 25
463 6
464 30
465 3
466 19
467 0
468 1
469 2
470 8
471 28
472 4
473 5
474 0
475 1
476 17
477 0
478 1
479 0
480 0
481 2
482 2
483 0
484 0
485 8
486 7
487 3
488 3
489 1
490 3
491 4
492 10
493 1
494 15
495 12
496 4
497 2
498 13
499 23
500 4
501 1
502 3
503 4
504 1
505 2
506 6
507 11
508 6
509 0
510 0
511 6
512 0
513 5
514 4
515 26
516 0
517 6
518 4
519 0
520 41
521 1
522 7
523 12
524 2
525 0
526 0
527 1
528 1
529 0
530 9
531 0
532 1
533 3
534 14
535 0
536 6
537 10
538 3
539 14
540 4
541 5
542 10
543 0
544 3
545 3
546 0
547 3
548 0
549 4
550 1
551 2
552 3
553 8
554 3
555 5
556 23
557 5
558 14
559 5
560 16
561 14
562 15
563 3
564 0
565 2
566 0
567 4
568 2
569 1
570 0
571 51
572 11
573 21
574 11
575 3
576 0
577 0
578 3
579 5
580 8
581 5
582 0
583 1
584 13
585 2
586 3
587 4
588 1
589 0
590 2
591 6
592 3
593 3
594 4
595 2
596 3
597 12
598 1
599 4
600 5
601 1
602 0
603 14
604 2
605 12
606 7
607 2
608 8
609 15
610 3
611 9
612 7
613 0
614 14
615 24
616 1
617 5
618 0
619 6
620 0
621 0
622 9
623 7
624 5
625 4
626 14
627 19
628 4
629 4
630 25
631 5
632 4
633 11
634 1
635 12
636 5
637 18
638 5
639 0
640 0
641 5
642 9
643 16
644 0
645 5
646 4
647 10
648 7
649 2
650 13
651 14
652 1
653 3
654 4
655 2
656 2
657 0
658 14
659 2
660 4
661 3
662 4
663 3
664 0
665 4
666 1
667 8
668 22
669 7
670 0
671 10
672 4
673 5
674 0
675 0
676 5
677 5
678 20
679 0
680 5
681 5
682 9
683 2
684 41
685 0
686 34
687 13
688 1
689 18
690 2
691 0
692 5
693 3
694 17
695 7
696 34
697 36
698 4
699 7
700 8
701 18
702 8
703 3
704 28
705 8
706 9
707 4
708 5
709 3
710 4
711 7
712 13
713 0
714 5
715 16
716 7
717 5
718 1
719 2
720 24
721 9
722 0
723 17
724 0
725 9
726 8
727 2
728 3
729 53
730 10
731 7
732 8
733 6
734 16
735 5
736 4
737 13
738 0
739 4
740 4
741 2
742 8
743 2
744 17
745 0
746 6
747 0
748 5
749 8
750 21
751 5
752 15
753 2
754 14
755 9
756 31
757 6
758 18
759 3
760 4
761 26
762 0
763 9
764 9
765 9
766 9
767 13
768 25
769 4
770 4
771 5
772 0
773 13
774 3
775 15
776 0
777 17
778 3
779 5
780 8
781 1
782 21
783 4
784 14
785 8
786 29
787 24
788 9
789 7
790 7
791 6
792 1
793 9
794 2
795 8
796 30
797 8
798 21
799 2
800 1
801 3
802 7
803 13
804 2
805 4
806 1
807 3
808 0
809 2
810 3
811 3
812 4
813 0
814 16
815 7
816 7
817 1
818 12
819 5
820 6
821 1
822 11
823 0
824 3
825 75
826 12
827 5
828 1
829 5
830 4
831 5
832 6
833 8
834 0
835 3
836 10
837 19
838 6
839 3
840 6
841 4
842 6
843 15
844 1
845 1
846 16
847 27
848 12
849 9
850 5
851 2
852 0
853 11
854 3
855 9
856 5
857 7
858 6
859 0
860 0
861 6
862 6
863 6
864 4
865 3
866 7
867 16
868 4
869 18
870 7
871 10
872 6
873 0
874 4
875 0
876 1
877 2
878 24
879 7
880 1
881 3
882 0
883 6
884 0
885 12
886 12
887 1
888 2
889 0
890 6
891 3
892 0
893 3
894 1
895 0
896 5
897 0
898 2
899 2
900 0
901 10
902 0
903 3
904 2
905 0
906 0
907 1
908 10
909 0
910 0
911 0
912 5
913 2
914 6
915 12
916 5
917 3
918 0
919 6
920 20
921 0
922 3
923 9
924 4
925 5
926 7
927 6
928 5
929 27
930 2
931 16
932 2
933 0
934 2
935 7
936 10
937 0
938 8
939 3
940 0
941 0
942 14
943 2
944 11
945 0
946 5
947 2
948 4
949 10
950 5
951 4
952 6
953 2
954 7
955 3
956 19
957 5
958 1
959 3
960 6
961 2
962 0
963 0
964 13
965 1
966 8
967 2
968 5
969 3
970 8
971 15
972 2
973 6
974 34
975 7
976 8
977 19
978 8
979 1
980 3
981 11
982 4
983 0
984 2
985 38
986 12
987 14
988 26
989 5
990 22
991 17
992 15
993 9
994 2
995 10
996 9
997 9
998 3
999 3
1000 1
1001 0
1002 6
1003 2
1004 6
1005 0
1006 18
1007 2
1008 48
1009 5
1010 7
1011 7
1012 28
1013 4
1014 14
1015 25
1016 7
1017 6
1018 0
1019 11
1020 4
1021 14
1022 2
1023 0
1024 3
1025 3
1026 7
1027 11
1028 0
1029 8
1030 9
1031 0
1032 8
1033 0
1034 3
1035 6
1036 25
1037 17
1038 0
1039 12
1040 5
1041 0
1042 8
1043 2
1044 14
1045 17
1046 3
1047 0
1048 10
1049 2
1050 0
1051 11
1052 14
1053 2
1054 7
1055 2
1056 1
1057 0
1058 20
1059 15
1060 0
1061 1
1062 0
1063 0
1064 17
1065 0
1066 22
1067 0
1068 3
1069 6
1070 0
1071 7
1072 2
1073 5
1074 3
1075 6
1076 3
1077 3
1078 6
1079 6
1080 4
1081 7
1082 13
1083 14
1084 15
1085 8
1086 5
1087 6
1088 3
1089 0
1090 17
1091 1
1092 0
1093 0
1094 11
1095 0
1096 8
1097 7
1098 6
1099 8
1100 4
1101 1
1102 0
1103 13
1104 35
1105 8
1106 1
1107 9
1108 5
1109 3
1110 0
1111 11
1112 4
1113 0
1114 4
1115 3
1116 1
1117 6
1118 5
1119 0
1120 2
1121 12
1122 0
1123 0
1124 2
1125 7
1126 11
1127 1
1128 3
1129 0
1130 10
1131 11
1132 0
1133 4
1134 0
1135 6
1136 0
1137 10
1138 0
1139 6
1140 2
1141 1
1142 9
1143 3
1144 3
1145 1
1146 17
1147 2
1148 2
1149 10
1150 1
1151 11
1152 19
1153 3
1154 13
1155 1
1156 9
1157 3
1158 3
1159 23
1160 2
1161 4
1162 1
1163 2
1164 1
1165 9
1166 8
1167 6
1168 6
1169 1
1170 4
1171 4
1172 5
1173 4
1174 1
1175 1
1176 5
1177 14
1178 5
1179 10
1180 11
1181 5
1182 17
1183 5
1184 4
1185 0
1186 0
1187 3
1188 9
1189 4
1190 3
1191 12
1192 3
1193 48
1194 14
1195 7
1196 26
1197 6
1198 0
1199 13
1200 9
1201 9
1202 4
1203 1
1204 10
1205 3
1206 0
1207 2
1208 3
1209 1
1210 5
1211 6
1212 2
1213 4
1214 0
1215 4
1216 17
1217 10
1218 11
1219 14
1220 0
1221 5
1222 13
1223 3
1224 6
1225 3
1226 0
1227 4
1228 5
1229 0
1230 3
1231 17
1232 4
1233 13
1234 0
1235 3
1236 0
1237 1
1238 11
1239 17
1240 2
1241 4
1242 6
1243 3
1244 8
1245 3
1246 0
1247 16
1248 0
1249 6
1250 3
1251 1
1252 0
1253 3
1254 2
1255 5
1256 0
1257 4
1258 3
1259 0
1260 1
1261 26
1262 8
1263 6
1264 1
1265 14
1266 2
1267 8
1268 6
1269 0
1270 3
1271 4
1272 7
1273 5
1274 11
1275 8
1276 4
1277 9
1278 25
1279 4
1280 1
1281 16
1282 4
1283 18
1284 0
1285 4
1286 13
1287 1
1288 10
1289 12
1290 3
1291 16
1292 18
1293 22
1294 3
1295 72
1296 8
1297 64
1298 16
1299 29
1300 46
1301 6
1302 8
1303 47
1304 5
1305 0
1306 13
1307 17
1308 3
1309 14
1310 2
1311 7
1312 17
1313 0
1314 6
1315 0
1316 1
1317 3
1318 6
1319 1
1320 20
1321 64
1322 3
1323 6
1324 4
1325 4
1326 14
1327 1
1328 19
1329 1
1330 7
1331 0
1332 0
1333 30
1334 2
1335 13
1336 16
1337 0
1338 16
1339 25
1340 1
1341 9
1342 6
1343 0
1344 33
1345 2
1346 0
1347 4
1348 2
1349 2
1350 43
1351 8
1352 9
1353 21
1354 0
1355 6
1356 3
1357 10
1358 1
1359 11
1360 7
1361 3
1362 12
1363 19
1364 21
1365 15
1366 19
1367 10
1368 8
1369 15
1370 9
1371 7
1372 6
1373 12
1374 1
1375 0
1376 18
1377 0
1378 4
1379 68
1380 2
1381 8
1382 13
1383 5
1384 5
1385 4
1386 7
1387 0
1388 3
1389 0
1390 12
1391 0
1392 2
1393 0
1394 11
1395 33
1396 3
1397 3
1398 0
1399 8
1400 12
1401 8
1402 5
1403 7
1404 9
1405 13
1406 0
1407 5
1408 1
1409 12
1410 3
1411 0
1412 8
1413 4
1414 0
1415 22
1416 0
1417 4
1418 4
1419 8
1420 0
1421 0
1422 14
1423 0
1424 0
1425 8
1426 0
1427 25
1428 0
1429 0
1430 6
1431 1
1432 5
1433 0
1434 2
1435 2
1436 23
1437 3
1438 2
1439 0
1440 0
1441 1
1442 0
1443 4
1444 0
1445 7
1446 4
1447 5
1448 18
1449 12
1450 13
1451 0
1452 3
1453 9
1454 5
1455 42
1456 1
1457 0
1458 5
1459 8
1460 4
1461 0
1462 10
1463 7
1464 0
1465 7
1466 3
1467 37
1468 31
1469 13
1470 6
1471 5
1472 12
1473 1
1474 18
1475 24
1476 4
1477 2
1478 0
1479 7
1480 7
1481 4
1482 5
1483 0
1484 15
1485 26
1486 8
1487 11
1488 0
1489 9
1490 7
1491 11
1492 3
1493 3
1494 2
1495 6
1496 8
1497 4
1498 4
1499 2
1500 1
1501 13
1502 0
1503 0
1504 1
1505 4
1506 1
1507 4
1508 2
1509 0
1510 1
1511 6
1512 1
1513 1
1514 7
1515 0
1516 1
1517 4
1518 18
1519 0
1520 1
1521 6
1522 17
1523 6
1524 0
1525 12
1526 0
1527 3
1528 6
1529 2
1530 2
1531 4
1532 4
1533 10
1534 0
1535 6
1536 5
1537 44
1538 5
1539 15
1540 0
1541 0
1542 0
1543 2
1544 0
1545 0
1546 3
1547 0
1548 1
1549 1
1550 4
1551 3
1552 1
1553 2
1554 3
1555 7
1556 0
1557 4
1558 0
1559 0
1560 2
1561 1
1562 10
1563 6
1564 0
1565 14
1566 3
1567 0
1568 29
1569 1
1570 8
1571 2
1572 8
1573 0
1574 12
1575 6
1576 0
1577 0
1578 7
1579 7
1580 2
1581 13
1582 4
1583 3
1584 15
1585 0
1586 1
1587 7
1588 1
1589 1
1590 5
1591 1
1592 9
1593 11
1594 10
1595 0
1596 6
1597 3
