1 0
2 0
3 5
4 24
5 9
6 29
7 0
8 0
9 7
10 0
11 0
12 15
13 7
14 3
15 6
16 3
17 0
18 16
19 0
20 1
21 3
22 13
23 4
24 11
25 4
26 12
27 13
28 0
29 2
30 0
31 38
32 5
33 3
34 0
35 6
36 0
37 12
38 4
39 18
40 8
41 0
42 4
43 3
44 1
45 11
46 0
47 2
48 2
49 1
50 6
51 17
52 5
53 0
54 3
55 0
56 11
57 1
58 3
59 5
60 2
61 6
62 18
63 2
64 0
65 6
66 1
67 1
68 4
69 0
70 4
71 0
72 11
73 21
74 2
75 15
76 13
77 1
78 5
79 5
80 3
81 24
82 2
83 0
84 7
85 3
86 4
87 1
88 0
89 32
90 11
91 0
92 21
93 5
94 9
95 6
96 1
97 4
98 9
99 33
100 9
101 19
102 2
103 14
104 3
105 0
106 0
107 0
108 7
109 2
110 4
111 7
112 10
113 7
114 1
115 5
116 4
117 11
118 6
119 10
120 7
121 1
122 1
123 10
124 35
125 3
126 38
127 4
128 1
129 12
130 6
131 4
132 3
133 10
134 4
135 3
136 2
137 1
138 4
139 1
140 10
141 2
142 0
143 0
144 2
145 12
146 3
147 9
148 35
149 3
150 0
151 22
152 3
153 1
154 2
155 2
156 0
157 3
158 3
159 12
160 0
161 1
162 9
163 13
164 0
165 1
166 5
167 0
168 3
169 10
170 0
171 0
172 2
173 1
174 7
175 3
176 11
177 8
178 3
179 2
180 51
181 31
182 23
183 12
184 4
185 7
186 0
187 1
188 5
189 1
190 0
191 3
192 0
193 5
194 1
195 3
196 0
197 0
198 1
199 0
200 4
201 0
202 3
203 2
204 0
205 0
206 20
207 0
208 17
209 3
210 14
211 6
212 0
213 0
214 21
215 0
216 1
217 9
218 11
219 28
220 13
221 0
222 5
223 6
224 2
225 3
226 0
227 3
228 11
229 9
230 4
231 7
232 16
233 8
234 0
235 0
236 18
237 1
238 0
239 5
240 3
241 1
242 4
243 11
244 0
245 0
246 4
247 5
248 8
249 0
250 9
251 3
252 0
253 1
254 8
255 5
256 19
257 7
258 10
259 4
260 7
261 3
262 1
263 9
264 4
265 5
266 0
267 5
268 0
269 5
270 0
271 4
272 0
273 1
274 0
275 12
276 0
277 0
278 2
279 0
280 0
281 1
282 2
283 19
284 24
285 0
286 4
287 3
288 0
289 0
290 10
291 3
292 3
293 32
294 0
295 1
296 3
297 0
298 10
299 1
300 0
301 0
302 5
303 2
304 3
305 2
306 0
307 15
308 8
309 11
310 0
311 15
312 5
313 10
314 9
315 10
316 18
317 8
318 19
319 6
320 3
321 7
322 0
323 10
324 1
325 2
326 1
327 12
328 9
329 1
330 0
331 4
332 3
333 13
334 1
335 17
336 2
337 27
338 10
339 5
340 0
341 8
342 17
343 7
344 16
345 1
346 11
347 5
348 0
349 3
350 1
351 37
352 3
353 1
354 0
355 22
356 8
357 2
358 0
359 4
360 16
361 7
362 2
363 1
364 1
365 2
366 9
367 4
368 1
369 3
370 9
371 26
372 0
373 0
374 0
375 1
376 6
377 4
378 10
379 3
380 4
381 3
382 1
383 3
384 7
385 11
386 17
387 6
388 7
389 43
390 0
391 14
392 8
393 1
394 5
395 7
396 0
397 23
398 8
399 0
400 20
401 4
402 16
403 2
404 10
405 3
406 1
407 0
408 3
409 5
410 0
411 6
412 0
413 3
414 0
415 24
416 18
417 0
418 11
419 3
420 14
421 25
422 3
423 7
424 6
425 4
426 1
427 2
428 16
429 0
430 0
431 5
432 2
433 9
434 4
435 2
436 3
437 0
438 5
439 1
440 16
441 22
442 1
443 1
444 2
445 4
446 5
447 6
448 2
449 1
450 1
451 1
452 6
453 5
454 16
455 0
456 45
457 4
458 0
459 11
460 2
461 3
462 19
463 22
464 12
465 3
466 7
467 0
468 33
469 3
470 42
471 7
472 4
473 8
474 0
475 6
476 15
477 0
478 5
479 0
480 2
481 0
482 3
483 0
484 2
485 3
486 1
487 21
488 10
489 5
490 1
491 6
492 1
493 20
494 1
495 3
496 2
497 0
498 10
499 1
500 5
501 1
502 7
503 2
504 2
505 4
506 4
507 0
508 1
509 5
510 0
511 1
512 0
513 6
514 2
515 10
516 0
517 6
518 2
519 0
520 6
521 3
522 3
523 3
524 1
525 2
526 0
527 2
528 1
529 8
530 3
531 3
532 23
533 13
534 1
535 11
536 5
537 3
538 2
539 5
540 11
541 16
542 0
543 2
544 5
545 1
546 2
547 26
548 0
549 2
550 12
551 2
552 3
553 5
554 2
555 12
556 6
557 10
558 20
559 13
560 9
561 21
562 18
563 7
564 10
565 0
566 0
567 12
568 3
569 2
570 1
571 40
572 14
573 56
574 11
575 20
576 7
577 11
578 5
579 22
580 8
581 1
582 2
583 11
584 19
585 7
586 2
587 0
588 3
589 0
590 9
591 4
592 23
593 3
594 1
595 7
596 11
597 3
598 1
599 0
600 9
601 0
602 0
603 7
604 1
605 5
606 2
607 25
608 5
609 7
610 5
611 7
612 1
613 3
614 10
615 16
616 4
617 9
618 0
619 4
620 0
621 3
622 4
623 6
624 8
625 6
626 6
627 16
628 7
629 1
630 4
631 2
632 0
633 5
634 4
635 3
636 0
637 1
638 11
639 6
640 0
641 13
642 8
643 9
644 0
645 19
646 23
647 1
648 3
649 0
650 1
651 1
652 1
653 3
654 16
655 6
656 1
657 1
658 9
659 5
660 11
661 3
662 8
663 4
664 3
665 1
666 1
667 4
668 0
669 4
670 7
671 0
672 1
673 9
674 7
675 1
676 2
677 9
678 0
679 1
680 6
681 1
682 5
683 5
684 14
685 1
686 16
687 8
688 16
689 8
690 2
691 0
692 5
693 0
694 16
695 9
696 12
697 30
698 8
699 0
700 0
701 4
702 3
703 24
704 49
705 2
706 14
707 1
708 2
709 5
710 0
711 29
712 3
713 1
714 0
715 17
716 13
717 5
718 0
719 2
720 1
721 0
722 0
723 28
724 0
725 2
726 31
727 12
728 0
729 2
730 3
731 9
732 3
733 13
734 14
735 0
736 0
737 10
738 4
739 41
740 1
741 1
742 13
743 1
744 3
745 1
746 0
747 6
748 0
749 6
750 5
751 4
752 3
753 3
754 6
755 8
756 7
757 0
758 5
759 5
760 0
761 35
762 0
763 14
764 5
765 13
766 4
767 2
768 2
769 4
770 0
771 22
772 0
773 7
774 2
775 10
776 0
777 17
778 3
779 37
780 8
781 1
782 4
783 5
784 3
785 4
786 9
787 6
788 9
789 2
790 28
791 13
792 0
793 3
794 0
795 2
796 2
797 15
798 4
799 3
800 2
801 14
802 6
803 11
804 2
805 4
806 0
807 0
808 0
809 4
810 1
811 12
812 6
813 0
814 24
815 42
816 4
817 3
818 14
819 2
820 34
821 0
822 20
823 0
824 0
825 8
826 7
827 10
828 0
829 12
830 26
831 19
832 13
833 12
834 0
835 16
836 8
837 12
838 13
839 3
840 6
841 3
842 0
843 19
844 9
845 1
846 6
847 58
848 7
849 26
850 1
851 2
852 1
853 0
854 4
855 1
856 16
857 10
858 6
859 0
860 3
861 3
862 0
863 4
864 14
865 16
866 0
867 15
868 1
869 2
870 10
871 9
872 9
873 0
874 7
875 0
876 0
877 0
878 11
879 5
880 0
881 4
882 5
883 2
884 0
885 1
886 0
887 2
888 1
889 0
890 0
891 3
892 0
893 2
894 3
895 5
896 5
897 0
898 6
899 11
900 2
901 19
902 2
903 3
904 0
905 3
906 0
907 2
908 2
909 0
910 0
911 8
912 12
913 9
914 0
915 7
916 13
917 17
918 0
919 0
920 4
921 2
922 0
923 0
924 5
925 12
926 6
927 0
928 4
929 0
930 6
931 0
932 0
933 1
934 9
935 0
936 2
937 0
938 2
939 0
940 0
941 2
942 3
943 11
944 1
945 1
946 5
947 5
948 3
949 2
950 3
951 0
952 4
953 2
954 6
955 1
956 24
957 17
958 3
959 4
960 2
961 1
962 0
963 1
964 2
965 2
966 3
967 4
968 0
969 0
970 13
971 2
972 2
973 0
974 16
975 20
976 40
977 12
978 3
979 0
980 3
981 0
982 0
983 3
984 1
985 8
986 3
987 5
988 17
989 0
990 4
991 15
992 13
993 0
994 30
995 11
996 22
997 4
998 7
999 0
1000 9
1001 8
1002 36
1003 1
1004 0
1005 7
1006 9
1007 2
1008 21
1009 9
1010 4
1011 2
1012 26
1013 1
1014 19
1015 5
1016 6
1017 8
1018 0
1019 3
1020 2
1021 2
1022 0
1023 5
1024 0
1025 0
1026 7
1027 4
1028 0
1029 5
1030 1
1031 1
1032 12
1033 1
1034 3
1035 12
1036 13
1037 5
1038 3
1039 3
1040 0
1041 5
1042 5
1043 0
1044 4
1045 18
1046 3
1047 3
1048 9
1049 5
1050 0
1051 7
1052 7
1053 5
1054 3
1055 4
1056 3
1057 7
1058 30
1059 3
1060 13
1061 9
1062 0
1063 7
1064 3
1065 0
1066 0
1067 2
1068 6
1069 8
1070 0
1071 7
1072 0
1073 5
1074 3
1075 7
1076 16
1077 7
1078 4
1079 13
1080 0
1081 11
1082 20
1083 59
1084 8
1085 0
1086 3
1087 7
1088 20
1089 0
1090 20
1091 0
1092 5
1093 22
1094 15
1095 0
1096 2
1097 3
1098 35
1099 2
1100 0
1101 1
1102 3
1103 5
1104 45
1105 21
1106 6
1107 26
1108 1
1109 1
1110 1
1111 10
1112 1
1113 3
1114 4
1115 2
1116 1
1117 14
1118 9
1119 0
1120 0
1121 1
1122 12
1123 0
1124 1
1125 13
1126 11
1127 1
1128 1
1129 4
1130 4
1131 13
1132 1
1133 1
1134 2
1135 6
1136 0
1137 1
1138 1
1139 4
1140 2
1141 2
1142 5
1143 0
1144 3
1145 0
1146 9
1147 5
1148 0
1149 1
1150 2
1151 0
1152 3
1153 0
1154 1
1155 6
1156 4
1157 1
1158 0
1159 10
1160 0
1161 6
1162 0
1163 5
1164 2
1165 3
1166 1
1167 17
1168 4
1169 2
1170 3
1171 0
1172 6
1173 0
1174 2
1175 3
1176 0
1177 19
1178 3
1179 4
1180 15
1181 10
1182 19
1183 1
1184 5
1185 1
1186 5
1187 2
1188 1
1189 5
1190 41
1191 3
1192 3
1193 7
1194 5
1195 1
1196 4
1197 6
1198 2
1199 4
1200 12
1201 25
1202 1
1203 11
1204 10
1205 15
1206 1
1207 3
1208 18
1209 0
1210 0
1211 6
1212 1
1213 0
1214 0
1215 11
1216 6
1217 9
1218 2
1219 8
1220 0
1221 0
1222 4
1223 20
1224 7
1225 1
1226 4
1227 11
1228 34
1229 6
1230 1
1231 6
1232 0
1233 10
1234 2
1235 0
1236 4
1237 3
1238 10
1239 4
1240 1
1241 7
1242 4
1243 1
1244 4
1245 0
1246 1
1247 10
1248 0
1249 11
1250 4
1251 9
1252 1
1253 3
1254 0
1255 11
1256 1
1257 10
1258 4
1259 0
1260 1
1261 22
1262 25
1263 23
1264 9
1265 43
1266 23
1267 7
1268 1
1269 1
1270 1
1271 8
1272 8
1273 10
1274 1
1275 20
1276 8
1277 9
1278 13
1279 0
1280 1
1281 70
1282 0
1283 0
1284 0
1285 1
1286 43
1287 2
1288 8
1289 2
1290 2
1291 4
1292 1
1293 20
1294 2
1295 14
1296 2
1297 44
1298 3
1299 0
1300 43
1301 2
1302 15
1303 16
1304 0
1305 0
1306 0
1307 10
1308 5
1309 14
1310 5
1311 3
1312 7
1313 2
1314 11
1315 13
1316 0
1317 0
1318 1
1319 6
1320 31
1321 2
1322 4
1323 7
1324 4
1325 3
1326 11
1327 1
1328 15
1329 0
1330 6
1331 0
1332 0
1333 7
1334 8
1335 15
1336 0
1337 1
1338 2
1339 23
1340 0
1341 5
1342 14
1343 0
1344 24
1345 1
1346 4
1347 8
1348 0
1349 23
1350 4
1351 8
1352 9
1353 6
1354 0
1355 7
1356 2
1357 4
1358 1
1359 2
1360 7
1361 1
1362 2
1363 22
1364 6
1365 5
1366 8
1367 5
1368 17
1369 7
1370 3
1371 2
1372 2
1373 2
1374 10
1375 12
1376 20
1377 2
1378 9
1379 38
1380 5
1381 6
1382 7
1383 12
1384 4
1385 0
1386 10
1387 3
1388 3
1389 1
1390 4
1391 3
1392 0
1393 0
1394 5
1395 8
1396 8
1397 13
1398 0
1399 8
1400 11
1401 2
1402 7
1403 6
1404 1
1405 4
1406 0
1407 18
1408 0
1409 5
1410 1
1411 0
1412 1
1413 5
1414 1
1415 2
1416 0
1417 1
1418 2
1419 1
1420 3
1421 0
1422 27
1423 5
1424 0
1425 10
1426 5
1427 6
1428 0
1429 0
1430 5
1431 4
1432 8
1433 0
1434 0
1435 18
1436 23
1437 0
1438 8
1439 2
1440 1
1441 2
1442 0
1443 3
1444 0
1445 2
1446 0
1447 5
1448 14
1449 17
1450 2
1451 2
1452 5
1453 8
1454 13
1455 7
1456 2
1457 0
1458 1
1459 6
1460 3
1461 1
1462 0
1463 1
1464 2
1465 13
1466 14
1467 5
1468 4
1469 1
1470 9
1471 6
1472 16
1473 9
1474 11
1475 7
1476 1
1477 5
1478 3
1479 10
1480 4
1481 1
1482 5
1483 2
1484 4
1485 2
1486 5
1487 26
1488 1
1489 0
1490 4
1491 6
1492 1
1493 0
1494 3
1495 8
1496 0
1497 1
1498 0
1499 0
1500 13
1501 3
1502 0
1503 0
1504 26
1505 6
1506 0
1507 14
1508 16
1509 1
1510 0
1511 4
1512 3
1513 2
1514 2
1515 2
1516 2
1517 2
1518 0
1519 24
1520 6
1521 3
1522 8
1523 21
1524 6
1525 4
1526 1
1527 1
1528 3
1529 5
1530 5
1531 5
1532 0
1533 0
1534 0
1535 32
1536 1
1537 11
1538 1
1539 2
1540 5
1541 2
1542 1
1543 0
1544 1
1545 1
1546 7
1547 1
1548 3
1549 3
1550 7
1551 3
1552 0
1553 0
1554 20
1555 4
1556 0
1557 6
1558 1
1559 0
1560 6
1561 0
1562 12
1563 2
1564 1
1565 3
1566 2
1567 0
1568 7
1569 1
1570 2
1571 1
1572 35
1573 2
1574 4
1575 1
1576 0
1577 1
1578 3
1579 0
1580 0
1581 14
1582 11
1583 2
1584 1
1585 0
1586 0
1587 2
1588 20
1589 5
1590 2
1591 1
1592 14
1593 6
1594 5
1595 9
1596 20
1597 4
