1 0
2 0
3 5
4 20
5 48
6 11
7 0
8 0
9 15
10 0
11 0
12 3
13 1
14 5
15 6
16 6
17 9
18 9
19 17
20 5
21 4
22 0
23 6
24 12
25 3
26 5
27 17
28 7
29 5
30 1
31 20
32 2
33 6
34 6
35 4
36 11
37 22
38 8
39 9
40 2
41 7
42 3
43 1
44 1
45 6
46 4
47 2
48 9
49 3
50 4
51 15
52 1
53 0
54 0
55 0
56 11
57 0
58 10
59 4
60 14
61 13
62 5
63 10
64 0
65 40
66 2
67 7
68 1
69 3
70 12
71 1
72 25
73 8
74 6
75 7
76 9
77 3
78 5
79 12
80 14
81 27
82 3
83 14
84 3
85 6
86 11
87 5
88 0
89 30
90 11
91 6
92 3
93 11
94 9
95 10
96 21
97 23
98 0
99 17
100 0
101 9
102 4
103 14
104 0
105 0
106 1
107 0
108 9
109 12
110 0
111 0
112 20
113 9
114 5
115 1
116 9
117 6
118 17
119 3
120 48
121 3
122 3
123 8
124 8
125 4
126 17
127 19
128 15
129 3
130 1
131 9
132 2
133 10
134 4
135 17
136 5
137 17
138 5
139 0
140 7
141 5
142 0
143 3
144 7
145 20
146 1
147 13
148 6
149 6
150 3
151 42
152 0
153 1
154 14
155 4
156 1
157 1
158 13
159 9
160 0
161 0
162 2
163 6
164 5
165 9
166 53
167 5
168 5
169 9
170 4
171 0
172 4
173 1
174 15
175 10
176 13
177 29
178 8
179 11
180 12
181 3
182 11
183 1
184 0
185 5
186 0
187 0
188 6
189 1
190 0
191 12
192 1
193 12
194 3
195 40
196 0
197 0
198 0
199 0
200 0
201 7
202 0
203 1
204 0
205 1
206 1
207 3
208 12
209 27
210 7
211 12
212 2
213 0
214 23
215 15
216 4
217 14
218 1
219 17
220 9
221 1
222 14
223 2
224 2
225 5
226 0
227 1
228 6
229 1
230 0
231 5
232 13
233 14
234 1
235 6
236 31
237 16
238 5
239 8
240 8
241 3
242 0
243 7
244 8
245 1
246 3
247 4
248 17
249 4
250 11
251 1
252 4
253 38
254 1
255 11
256 3
257 3
258 22
259 12
260 11
261 0
262 2
263 7
264 7
265 2
266 0
267 3
268 1
269 4
270 0
271 6
272 18
273 2
274 21
275 1
276 3
277 0
278 0
279 0
280 0
281 3
282 8
283 7
284 0
285 12
286 19
287 18
288 0
289 0
290 27
291 6
292 11
293 24
294 0
295 6
296 3
297 1
298 3
299 0
300 1
301 0
302 0
303 2
304 1
305 5
306 2
307 12
308 8
309 6
310 3
311 17
312 0
313 9
314 23
315 12
316 6
317 11
318 8
319 5
320 3
321 5
322 5
323 15
324 12
325 4
326 1
327 0
328 5
329 3
330 2
331 5
332 5
333 4
334 15
335 3
336 12
337 12
338 5
339 4
340 4
341 9
342 32
343 6
344 45
345 3
346 6
347 0
348 1
349 1
350 1
351 36
352 6
353 2
354 0
355 11
356 26
357 2
358 17
359 2
360 5
361 6
362 7
363 0
364 2
365 3
366 2
367 2
368 1
369 1
370 10
371 29
372 6
373 4
374 6
375 4
376 6
377 1
378 7
379 1
380 5
381 0
382 0
383 3
384 11
385 14
386 8
387 38
388 0
389 1
390 0
391 8
392 6
393 8
394 1
395 4
396 0
397 6
398 5
399 0
400 13
401 10
402 4
403 2
404 0
405 7
406 7
407 0
408 3
409 0
410 3
411 1
412 8
413 7
414 10
415 1
416 9
417 2
418 19
419 4
420 19
421 16
422 11
423 2
424 5
425 12
426 0
427 5
428 6
429 5
430 4
431 0
432 6
433 2
434 3
435 2
436 9
437 1
438 0
439 5
440 3
441 4
442 1
443 2
444 3
445 0
446 15
447 4
448 6
449 0
450 6
451 11
452 15
453 12
454 2
455 11
456 19
457 4
458 4
459 6
460 7
461 10
462 1
463 9
464 12
465 0
466 7
467 0
468 7
469 3
470 12
471 6
472 8
473 7
474 1
475 3
476 21
477 0
478 6
479 8
480 3
481 2
482 6
483 3
484 0
485 1
486 6
487 8
488 11
489 0
490 7
491 17
492 4
493 32
494 18
495 12
496 5
497 2
498 5
499 4
500 4
501 4
502 14
503 5
504 4
505 12
506 8
507 3
508 3
509 2
510 1
511 2
512 0
513 22
514 4
515 7
516 1
517 6
518 4
519 3
520 1
521 24
522 9
523 5
524 1
525 2
526 0
527 1
528 12
529 6
530 1
531 0
532 0
533 17
534 0
535 2
536 0
537 9
538 14
539 13
540 62
541 21
542 6
543 3
544 26
545 12
546 0
547 1
548 12
549 14
550 9
551 1
552 6
553 31
554 1
555 14
556 18
557 1
558 22
559 34
560 24
561 39
562 15
563 2
564 0
565 0
566 0
567 9
568 3
569 26
570 10
571 4
572 9
573 29
574 20
575 3
576 3
577 4
578 20
579 17
580 6
581 11
582 2
583 8
584 24
585 12
586 3
587 2
588 1
589 0
590 7
591 17
592 12
593 2
594 17
595 6
596 14
597 4
598 4
599 0
600 4
601 3
602 2
603 25
604 6
605 7
606 19
607 15
608 1
609 6
610 8
611 8
612 0
613 2
614 7
615 8
616 16
617 4
618 2
619 8
620 0
621 1
622 3
623 6
624 10
625 0
626 1
627 32
628 14
629 4
630 18
631 1
632 4
633 9
634 9
635 5
636 1
637 4
638 17
639 0
640 0
641 11
642 2
643 3
644 0
645 12
646 2
647 8
648 1
649 6
650 0
651 16
652 6
653 5
654 12
655 1
656 20
657 2
658 6
659 1
660 22
661 8
662 9
663 4
664 13
665 25
666 5
667 12
668 5
669 16
670 0
671 3
672 30
673 4
674 14
675 6
676 2
677 12
678 50
679 1
680 14
681 5
682 6
683 7
684 2
685 7
686 6
687 5
688 2
689 3
690 10
691 0
692 4
693 0
694 10
695 2
696 19
697 16
698 9
699 6
700 2
701 12
702 4
703 6
704 15
705 2
706 2
707 2
708 3
709 3
710 0
711 15
712 0
713 13
714 9
715 23
716 6
717 21
718 0
719 13
720 0
721 3
722 2
723 8
724 1
725 2
726 9
727 16
728 3
729 3
730 2
731 0
732 4
733 9
734 6
735 4
736 0
737 3
738 2
739 82
740 5
741 0
742 15
743 3
744 5
745 1
746 5
747 5
748 9
749 2
750 7
751 18
752 4
753 7
754 18
755 8
756 5
757 1
758 10
759 3
760 5
761 7
762 1
763 12
764 6
765 3
766 7
767 1
768 20
769 3
770 0
771 4
772 0
773 1
774 0
775 23
776 2
777 8
778 13
779 9
780 0
781 0
782 2
783 0
784 3
785 3
786 1
787 2
788 8
789 17
790 14
791 6
792 1
793 7
794 4
795 1
796 2
797 4
798 3
799 2
800 0
801 5
802 16
803 8
804 2
805 0
806 1
807 0
808 10
809 21
810 1
811 19
812 12
813 5
814 5
815 7
816 3
817 10
818 2
819 7
820 17
821 5
822 27
823 2
824 1
825 6
826 6
827 10
828 2
829 28
830 19
831 19
832 6
833 2
834 0
835 11
836 13
837 31
838 2
839 3
840 10
841 0
842 4
843 31
844 10
845 2
846 26
847 4
848 5
849 6
850 3
851 10
852 0
853 3
854 2
855 8
856 17
857 11
858 0
859 0
860 0
861 8
862 0
863 1
864 2
865 1
866 0
867 7
868 2
869 0
870 3
871 2
872 4
873 2
874 11
875 5
876 9
877 5
878 23
879 4
880 20
881 1
882 1
883 2
884 3
885 0
886 1
887 7
888 3
889 19
890 0
891 11
892 2
893 2
894 6
895 2
896 9
897 0
898 38
899 4
900 35
901 12
902 0
903 0
904 1
905 3
906 1
907 3
908 15
909 3
910 0
911 3
912 1
913 10
914 0
915 13
916 7
917 1
918 2
919 21
920 8
921 1
922 7
923 14
924 9
925 3
926 0
927 0
928 4
929 5
930 2
931 1
932 0
933 0
934 9
935 1
936 5
937 0
938 41
939 3
940 0
941 1
942 3
943 10
944 0
945 5
946 8
947 14
948 1
949 2
950 1
951 2
952 10
953 12
954 2
955 0
956 22
957 10
958 6
959 10
960 8
961 5
962 3
963 1
964 4
965 2
966 5
967 16
968 1
969 1
970 2
971 3
972 3
973 5
974 4
975 4
976 2
977 23
978 4
979 0
980 1
981 1
982 10
983 0
984 4
985 16
986 1
987 3
988 30
989 7
990 9
991 27
992 22
993 0
994 4
995 3
996 3
997 3
998 14
999 2
1000 2
1001 15
1002 12
1003 5
1004 16
1005 2
1006 9
1007 8
1008 4
1009 27
1010 1
1011 5
1012 21
1013 24
1014 4
1015 10
1016 3
1017 9
1018 0
1019 10
1020 4
1021 16
1022 4
1023 0
1024 2
1025 6
1026 6
1027 10
1028 0
1029 5
1030 9
1031 2
1032 9
1033 8
1034 17
1035 3
1036 1
1037 3
1038 0
1039 9
1040 2
1041 0
1042 2
1043 0
1044 0
1045 6
1046 3
1047 1
1048 4
1049 0
1050 0
1051 8
1052 20
1053 3
1054 16
1055 10
1056 0
1057 1
1058 9
1059 5
1060 3
1061 2
1062 3
1063 0
1064 8
1065 0
1066 3
1067 4
1068 1
1069 3
1070 0
1071 17
1072 1
1073 1
1074 3
1075 7
1076 11
1077 4
1078 4
1079 4
1080 3
1081 18
1082 9
1083 18
1084 8
1085 0
1086 0
1087 15
1088 12
1089 0
1090 12
1091 10
1092 15
1093 4
1094 5
1095 8
1096 18
1097 3
1098 14
1099 13
1100 0
1101 4
1102 0
1103 9
1104 3
1105 11
1106 8
1107 7
1108 6
1109 10
1110 0
1111 6
1112 2
1113 0
1114 1
1115 1
1116 7
1117 10
1118 5
1119 2
1120 3
1121 9
1122 5
1123 8
1124 2
1125 2
1126 9
1127 4
1128 5
1129 2
1130 21
1131 23
1132 0
1133 6
1134 5
1135 0
1136 10
1137 7
1138 4
1139 1
1140 4
1141 3
1142 8
1143 9
1144 0
1145 0
1146 11
1147 2
1148 9
1149 2
1150 3
1151 13
1152 12
1153 1
1154 2
1155 7
1156 5
1157 1
1158 5
1159 11
1160 0
1161 3
1162 1
1163 5
1164 2
1165 6
1166 13
1167 8
1168 8
1169 1
1170 13
1171 6
1172 19
1173 5
1174 11
1175 6
1176 3
1177 34
1178 1
1179 20
1180 16
1181 7
1182 0
1183 8
1184 4
1185 2
1186 12
1187 1
1188 13
1189 0
1190 9
1191 4
1192 35
1193 8
1194 2
1195 2
1196 0
1197 5
1198 0
1199 10
1200 3
1201 23
1202 2
1203 1
1204 5
1205 9
1206 14
1207 0
1208 2
1209 0
1210 10
1211 0
1212 0
1213 0
1214 2
1215 5
1216 6
1217 1
1218 4
1219 12
1220 4
1221 3
1222 7
1223 3
1224 11
1225 0
1226 5
1227 2
1228 7
1229 1
1230 10
1231 29
1232 1
1233 15
1234 2
1235 0
1236 4
1237 8
1238 16
1239 4
1240 5
1241 0
1242 9
1243 3
1244 1
1245 0
1246 4
1247 12
1248 0
1249 2
1250 3
1251 2
1252 0
1253 0
1254 0
1255 0
1256 18
1257 13
1258 1
1259 13
1260 1
1261 13
1262 4
1263 10
1264 6
1265 6
1266 8
1267 49
1268 6
1269 0
1270 0
1271 1
1272 8
1273 2
1274 7
1275 12
1276 1
1277 9
1278 4
1279 0
1280 11
1281 25
1282 0
1283 0
1284 0
1285 2
1286 10
1287 2
1288 2
1289 3
1290 0
1291 10
1292 10
1293 13
1294 1
1295 12
1296 3
1297 51
1298 28
1299 0
1300 12
1301 0
1302 5
1303 10
1304 2
1305 3
1306 1
1307 9
1308 3
1309 1
1310 11
1311 5
1312 1
1313 0
1314 8
1315 19
1316 1
1317 0
1318 1
1319 3
1320 1
1321 1
1322 1
1323 5
1324 0
1325 7
1326 18
1327 2
1328 6
1329 0
1330 12
1331 9
1332 0
1333 4
1334 3
1335 4
1336 3
1337 9
1338 8
1339 19
1340 12
1341 2
1342 2
1343 7
1344 15
1345 1
1346 7
1347 2
1348 1
1349 7
1350 13
1351 11
1352 23
1353 6
1354 0
1355 34
1356 0
1357 4
1358 0
1359 15
1360 6
1361 1
1362 4
1363 9
1364 8
1365 1
1366 1
1367 1
1368 1
1369 5
1370 2
1371 8
1372 0
1373 1
1374 6
1375 8
1376 8
1377 2
1378 6
1379 14
1380 4
1381 1
1382 7
1383 23
1384 15
1385 0
1386 10
1387 1
1388 4
1389 0
1390 6
1391 6
1392 2
1393 0
1394 26
1395 5
1396 4
1397 2
1398 3
1399 2
1400 4
1401 3
1402 4
1403 0
1404 19
1405 40
1406 0
1407 6
1408 4
1409 18
1410 16
1411 2
1412 4
1413 0
1414 3
1415 1
1416 7
1417 4
1418 28
1419 0
1420 2
1421 0
1422 7
1423 5
1424 0
1425 2
1426 2
1427 3
1428 1
1429 3
1430 3
1431 8
1432 4
1433 0
1434 2
1435 2
1436 5
1437 0
1438 0
1439 0
1440 3
1441 4
1442 0
1443 6
1444 1
1445 2
1446 20
1447 10
1448 5
1449 5
1450 8
1451 0
1452 21
1453 13
1454 2
1455 7
1456 13
1457 0
1458 5
1459 6
1460 6
1461 14
1462 8
1463 0
1464 7
1465 28
1466 35
1467 14
1468 7
1469 11
1470 19
1471 3
1472 2
1473 5
1474 6
1475 6
1476 16
1477 2
1478 2
1479 21
1480 1
1481 8
1482 5
1483 7
1484 13
1485 12
1486 2
1487 29
1488 3
1489 4
1490 12
1491 3
1492 4
1493 0
1494 21
1495 21
1496 8
1497 15
1498 1
1499 3
1500 26
1501 2
1502 0
1503 2
1504 1
1505 3
1506 1
1507 26
1508 10
1509 2
1510 4
1511 16
1512 1
1513 8
1514 6
1515 0
1516 1
1517 2
1518 1
1519 5
1520 2
1521 5
1522 13
1523 26
1524 0
1525 16
1526 6
1527 2
1528 3
1529 9
1530 0
1531 0
1532 28
1533 13
1534 2
1535 17
1536 5
1537 10
1538 3
1539 13
1540 0
1541 13
1542 0
1543 3
1544 3
1545 13
1546 20
1547 1
1548 8
1549 8
1550 1
1551 7
1552 4
1553 0
1554 9
1555 6
1556 0
1557 0
1558 2
1559 9
1560 6
1561 4
1562 41
1563 5
1564 2
1565 7
1566 13
1567 0
1568 2
1569 4
1570 0
1571 4
1572 48
1573 0
1574 14
1575 8
1576 6
1577 0
1578 25
1579 7
1580 0
1581 2
1582 4
1583 2
1584 3
1585 0
1586 4
1587 5
1588 17
1589 15
1590 11
1591 1
1592 13
1593 17
1594 7
1595 4
1596 17
1597 3
