1 0
2 0
3 5
4 11
5 9
6 9
7 5
8 8
9 29
10 0
11 2
12 10
13 6
14 6
15 10
16 64
17 3
18 25
19 0
20 3
21 3
22 8
23 0
24 5
25 13
26 0
27 6
28 0
29 5
30 7
31 3
32 6
33 0
34 1
35 20
36 27
37 16
38 3
39 0
40 14
41 0
42 3
43 8
44 1
45 1
46 0
47 0
48 9
49 4
50 5
51 3
52 2
53 15
54 0
55 2
56 5
57 0
58 9
59 8
60 2
61 18
62 7
63 6
64 0
65 3
66 0
67 0
68 0
69 9
70 4
71 0
72 18
73 9
74 19
75 23
76 5
77 14
78 10
79 15
80 7
81 2
82 3
83 26
84 22
85 7
86 15
87 12
88 0
89 19
90 4
91 23
92 10
93 35
94 23
95 0
96 7
97 14
98 0
99 7
100 21
101 4
102 7
103 29
104 0
105 0
106 5
107 1
108 16
109 15
110 7
111 4
112 19
113 1
114 11
115 5
116 19
117 8
118 4
119 3
120 54
121 5
122 2
123 13
124 14
125 7
126 26
127 1
128 5
129 1
130 4
131 26
132 5
133 22
134 12
135 4
136 19
137 8
138 9
139 2
140 7
141 4
142 3
143 3
144 28
145 24
146 0
147 33
148 11
149 5
150 2
151 3
152 7
153 12
154 9
155 2
156 1
157 4
158 6
159 6
160 0
161 0
162 0
163 1
164 6
165 18
166 35
167 0
168 8
169 6
170 6
171 1
172 7
173 4
174 2
175 9
176 8
177 7
178 10
179 11
180 7
181 19
182 4
183 9
184 0
185 19
186 4
187 0
188 26
189 0
190 3
191 31
192 3
193 7
194 29
195 14
196 0
197 0
198 0
199 6
200 4
201 6
202 1
203 1
204 0
205 6
206 13
207 3
208 13
209 19
210 26
211 1
212 0
213 4
214 15
215 1
216 11
217 3
218 22
219 5
220 3
221 0
222 3
223 11
224 4
225 11
226 7
227 1
228 12
229 4
230 6
231 16
232 3
233 16
234 0
235 5
236 7
237 9
238 2
239 7
240 30
241 8
242 0
243 7
244 0
245 2
246 18
247 5
248 28
249 5
250 7
251 2
252 1
253 6
254 16
255 4
256 9
257 10
258 6
259 5
260 8
261 2
262 0
263 15
264 0
265 5
266 3
267 20
268 0
269 6
270 0
271 14
272 0
273 2
274 3
275 7
276 1
277 1
278 1
279 4
280 2
281 14
282 0
283 25
284 4
285 5
286 3
287 10
288 5
289 5
290 0
291 10
292 9
293 49
294 7
295 2
296 9
297 0
298 9
299 0
300 0
301 2
302 17
303 6
304 15
305 2
306 0
307 12
308 12
309 7
310 0
311 62
312 1
313 4
314 13
315 23
316 3
317 0
318 13
319 3
320 18
321 6
322 0
323 9
324 18
325 0
326 0
327 2
328 14
329 3
330 0
331 4
332 4
333 3
334 29
335 4
336 4
337 2
338 20
339 5
340 3
341 21
342 13
343 8
344 9
345 4
346 3
347 4
348 0
349 0
350 5
351 36
352 8
353 14
354 6
355 36
356 1
357 11
358 16
359 3
360 1
361 4
362 3
363 1
364 0
365 1
366 4
367 8
368 11
369 7
370 0
371 4
372 2
373 5
374 0
375 0
376 2
377 11
378 3
379 13
380 3
381 6
382 5
383 5
384 28
385 10
386 2
387 28
388 6
389 3
390 5
391 16
392 13
393 4
394 0
395 12
396 3
397 2
398 9
399 0
400 4
401 29
402 2
403 2
404 2
405 17
406 17
407 1
408 8
409 0
410 0
411 12
412 7
413 13
414 16
415 2
416 16
417 3
418 8
419 3
420 24
421 5
422 8
423 0
424 3
425 24
426 0
427 17
428 9
429 0
430 0
431 5
432 3
433 5
434 0
435 0
436 2
437 0
438 0
439 1
440 4
441 13
442 5
443 5
444 4
445 0
446 9
447 3
448 3
449 6
450 7
451 0
452 7
453 5
454 14
455 3
456 11
457 8
458 1
459 9
460 7
461 0
462 3
463 14
464 8
465 1
466 4
467 2
468 8
469 0
470 11
471 18
472 19
473 4
474 2
475 5
476 45
477 6
478 17
479 3
480 11
481 18
482 13
483 2
484 7
485 2
486 6
487 15
488 4
489 0
490 1
491 3
492 3
493 11
494 12
495 10
496 4
497 15
498 13
499 11
500 0
501 1
502 2
503 7
504 8
505 2
506 3
507 11
508 33
509 42
510 8
511 4
512 0
513 12
514 3
515 4
516 4
517 7
518 4
519 14
520 4
521 7
522 3
523 24
524 5
525 9
526 3
527 3
528 13
529 5
530 10
531 0
532 22
533 20
534 13
535 6
536 25
537 12
538 3
539 17
540 33
541 22
542 36
543 5
544 39
545 16
546 2
547 8
548 3
549 63
550 10
551 4
552 9
553 25
554 9
555 15
556 20
557 5
558 31
559 23
560 15
561 8
562 9
563 6
564 11
565 6
566 0
567 0
568 20
569 16
570 6
571 34
572 11
573 88
574 14
575 3
576 15
577 3
578 3
579 23
580 7
581 15
582 1
583 10
584 8
585 4
586 1
587 0
588 12
589 0
590 4
591 7
592 13
593 12
594 8
595 28
596 14
597 8
598 4
599 9
600 13
601 4
602 2
603 0
604 9
605 11
606 14
607 19
608 8
609 3
610 5
611 7
612 0
613 1
614 14
615 15
616 5
617 0
618 1
619 26
620 0
621 0
622 3
623 25
624 14
625 0
626 1
627 9
628 9
629 2
630 7
631 7
632 5
633 9
634 3
635 48
636 0
637 12
638 19
639 2
640 0
641 6
642 2
643 16
644 0
645 42
646 14
647 11
648 8
649 4
650 2
651 5
652 4
653 4
654 13
655 1
656 1
657 15
658 3
659 0
660 9
661 0
662 1
663 0
664 7
665 2
666 1
667 22
668 21
669 9
670 1
671 1
672 1
673 13
674 31
675 0
676 0
677 13
678 6
679 3
680 11
681 2
682 7
683 7
684 15
685 9
686 17
687 1
688 10
689 10
690 5
691 1
692 4
693 0
694 10
695 7
696 15
697 9
698 5
699 15
700 1
701 13
702 0
703 7
704 22
705 3
706 6
707 2
708 0
709 11
710 2
711 24
712 5
713 8
714 0
715 11
716 2
717 11
718 2
719 1
720 1
721 0
722 2
723 18
724 4
725 1
726 2
727 1
728 6
729 49
730 8
731 0
732 2
733 4
734 15
735 2
736 0
737 1
738 2
739 16
740 0
741 9
742 32
743 1
744 3
745 0
746 5
747 2
748 34
749 7
750 3
751 5
752 3
753 2
754 14
755 8
756 6
757 4
758 53
759 6
760 0
761 6
762 0
763 7
764 9
765 5
766 0
767 0
768 15
769 0
770 2
771 2
772 2
773 2
774 1
775 19
776 3
777 3
778 8
779 7
780 3
781 0
782 1
783 14
784 15
785 1
786 6
787 11
788 29
789 4
790 25
791 8
792 0
793 4
794 6
795 11
796 27
797 30
798 9
799 14
800 0
801 2
802 16
803 10
804 13
805 0
806 5
807 7
808 2
809 10
810 8
811 4
812 4
813 1
814 21
815 10
816 1
817 4
818 9
819 8
820 4
821 5
822 44
823 0
824 22
825 10
826 0
827 10
828 2
829 3
830 8
831 8
832 1
833 19
834 0
835 9
836 0
837 8
838 3
839 0
840 0
841 0
842 4
843 1
844 10
845 2
846 3
847 5
848 2
849 22
850 4
851 3
852 1
853 4
854 9
855 7
856 2
857 1
858 5
859 0
860 0
861 9
862 0
863 4
864 0
865 6
866 2
867 23
868 0
869 13
870 9
871 2
872 1
873 0
874 12
875 3
876 8
877 5
878 31
879 3
880 1
881 1
882 1
883 2
884 9
885 1
886 3
887 15
888 7
889 4
890 13
891 7
892 4
893 17
894 16
895 30
896 5
897 0
898 13
899 10
900 21
901 9
902 5
903 11
904 10
905 26
906 0
907 0
908 8
909 0
910 1
911 0
912 4
913 9
914 0
915 8
916 10
917 10
918 0
919 10
920 18
921 4
922 2
923 12
924 9
925 4
926 7
927 11
928 38
929 16
930 7
931 13
932 2
933 8
934 2
935 2
936 30
937 0
938 19
939 20
940 2
941 0
942 12
943 0
944 3
945 5
946 0
947 9
948 15
949 1
950 0
951 6
952 5
953 3
954 1
955 1
956 26
957 11
958 25
959 6
960 26
961 0
962 5
963 0
964 10
965 6
966 3
967 7
968 5
969 0
970 14
971 3
972 4
973 7
974 11
975 8
976 11
977 42
978 8
979 9
980 1
981 1
982 0
983 0
984 0
985 9
986 4
987 5
988 63
989 39
990 25
991 33
992 16
993 7
994 2
995 23
996 21
997 8
998 2
999 0
1000 1
1001 12
1002 8
1003 8
1004 6
1005 2
1006 4
1007 2
1008 8
1009 16
1010 1
1011 0
1012 16
1013 6
1014 13
1015 9
1016 12
1017 4
1018 2
1019 1
1020 4
1021 3
1022 9
1023 3
1024 4
1025 0
1026 2
1027 8
1028 8
1029 7
1030 7
1031 5
1032 5
1033 4
1034 12
1035 4
1036 2
1037 0
1038 0
1039 2
1040 3
1041 1
1042 2
1043 0
1044 4
1045 4
1046 7
1047 0
1048 5
1049 0
1050 1
1051 3
1052 5
1053 2
1054 1
1055 4
1056 7
1057 18
1058 13
1059 8
1060 0
1061 7
1062 0
1063 0
1064 10
1065 0
1066 1
1067 5
1068 0
1069 6
1070 3
1071 16
1072 6
1073 2
1074 0
1075 2
1076 6
1077 6
1078 1
1079 1
1080 0
1081 7
1082 33
1083 12
1084 30
1085 4
1086 1
1087 14
1088 9
1089 1
1090 79
1091 50
1092 0
1093 3
1094 60
1095 2
1096 3
1097 2
1098 4
1099 5
1100 0
1101 6
1102 10
1103 2
1104 14
1105 9
1106 11
1107 4
1108 9
1109 0
1110 2
1111 2
1112 6
1113 2
1114 0
1115 9
1116 2
1117 5
1118 13
1119 0
1120 7
1121 2
1122 1
1123 4
1124 3
1125 5
1126 22
1127 11
1128 7
1129 3
1130 15
1131 18
1132 6
1133 9
1134 0
1135 20
1136 1
1137 2
1138 5
1139 0
1140 5
1141 1
1142 3
1143 7
1144 22
1145 1
1146 27
1147 1
1148 14
1149 3
1150 8
1151 7
1152 26
1153 0
1154 5
1155 4
1156 22
1157 5
1158 3
1159 8
1160 2
1161 11
1162 2
1163 10
1164 8
1165 0
1166 2
1167 26
1168 8
1169 2
1170 30
1171 0
1172 1
1173 3
1174 3
1175 11
1176 0
1177 27
1178 14
1179 3
1180 4
1181 30
1182 6
1183 5
1184 17
1185 0
1186 3
1187 23
1188 6
1189 7
1190 2
1191 8
1192 26
1193 30
1194 0
1195 0
1196 7
1197 3
1198 7
1199 12
1200 5
1201 21
1202 0
1203 4
1204 21
1205 0
1206 0
1207 0
1208 12
1209 4
1210 7
1211 10
1212 0
1213 1
1214 11
1215 15
1216 7
1217 6
1218 0
1219 11
1220 0
1221 0
1222 14
1223 7
1224 10
1225 0
1226 13
1227 2
1228 0
1229 13
1230 10
1231 9
1232 2
1233 29
1234 15
1235 2
1236 3
1237 3
1238 26
1239 31
1240 1
1241 2
1242 7
1243 1
1244 4
1245 2
1246 16
1247 14
1248 9
1249 21
1250 1
1251 5
1252 0
1253 2
1254 4
1255 4
1256 13
1257 4
1258 7
1259 1
1260 8
1261 11
1262 2
1263 2
1264 1
1265 12
1266 17
1267 19
1268 10
1269 8
1270 0
1271 1
1272 5
1273 20
1274 2
1275 10
1276 16
1277 8
1278 22
1279 2
1280 4
1281 5
1282 0
1283 5
1284 0
1285 7
1286 26
1287 0
1288 4
1289 20
1290 1
1291 11
1292 3
1293 34
1294 15
1295 13
1296 12
1297 58
1298 12
1299 0
1300 11
1301 8
1302 8
1303 22
1304 0
1305 13
1306 4
1307 10
1308 0
1309 6
1310 8
1311 15
1312 3
1313 1
1314 11
1315 7
1316 6
1317 0
1318 2
1319 12
1320 20
1321 16
1322 4
1323 6
1324 1
1325 1
1326 12
1327 0
1328 1
1329 2
1330 11
1331 4
1332 0
1333 2
1334 27
1335 20
1336 0
1337 0
1338 11
1339 12
1340 3
1341 6
1342 5
1343 0
1344 9
1345 0
1346 3
1347 0
1348 1
1349 22
1350 19
1351 14
1352 28
1353 6
1354 0
1355 16
1356 13
1357 10
1358 5
1359 35
1360 15
1361 2
1362 2
1363 15
1364 3
1365 1
1366 2
1367 0
1368 21
1369 7
1370 8
1371 12
1372 9
1373 9
1374 6
1375 21
1376 6
1377 1
1378 8
1379 16
1380 8
1381 17
1382 0
1383 10
1384 15
1385 1
1386 32
1387 4
1388 2
1389 0
1390 5
1391 3
1392 2
1393 3
1394 16
1395 6
1396 13
1397 13
1398 0
1399 0
1400 1
1401 4
1402 6
1403 2
1404 4
1405 5
1406 11
1407 22
1408 5
1409 47
1410 7
1411 0
1412 6
1413 0
1414 0
1415 21
1416 0
1417 4
1418 12
1419 0
1420 1
1421 2
1422 2
1423 2
1424 0
1425 6
1426 0
1427 5
1428 19
1429 3
1430 4
1431 0
1432 22
1433 0
1434 1
1435 18
1436 23
1437 0
1438 0
1439 3
1440 6
1441 0
1442 4
1443 13
1444 0
1445 15
1446 4
1447 16
1448 4
1449 8
1450 26
1451 0
1452 6
1453 14
1454 15
1455 14
1456 12
1457 0
1458 1
1459 1
1460 6
1461 2
1462 1
1463 0
1464 1
1465 28
1466 9
1467 56
1468 29
1469 1
1470 11
1471 6
1472 2
1473 5
1474 17
1475 4
1476 11
1477 3
1478 6
1479 6
1480 5
1481 5
1482 7
1483 3
1484 13
1485 4
1486 9
1487 17
1488 2
1489 2
1490 12
1491 19
1492 11
1493 3
1494 16
1495 32
1496 12
1497 0
1498 0
1499 0
1500 24
1501 8
1502 0
1503 7
1504 11
1505 28
1506 3
1507 32
1508 9
1509 5
1510 0
1511 17
1512 11
1513 13
1514 9
1515 0
1516 3
1517 0
1518 3
1519 4
1520 38
1521 21
1522 5
1523 7
1524 3
1525 6
1526 0
1527 2
1528 0
1529 17
1530 11
1531 0
1532 3
1533 9
1534 3
1535 30
1536 17
1537 29
1538 4
1539 3
1540 1
1541 0
1542 2
1543 7
1544 11
1545 5
1546 1
1547 8
1548 0
1549 4
1550 1
1551 12
1552 10
1553 2
1554 0
1555 16
1556 0
1557 5
1558 0
1559 3
1560 0
1561 0
1562 56
1563 6
1564 2
1565 12
1566 4
1567 2
1568 3
1569 14
1570 4
1571 37
1572 26
1573 0
1574 2
1575 7
1576 1
1577 3
1578 4
1579 23
1580 0
1581 6
1582 2
1583 3
1584 1
1585 0
1586 1
1587 1
1588 7
1589 5
1590 8
1591 5
1592 19
1593 9
1594 4
1595 4
1596 50
1597 4
