1 1
2 0
3 14
4 21
5 26
6 25
7 1
8 1
9 25
10 0
11 0
12 13
13 7
14 9
15 12
16 12
17 9
18 22
19 28
20 5
21 1
22 43
23 19
24 162
25 35
26 9
27 1
28 15
29 8
30 4
31 87
32 23
33 9
34 89
35 126
36 35
37 72
38 53
39 75
40 47
41 34
42 92
43 45
44 49
45 31
46 2
47 1
48 12
49 1
50 34
51 75
52 7
53 5
54 26
55 18
56 34
57 5
58 47
59 43
60 108
61 98
62 74
63 6
64 3
65 5
66 38
67 12
68 6
69 33
70 34
71 5
72 54
73 29
74 27
75 90
76 4
77 13
78 11
79 34
80 15
81 51
82 4
83 13
84 34
85 10
86 18
87 3
88 2
89 13
90 27
91 3
92 5
93 10
94 9
95 2
96 16
97 1
98 0
99 4
100 5
101 5
102 20
103 17
104 1
105 6
106 6
107 2
108 40
109 4
110 1
111 2
112 88
113 14
114 45
115 14
116 40
117 41
118 21
119 19
120 33
121 19
122 3
123 17
124 37
125 3
126 19
127 1
128 20
129 10
130 8
131 3
132 19
133 24
134 9
135 6
136 16
137 9
138 40
139 9
140 34
141 15
142 9
143 2
144 21
145 37
146 38
147 43
148 26
149 14
150 10
151 35
152 11
153 15
154 17
155 13
156 2
157 1
158 37
159 20
160 3
161 10
162 6
163 18
164 0
165 9
166 58
167 17
168 6
169 17
170 3
171 12
172 5
173 7
174 17
175 75
176 16
177 64
178 21
179 126
180 130
181 88
182 12
183 19
184 15
185 19
186 19
187 11
188 73
189 7
190 28
191 87
192 37
193 27
194 19
195 69
196 18
197 1
198 20
199 67
200 20
201 2
202 10
203 25
204 3
205 9
206 49
207 22
208 122
209 131
210 32
211 11
212 10
213 2
214 24
215 14
216 16
217 110
218 96
219 41
220 31
221 2
222 61
223 9
224 21
225 25
226 6
227 24
228 28
229 23
230 10
231 74
232 147
233 128
234 7
235 11
236 19
237 46
238 9
239 129
240 27
241 23
242 4
243 63
244 9
245 16
246 41
247 10
248 8
249 10
250 9
251 6
252 21
253 13
254 86
255 19
256 26
257 147
258 64
259 34
260 42
261 36
262 2
263 26
264 22
265 82
266 1
267 110
268 38
269 16
270 22
271 152
272 22
273 17
274 11
275 130
276 13
277 3
278 21
279 11
280 9
281 9
282 11
283 8
284 8
285 13
286 11
287 22
288 11
289 2
290 24
291 18
292 5
293 31
294 8
295 9
296 6
297 2
298 26
299 11
300 17
301 34
302 12
303 39
304 13
305 9
306 7
307 74
308 67
309 80
310 13
311 26
312 12
313 44
314 32
315 31
316 26
317 12
318 28
319 6
320 25
321 19
322 39
323 40
324 40
325 3
326 22
327 55
328 21
329 3
330 12
331 11
332 23
333 19
334 13
335 23
336 14
337 28
338 14
339 11
340 11
341 31
342 37
343 35
344 34
345 57
346 37
347 21
348 8
349 6
350 7
351 30
352 37
353 88
354 6
355 53
356 10
357 15
358 24
359 27
360 7
361 119
362 16
363 4
364 12
365 2
366 12
367 18
368 2
369 14
370 36
371 47
372 4
373 7
374 11
375 6
376 6
377 17
378 11
379 8
380 14
381 13
382 1
383 9
384 12
385 25
386 14
387 43
388 16
389 17
390 3
391 29
392 25
393 6
394 13
395 47
396 5
397 20
398 31
399 5
400 18
401 31
402 15
403 30
404 7
405 11
406 8
407 4
408 10
409 7
410 12
411 25
412 8
413 17
414 18
415 13
416 21
417 7
418 33
419 17
420 34
421 22
422 26
423 6
424 17
425 24
426 15
427 53
428 10
429 4
430 22
431 14
432 23
433 29
434 1
435 9
436 60
437 13
438 4
439 16
440 24
441 21
442 22
443 16
444 13
445 6
446 26
447 32
448 32
449 13
450 23
451 11
452 25
453 23
454 34
455 26
456 51
457 38
458 10
459 17
460 13
461 8
462 21
463 63
464 18
465 11
466 37
467 19
468 4
469 6
470 26
471 27
472 12
473 60
474 10
475 21
476 25
477 19
478 9
479 6
480 15
481 38
482 14
483 4
484 1
485 15
486 6
487 4
488 3
489 4
490 11
491 9
492 8
493 5
494 3
495 9
496 13
497 13
498 81
499 8
500 5
501 8
502 10
503 6
504 4
505 18
506 5
507 6
508 16
509 6
510 5
511 6
512 5
513 78
514 24
515 25
516 3
517 3
518 4
519 4
520 4
521 45
522 18
523 40
524 1
525 2
526 1
527 3
528 1
529 1
530 2
531 6
532 3
533 6
534 6
535 5
536 27
537 5
538 23
539 49
540 24
541 5
542 10
543 18
544 37
545 10
546 2
547 15
548 2
549 27
550 33
551 6
552 18
553 16
554 43
555 6
556 49
557 78
558 56
559 37
560 12
561 11
562 34
563 20
564 8
565 0
566 4
567 2
568 8
569 3
570 2
571 10
572 20
573 125
574 10
575 6
576 8
577 2
578 6
579 18
580 12
581 3
582 4
583 18
584 5
585 9
586 26
587 15
588 8
589 11
590 10
591 9
592 19
593 4
594 7
595 24
596 92
597 129
598 30
599 52
600 32
601 8
602 35
603 8
604 7
605 52
606 5
607 57
608 16
609 8
610 17
611 110
612 1
613 4
614 86
615 119
616 20
617 25
618 8
619 11
620 3
621 55
622 44
623 48
624 15
625 4
626 63
627 91
628 53
629 10
630 57
631 43
632 17
633 42
634 56
635 31
636 1
637 62
638 143
639 14
640 7
641 28
642 15
643 76
644 9
645 92
646 26
647 48
648 51
649 102
650 3
651 213
652 42
653 20
654 52
655 14
656 10
657 1
658 43
659 23
660 41
661 24
662 19
663 8
664 7
665 42
666 30
667 61
668 13
669 69
670 13
671 20
672 33
673 94
674 43
675 20
676 27
677 52
678 12
679 18
680 15
681 33
682 52
683 33
684 20
685 0
686 25
687 13
688 42
689 31
690 5
691 6
692 98
693 25
694 58
695 22
696 37
697 29
698 18
699 43
700 16
701 13
702 5
703 21
704 36
705 6
706 28
707 24
708 21
709 33
710 48
711 64
712 3
713 11
714 3
715 40
716 31
717 6
718 4
719 35
720 33
721 8
722 9
723 38
724 10
725 11
726 17
727 14
728 16
729 21
730 17
731 17
732 15
733 27
734 18
735 7
736 14
737 45
738 30
739 26
740 23
741 14
742 38
743 23
744 85
745 5
746 24
747 15
748 60
749 29
750 60
751 30
752 10
753 18
754 38
755 20
756 58
757 34
758 35
759 12
760 24
761 53
762 19
763 35
764 37
765 16
766 7
767 10
768 50
769 5
770 0
771 3
772 3
773 13
774 9
775 55
776 4
777 28
778 37
779 53
780 6
781 4
782 22
783 16
784 9
785 30
786 34
787 7
788 40
789 24
790 5
791 16
792 6
793 23
794 4
795 8
796 32
797 29
798 8
799 18
800 6
801 16
802 18
803 26
804 22
805 14
806 17
807 5
808 5
809 7
810 10
811 38
812 16
813 8
814 37
815 44
816 4
817 13
818 24
819 36
820 12
821 11
822 147
823 15
824 11
825 29
826 9
827 17
828 7
829 21
830 26
831 19
832 39
833 8
834 2
835 37
836 9
837 22
838 19
839 5
840 16
841 3
842 9
843 24
844 43
845 7
846 43
847 18
848 19
849 28
850 23
851 26
852 11
853 13
854 24
855 21
856 21
857 13
858 1
859 7
860 8
861 27
862 8
863 47
864 6
865 55
866 5
867 29
868 7
869 20
870 31
871 20
872 23
873 3
874 34
875 5
876 20
877 12
878 33
879 28
880 8
881 14
882 14
883 6
884 9
885 10
886 6
887 9
888 6
889 0
890 14
891 11
892 6
893 2
894 14
895 5
896 4
897 7
898 13
899 14
900 39
901 9
902 3
903 8
904 3
905 6
906 1
907 6
908 17
909 2
910 6
911 0
912 10
913 12
914 16
915 5
916 14
917 9
918 3
919 28
920 3
921 18
922 6
923 7
924 39
925 8
926 10
927 3
928 7
929 9
930 15
931 30
932 2
933 7
934 9
935 15
936 16
937 3
938 41
939 9
940 8
941 0
942 17
943 24
944 6
945 10
946 11
947 10
948 9
949 12
950 6
951 7
952 6
953 3
954 20
955 8
956 69
957 13
958 45
959 37
960 19
961 3
962 17
963 8
964 10
965 10
966 28
967 9
968 9
969 2
970 117
971 63
972 57
973 51
974 71
975 11
976 19
977 39
978 10
979 13
980 1
981 5
982 2
983 188
984 15
985 55
986 11
987 6
988 44
989 5
990 18
991 21
992 34
993 17
994 42
995 24
996 23
997 108
998 25
999 11
1000 10
1001 44
1002 42
1003 8
1004 149
1005 38
1006 42
1007 15
1008 52
1009 72
1010 4
1011 2
1012 31
1013 5
1014 110
1015 24
1016 40
1017 15
1018 2
1019 22
1020 14
1021 58
1022 5
1023 1
1024 9
1025 13
1026 19
1027 18
1028 5
1029 37
1030 28
1031 11
1032 27
1033 34
1034 28
1035 14
1036 26
1037 24
1038 10
1039 18
1040 21
1041 2
1042 21
1043 1
1044 15
1045 15
1046 12
1047 5
1048 22
1049 2
1050 1
1051 33
1052 24
1053 11
1054 33
1055 4
1056 9
1057 1
1058 29
1059 34
1060 13
1061 25
1062 19
1063 6
1064 18
1065 10
1066 12
1067 4
1068 23
1069 44
1070 4
1071 11
1072 2
1073 8
1074 23
1075 28
1076 26
1077 7
1078 10
1079 22
1080 46
1081 24
1082 83
1083 12
1084 42
1085 3
1086 4
1087 44
1088 18
1089 2
1090 22
1091 16
1092 18
1093 14
1094 22
1095 5
1096 20
1097 15
1098 33
1099 29
1100 3
1101 5
1102 9
1103 61
1104 50
1105 92
1106 32
1107 33
1108 327
1109 7
1110 0
1111 13
1112 8
1113 6
1114 3
1115 4
1116 3
1117 8
1118 4
1119 1
1120 2
1121 10
1122 5
1123 4
1124 5
1125 4
1126 35
1127 6
1128 11
1129 2
1130 15
1131 32
1132 6
1133 5
1134 5
1135 5
1136 5
1137 2
1138 3
1139 3
1140 4
1141 6
1142 9
1143 1
1144 1
1145 1
1146 26
1147 7
1148 4
1149 8
1150 14
1151 9
1152 48
1153 4
1154 9
1155 25
1156 18
1157 3
1158 8
1159 21
1160 4
1161 23
1162 1
1163 8
1164 1
1165 1
1166 22
1167 3
1168 2
1169 4
1170 29
1171 2
1172 5
1173 0
1174 2
1175 1
1176 1
1177 47
1178 3
1179 7
1180 17
1181 14
1182 3
1183 4
1184 150
1185 43
1186 9
1187 10
1188 4
1189 62
1190 7
1191 19
1192 121
1193 89
1194 9
1195 1
1196 15
1197 12
1198 0
1199 28
1200 52
1201 184
1202 21
1203 8
1204 46
1205 6
1206 2
1207 14
1208 38
1209 9
1210 2
1211 20
1212 0
1213 4
1214 6
1215 36
1216 195
1217 56
1218 21
1219 87
1220 1
1221 37
1222 144
1223 18
1224 81
1225 19
1226 10
1227 25
1228 15
1229 15
1230 54
1231 210
1232 6
1233 83
1234 30
1235 19
1236 3
1237 1
1238 95
1239 109
1240 3
1241 7
1242 4
1243 35
1244 123
1245 1
1246 1
1247 139
1248 49
1249 2
1250 3
1251 18
1252 1
1253 9
1254 2
1255 34
1256 38
1257 43
1258 73
1259 19
1260 57
1261 55
1262 27
1263 52
1264 55
1265 100
1266 37
1267 167
1268 30
1269 2
1270 9
1271 17
1272 19
1273 22
1274 6
1275 17
1276 9
1277 20
1278 11
1279 1
1280 20
1281 39
1282 3
1283 11
1284 59
1285 3
1286 104
1287 10
1288 9
1289 19
1290 181
1291 37
1292 16
1293 48
1294 8
1295 27
1296 116
1297 86
1298 43
1299 23
1300 58
1301 23
1302 29
1303 64
1304 6
1305 11
1306 10
1307 50
1308 28
1309 46
1310 25
1311 41
1312 31
1313 20
1314 29
1315 60
1316 30
1317 5
1318 69
1319 8
1320 46
1321 16
1322 17
1323 22
1324 8
1325 17
1326 36
1327 6
1328 30
1329 0
1330 20
1331 0
1332 2
1333 17
1334 36
1335 121
1336 71
1337 56
1338 27
1339 34
1340 7
1341 10
1342 21
1343 10
1344 44
1345 9
1346 17
1347 14
1348 6
1349 29
1350 97
1351 19
1352 44
1353 37
1354 12
1355 39
1356 8
1357 46
1358 8
1359 72
1360 60
1361 11
1362 5
1363 29
1364 128
1365 35
1366 31
1367 28
1368 22
1369 70
1370 37
1371 127
1372 61
1373 21
1374 62
1375 24
1376 22
1377 11
1378 31
1379 38
1380 15
1381 33
1382 14
1383 14
1384 12
1385 4
1386 14
1387 4
1388 9
1389 25
1390 20
1391 5
1392 2
1393 6
1394 21
1395 10
1396 15
1397 7
1398 1
1399 5
1400 7
1401 20
1402 10
1403 2
1404 21
1405 52
1406 3
1407 38
1408 9
1409 26
1410 20
1411 2
1412 17
1413 9
1414 8
1415 12
1416 2
1417 5
1418 14
1419 4
1420 10
1421 4
1422 17
1423 8
1424 2
1425 13
1426 13
1427 30
1428 6
1429 10
1430 27
1431 23
1432 11
1433 5
1434 13
1435 14
1436 19
1437 8
1438 5
1439 4
1440 11
1441 21
1442 5
1443 29
1444 3
1445 22
1446 12
1447 28
1448 25
1449 44
1450 26
1451 18
1452 19
1453 25
1454 18
1455 7
1456 10
1457 13
1458 11
1459 30
1460 153
1461 7
1462 19
1463 73
1464 19
1465 36
1466 28
1467 74
1468 23
1469 20
1470 239
1471 22
1472 25
1473 13
1474 40
1475 15
1476 41
1477 33
1478 12
1479 23
1480 19
1481 29
1482 37
1483 12
1484 100
1485 20
1486 15
1487 19
1488 11
1489 4
1490 33
1491 4
1492 7
1493 1
1494 17
1495 14
1496 5
1497 7
1498 10
1499 5
1500 2
1501 3
1502 5
1503 1
1504 20
1505 5
1506 11
1507 13
1508 34
1509 10
1510 10
1511 23
1512 6
1513 3
1514 15
1515 5
1516 8
1517 2
1518 20
1519 4
1520 17
1521 31
1522 13
1523 28
1524 9
1525 36
1526 1
1527 26
1528 10
1529 12
1530 7
1531 4
1532 2
1533 3
1534 1
1535 25
1536 12
1537 20
1538 3
1539 12
1540 6
1541 1
1542 3
1543 8
1544 3
1545 1
1546 2
1547 11
1548 4
1549 6
1550 0
1551 11
1552 7
1553 9
1554 9
1555 8
1556 7
1557 8
1558 3
1559 1
1560 7
1561 5
1562 49
1563 3
1564 7
1565 22
1566 11
1567 5
1568 1
1569 20
1570 3
1571 7
1572 33
1573 4
1574 8
1575 37
1576 3
1577 14
1578 3
1579 25
1580 8
1581 7
1582 4
1583 16
1584 24
1585 12
1586 4
1587 10
1588 9
1589 8
1590 61
1591 0
1592 47
1593 14
1594 19
1595 37
1596 39
1597 6
