1 0
2 0
3 8
4 13
5 14
6 25
7 0
8 0
9 17
10 0
11 0
12 2
13 2
14 15
15 4
16 5
17 17
18 19
19 6
20 1
21 0
22 1
23 3
24 14
25 5
26 4
27 5
28 0
29 1
30 1
31 26
32 6
33 0
34 5
35 12
36 7
37 23
38 2
39 9
40 8
41 11
42 1
43 6
44 2
45 9
46 6
47 1
48 2
49 3
50 3
51 14
52 3
53 0
54 12
55 0
56 11
57 2
58 7
59 9
60 8
61 28
62 13
63 1
64 1
65 12
66 4
67 0
68 0
69 2
70 4
71 1
72 49
73 12
74 8
75 61
76 17
77 16
78 11
79 7
80 15
81 31
82 5
83 20
84 9
85 3
86 4
87 4
88 2
89 3
90 1
91 14
92 12
93 8
94 4
95 8
96 11
97 9
98 9
99 3
100 6
101 1
102 6
103 14
104 0
105 0
106 2
107 1
108 3
109 18
110 0
111 1
112 13
113 6
114 6
115 8
116 9
117 21
118 18
119 12
120 12
121 6
122 1
123 9
124 15
125 3
126 12
127 0
128 15
129 6
130 7
131 3
132 9
133 5
134 4
135 2
136 3
137 0
138 9
139 0
140 0
141 1
142 0
143 0
144 4
145 6
146 2
147 2
148 10
149 4
150 0
151 18
152 1
153 0
154 0
155 0
156 0
157 1
158 11
159 12
160 4
161 0
162 0
163 5
164 0
165 7
166 27
167 0
168 7
169 29
170 5
171 2
172 7
173 0
174 1
175 11
176 5
177 3
178 2
179 14
180 16
181 6
182 5
183 4
184 4
185 2
186 1
187 1
188 26
189 0
190 3
191 14
192 3
193 2
194 0
195 3
196 4
197 0
198 2
199 3
200 0
201 1
202 0
203 0
204 0
205 3
206 13
207 0
208 7
209 5
210 4
211 1
212 0
213 0
214 9
215 2
216 0
217 12
218 2
219 10
220 3
221 4
222 4
223 7
224 0
225 2
226 1
227 2
228 3
229 0
230 0
231 5
232 10
233 15
234 0
235 0
236 8
237 12
238 0
239 9
240 8
241 3
242 0
243 7
244 0
245 2
246 11
247 0
248 5
249 4
250 10
251 10
252 0
253 7
254 2
255 0
256 10
257 3
258 13
259 6
260 3
261 2
262 0
263 6
264 0
265 5
266 0
267 12
268 1
269 0
270 0
271 8
272 0
273 0
274 0
275 19
276 0
277 2
278 9
279 9
280 1
281 5
282 2
283 7
284 5
285 17
286 2
287 8
288 0
289 0
290 7
291 7
292 5
293 15
294 6
295 0
296 5
297 0
298 3
299 5
300 3
301 1
302 19
303 26
304 0
305 0
306 1
307 26
308 16
309 16
310 0
311 8
312 7
313 26
314 28
315 8
316 7
317 1
318 17
319 5
320 7
321 11
322 3
323 34
324 6
325 2
326 0
327 10
328 2
329 0
330 0
331 0
332 4
333 14
334 1
335 8
336 0
337 24
338 15
339 4
340 3
341 4
342 3
343 11
344 10
345 1
346 14
347 6
348 0
349 6
350 3
351 4
352 2
353 1
354 5
355 2
356 1
357 1
358 1
359 3
360 3
361 13
362 4
363 0
364 7
365 6
366 3
367 1
368 2
369 0
370 17
371 5
372 0
373 0
374 5
375 2
376 0
377 11
378 13
379 8
380 10
381 13
382 0
383 15
384 1
385 9
386 9
387 56
388 5
389 4
390 0
391 29
392 9
393 2
394 9
395 40
396 5
397 10
398 7
399 0
400 6
401 7
402 17
403 2
404 5
405 17
406 11
407 0
408 1
409 0
410 9
411 18
412 0
413 20
414 2
415 9
416 4
417 1
418 37
419 25
420 7
421 11
422 25
423 0
424 13
425 11
426 0
427 8
428 8
429 0
430 15
431 6
432 23
433 14
434 0
435 5
436 3
437 0
438 0
439 22
440 15
441 4
442 12
443 2
444 0
445 2
446 7
447 1
448 15
449 4
450 2
451 3
452 9
453 3
454 26
455 15
456 1
457 6
458 1
459 5
460 9
461 2
462 25
463 39
464 8
465 2
466 16
467 1
468 13
469 3
470 8
471 3
472 1
473 11
474 28
475 5
476 12
477 0
478 7
479 0
480 1
481 5
482 10
483 0
484 6
485 5
486 1
487 0
488 0
489 0
490 0
491 6
492 2
493 2
494 3
495 0
496 14
497 0
498 7
499 27
500 1
501 3
502 1
503 7
504 0
505 1
506 2
507 9
508 8
509 3
510 0
511 0
512 0
513 41
514 20
515 7
516 0
517 5
518 0
519 9
520 15
521 0
522 5
523 3
524 6
525 2
526 0
527 0
528 0
529 0
530 5
531 0
532 12
533 7
534 3
535 1
536 6
537 7
538 1
539 2
540 6
541 44
542 0
543 10
544 18
545 4
546 0
547 10
548 0
549 22
550 12
551 4
552 1
553 16
554 5
555 11
556 21
557 36
558 19
559 20
560 5
561 79
562 27
563 10
564 1
565 3
566 17
567 4
568 4
569 3
570 0
571 9
572 12
573 10
574 7
575 9
576 2
577 0
578 7
579 9
580 4
581 0
582 4
583 8
584 28
585 12
586 10
587 5
588 8
589 4
590 1
591 11
592 10
593 2
594 0
595 7
596 3
597 12
598 2
599 10
600 0
601 1
602 0
603 5
604 8
605 10
606 3
607 71
608 5
609 15
610 5
611 18
612 2
613 1
614 1
615 9
616 2
617 8
618 1
619 1
620 0
621 4
622 2
623 34
624 11
625 0
626 0
627 17
628 2
629 11
630 17
631 11
632 51
633 23
634 4
635 2
636 0
637 6
638 20
639 0
640 0
641 32
642 10
643 16
644 5
645 18
646 2
647 7
648 3
649 9
650 1
651 17
652 0
653 1
654 3
655 6
656 1
657 3
658 11
659 1
660 2
661 2
662 21
663 4
664 2
665 7
666 10
667 19
668 6
669 12
670 3
671 6
672 2
673 1
674 11
675 3
676 1
677 16
678 4
679 4
680 17
681 10
682 0
683 2
684 6
685 1
686 24
687 3
688 1
689 5
690 0
691 9
692 39
693 13
694 7
695 1
696 11
697 11
698 21
699 5
700 1
701 6
702 1
703 4
704 12
705 2
706 6
707 5
708 6
709 0
710 28
711 27
712 0
713 3
714 5
715 10
716 11
717 2
718 0
719 5
720 0
721 0
722 1
723 2
724 0
725 1
726 10
727 1
728 12
729 9
730 61
731 2
732 8
733 21
734 5
735 3
736 3
737 6
738 12
739 0
740 4
741 0
742 18
743 4
744 5
745 1
746 0
747 16
748 3
749 3
750 10
751 8
752 2
753 1
754 11
755 7
756 13
757 0
758 7
759 1
760 2
761 6
762 2
763 4
764 6
765 1
766 9
767 5
768 7
769 0
770 1
771 8
772 7
773 9
774 3
775 10
776 1
777 6
778 8
779 8
780 3
781 0
782 3
783 0
784 16
785 0
786 14
787 3
788 10
789 6
790 0
791 3
792 0
793 13
794 7
795 0
796 3
797 9
798 10
799 0
800 0
801 0
802 12
803 3
804 9
805 6
806 6
807 4
808 0
809 1
810 0
811 26
812 7
813 1
814 44
815 22
816 0
817 2
818 6
819 2
820 18
821 1
822 11
823 0
824 4
825 1
826 6
827 5
828 0
829 8
830 5
831 11
832 20
833 35
834 0
835 8
836 27
837 13
838 4
839 6
840 0
841 4
842 1
843 3
844 8
845 1
846 12
847 19
848 9
849 2
850 11
851 21
852 0
853 1
854 5
855 9
856 26
857 1
858 3
859 0
860 1
861 7
862 0
863 9
864 0
865 7
866 0
867 14
868 14
869 2
870 5
871 3
872 6
873 3
874 5
875 2
876 1
877 2
878 4
879 7
880 2
881 4
882 0
883 0
884 7
885 14
886 5
887 6
888 3
889 0
890 1
891 2
892 1
893 15
894 12
895 3
896 8
897 1
898 3
899 12
900 4
901 14
902 4
903 2
904 3
905 1
906 0
907 4
908 5
909 0
910 0
911 3
912 4
913 13
914 15
915 13
916 14
917 8
918 0
919 29
920 1
921 6
922 4
923 2
924 16
925 8
926 2
927 5
928 6
929 8
930 1
931 4
932 3
933 11
934 11
935 18
936 13
937 0
938 6
939 20
940 0
941 3
942 15
943 2
944 0
945 0
946 1
947 13
948 1
949 5
950 3
951 10
952 6
953 2
954 0
955 2
956 19
957 22
958 14
959 21
960 18
961 3
962 0
963 5
964 1
965 12
966 9
967 2
968 0
969 0
970 18
971 19
972 9
973 23
974 9
975 2
976 4
977 13
978 23
979 5
980 0
981 0
982 1
983 6
984 7
985 10
986 5
987 0
988 12
989 0
990 9
991 10
992 13
993 0
994 7
995 9
996 2
997 1
998 4
999 3
1000 9
1001 13
1002 30
1003 2
1004 6
1005 1
1006 4
1007 1
1008 2
1009 12
1010 0
1011 0
1012 13
1013 1
1014 6
1015 12
1016 7
1017 0
1018 3
1019 2
1020 0
1021 4
1022 10
1023 0
1024 0
1025 1
1026 6
1027 1
1028 14
1029 1
1030 0
1031 9
1032 8
1033 2
1034 9
1035 15
1036 3
1037 0
1038 0
1039 0
1040 0
1041 0
1042 17
1043 2
1044 1
1045 9
1046 4
1047 0
1048 6
1049 3
1050 0
1051 9
1052 3
1053 5
1054 8
1055 0
1056 5
1057 0
1058 5
1059 13
1060 0
1061 4
1062 0
1063 0
1064 1
1065 0
1066 5
1067 2
1068 1
1069 2
1070 0
1071 29
1072 2
1073 0
1074 3
1075 4
1076 0
1077 1
1078 15
1079 0
1080 26
1081 5
1082 31
1083 6
1084 15
1085 1
1086 1
1087 5
1088 2
1089 3
1090 10
1091 3
1092 4
1093 39
1094 12
1095 0
1096 8
1097 8
1098 3
1099 2
1100 3
1101 5
1102 2
1103 9
1104 8
1105 11
1106 11
1107 8
1108 3
1109 5
1110 0
1111 1
1112 0
1113 1
1114 0
1115 9
1116 4
1117 1
1118 0
1119 0
1120 5
1121 1
1122 10
1123 1
1124 1
1125 1
1126 15
1127 5
1128 8
1129 6
1130 11
1131 32
1132 21
1133 39
1134 0
1135 1
1136 0
1137 0
1138 0
1139 0
1140 8
1141 2
1142 1
1143 0
1144 9
1145 4
1146 15
1147 1
1148 3
1149 3
1150 6
1151 8
1152 6
1153 0
1154 8
1155 9
1156 5
1157 7
1158 1
1159 20
1160 0
1161 2
1162 8
1163 13
1164 0
1165 39
1166 4
1167 3
1168 1
1169 7
1170 12
1171 9
1172 11
1173 7
1174 0
1175 0
1176 1
1177 20
1178 7
1179 9
1180 1
1181 2
1182 9
1183 2
1184 8
1185 3
1186 35
1187 14
1188 0
1189 4
1190 11
1191 2
1192 6
1193 6
1194 8
1195 0
1196 3
1197 7
1198 0
1199 2
1200 4
1201 12
1202 1
1203 0
1204 16
1205 4
1206 0
1207 1
1208 26
1209 4
1210 0
1211 25
1212 0
1213 0
1214 4
1215 11
1216 9
1217 18
1218 2
1219 18
1220 0
1221 1
1222 6
1223 3
1224 4
1225 4
1226 0
1227 2
1228 1
1229 3
1230 1
1231 20
1232 6
1233 16
1234 10
1235 3
1236 1
1237 0
1238 8
1239 20
1240 0
1241 6
1242 0
1243 7
1244 12
1245 1
1246 0
1247 16
1248 14
1249 1
1250 1
1251 2
1252 3
1253 2
1254 0
1255 3
1256 6
1257 9
1258 7
1259 9
1260 9
1261 4
1262 6
1263 5
1264 5
1265 13
1266 2
1267 15
1268 2
1269 0
1270 0
1271 1
1272 1
1273 1
1274 1
1275 3
1276 10
1277 10
1278 6
1279 0
1280 0
1281 2
1282 0
1283 2
1284 4
1285 0
1286 29
1287 0
1288 1
1289 0
1290 10
1291 1
1292 7
1293 2
1294 1
1295 21
1296 0
1297 11
1298 16
1299 0
1300 28
1301 0
1302 3
1303 11
1304 0
1305 0
1306 1
1307 7
1308 8
1309 10
1310 2
1311 2
1312 2
1313 1
1314 1
1315 5
1316 2
1317 0
1318 6
1319 4
1320 5
1321 5
1322 1
1323 6
1324 1
1325 1
1326 2
1327 1
1328 4
1329 2
1330 25
1331 0
1332 0
1333 2
1334 9
1335 10
1336 0
1337 2
1338 2
1339 7
1340 1
1341 2
1342 2
1343 0
1344 8
1345 6
1346 8
1347 0
1348 0
1349 13
1350 2
1351 0
1352 8
1353 6
1354 0
1355 7
1356 8
1357 5
1358 2
1359 10
1360 4
1361 0
1362 1
1363 1
1364 19
1365 9
1366 1
1367 2
1368 3
1369 0
1370 0
1371 1
1372 1
1373 0
1374 4
1375 6
1376 7
1377 4
1378 0
1379 19
1380 31
1381 27
1382 5
1383 4
1384 0
1385 0
1386 3
1387 0
1388 2
1389 0
1390 1
1391 0
1392 2
1393 6
1394 11
1395 19
1396 3
1397 20
1398 0
1399 0
1400 1
1401 0
1402 3
1403 2
1404 47
1405 13
1406 0
1407 8
1408 2
1409 29
1410 4
1411 2
1412 11
1413 1
1414 3
1415 5
1416 0
1417 0
1418 3
1419 2
1420 2
1421 0
1422 11
1423 14
1424 0
1425 9
1426 0
1427 5
1428 1
1429 1
1430 5
1431 2
1432 1
1433 0
1434 2
1435 9
1436 3
1437 9
1438 0
1439 7
1440 3
1441 1
1442 3
1443 28
1444 3
1445 0
1446 0
1447 11
1448 7
1449 8
1450 10
1451 2
1452 8
1453 9
1454 8
1455 7
1456 5
1457 0
1458 0
1459 3
1460 3
1461 0
1462 1
1463 0
1464 0
1465 5
1466 2
1467 4
1468 11
1469 1
1470 1
1471 12
1472 28
1473 3
1474 12
1475 6
1476 12
1477 3
1478 0
1479 6
1480 6
1481 5
1482 15
1483 4
1484 2
1485 3
1486 4
1487 38
1488 2
1489 1
1490 10
1491 5
1492 1
1493 0
1494 6
1495 22
1496 38
1497 0
1498 3
1499 1
1500 8
1501 10
1502 1
1503 0
1504 10
1505 5
1506 3
1507 20
1508 47
1509 2
1510 1
1511 5
1512 4
1513 1
1514 3
1515 12
1516 3
1517 0
1518 2
1519 5
1520 7
1521 25
1522 25
1523 29
1524 2
1525 9
1526 11
1527 2
1528 5
1529 2
1530 0
1531 0
1532 1
1533 0
1534 3
1535 65
1536 5
1537 31
1538 3
1539 4
1540 0
1541 0
1542 0
1543 2
1544 3
1545 1
1546 2
1547 3
1548 2
1549 19
1550 1
1551 3
1552 10
1553 1
1554 31
1555 7
1556 0
1557 1
1558 0
1559 0
1560 0
1561 1
1562 11
1563 3
1564 6
1565 2
1566 17
1567 0
1568 3
1569 12
1570 0
1571 8
1572 27
1573 5
1574 6
1575 2
1576 1
1577 6
1578 3
1579 11
1580 4
1581 7
1582 0
1583 4
1584 7
1585 11
1586 12
1587 5
1588 11
1589 2
1590 1
1591 1
1592 18
1593 7
1594 1
1595 11
1596 37
1597 7
